1.032761001586914062e+01
9.834828376770019531e+00
1.172821044921875000e+01
1.500347900390625000e+01
9.289026260375976562e+00
9.343754768371582031e+00
1.171514892578125000e+01
1.077645587921142578e+01
1.344269561767578125e+01
1.071128463745117188e+01
1.082761287689208984e+01
1.078240013122558594e+01
9.055386543273925781e+00
8.324218750000000000e+00
1.034721088409423828e+01
1.101049709320068359e+01
1.084131813049316406e+01
1.172169399261474609e+01
1.127862739562988281e+01
1.011252307891845703e+01
5.135362625122070312e+00
1.010231781005859375e+01
6.424194812774658203e+00
1.064190578460693359e+01
7.700790405273437500e+00
8.830550193786621094e+00
9.435770988464355469e+00
1.164337158203125000e+01
1.008613395690917969e+01
9.747259140014648438e+00
1.348796176910400391e+01
1.121619129180908203e+01
1.158746719360351562e+01
1.328678321838378906e+01
1.172468566894531250e+01
3.349221706390380859e+00
3.605318784713745117e+00
9.354978561401367188e+00
8.739989280700683594e+00
1.112362289428710938e+01
1.045791435241699219e+01
1.153210067749023438e+01
4.582728862762451172e+00
1.251542377471923828e+01
1.129430580139160156e+01
9.344349861145019531e+00
1.004431819915771484e+01
1.293789291381835938e+01
1.025372886657714844e+01
1.166827964782714844e+01
8.323243141174316406e+00
9.743376731872558594e+00
1.044147777557373047e+01
8.434151649475097656e+00
1.093703174591064453e+01
8.891710281372070312e+00
1.076949501037597656e+01
1.390707492828369141e+01
7.653383255004882812e+00
9.269771575927734375e+00
1.085032463073730469e+01
1.029706287384033203e+01
1.029811382293701172e+01
2.918753862380981445e+00
9.118631362915039062e+00
1.163735771179199219e+01
9.964193344116210938e+00
1.106374549865722656e+01
9.903631210327148438e+00
1.271191596984863281e+01
1.121490764617919922e+01
1.133964157104492188e+01
8.962863922119140625e+00
1.265033149719238281e+01
7.878617763519287109e+00
8.579252243041992188e+00
1.094445991516113281e+01
1.252560424804687500e+01
1.081961345672607422e+01
3.773519039154052734e+00
1.203887367248535156e+01
9.799948692321777344e+00
8.872026443481445312e+00
1.063544464111328125e+01
1.161868953704833984e+01
1.053499507904052734e+01
1.439167213439941406e+01
1.146332931518554688e+01
1.034402179718017578e+01
1.113013553619384766e+01
1.000008296966552734e+01
1.412689208984375000e+01
1.301124477386474609e+01
8.925373077392578125e+00
1.021521949768066406e+01
1.301593589782714844e+01
1.082758712768554688e+01
1.374604701995849609e+01
1.445205020904541016e+01
1.113589668273925781e+01
1.390205574035644531e+01
7.890265941619873047e+00
1.360241603851318359e+01
1.377244472503662109e+01
8.853081703186035156e+00
8.723056793212890625e+00
5.408757686614990234e+00
3.923819065093994141e+00
1.041053199768066406e+01
9.096392631530761719e+00
1.129309654235839844e+01
1.021021366119384766e+01
1.290675258636474609e+01
7.824283123016357422e+00
3.860042810440063477e+00
1.532721233367919922e+01
1.265485095977783203e+01
1.016025447845458984e+01
1.051193523406982422e+01
1.387484645843505859e+01
1.456446361541748047e+01
1.229363441467285156e+01
1.249796295166015625e+01
1.065255069732666016e+01
1.048657989501953125e+01
1.456359958648681641e+01
4.141391754150390625e+00
1.008931446075439453e+01
1.133307552337646484e+01
1.073698234558105469e+01
1.025803756713867188e+01
1.378105545043945312e+01
1.510095214843750000e+01
8.528314590454101562e+00
8.680262565612792969e+00
9.951371192932128906e+00
4.625236988067626953e+00
3.404436588287353516e+00
1.213738346099853516e+01
1.208155059814453125e+01
7.870681285858154297e+00
3.759776115417480469e+00
8.020484924316406250e+00
9.791760444641113281e+00
1.026776313781738281e+01
8.925348281860351562e+00
1.047744464874267578e+01
1.021744632720947266e+01
1.337000083923339844e+01
3.335381269454956055e+00
9.691674232482910156e+00
1.183466529846191406e+01
1.242846107482910156e+01
1.538511085510253906e+01
1.335337448120117188e+01
9.420052528381347656e+00
9.558886528015136719e+00
1.107114124298095703e+01
1.059697246551513672e+01
9.935723304748535156e+00
1.095468997955322266e+01
9.533943176269531250e+00
7.054102897644042969e+00
1.025601387023925781e+01
9.731832504272460938e+00
8.590172767639160156e+00
1.104708671569824219e+01
1.459784793853759766e+01
1.237407302856445312e+01
3.586038112640380859e+00
7.990075111389160156e+00
8.336576461791992188e+00
9.174620628356933594e+00
1.360802650451660156e+01
1.027074337005615234e+01
1.115564060211181641e+01
1.175759029388427734e+01
1.154113864898681641e+01
1.162069034576416016e+01
1.128498554229736328e+01
1.097663307189941406e+01
8.290137290954589844e+00
1.298865413665771484e+01
1.430881786346435547e+01
1.358992195129394531e+01
4.542726993560791016e+00
8.709856033325195312e+00
9.274082183837890625e+00
1.218644905090332031e+01
1.307437992095947266e+01
1.226210308074951172e+01
8.457880973815917969e+00
1.173083496093750000e+01
8.574350357055664062e+00
1.528454113006591797e+01
1.164215564727783203e+01
8.885471343994140625e+00
9.456147193908691406e+00
1.283380126953125000e+01
7.372306823730468750e+00
1.047229480743408203e+01
1.272497463226318359e+01
1.575027751922607422e+01
7.744004726409912109e+00
9.906816482543945312e+00
1.479344367980957031e+01
8.764602661132812500e+00
7.242006301879882812e+00
1.065271377563476562e+01
1.146454524993896484e+01
8.900395393371582031e+00
1.285283660888671875e+01
8.821700096130371094e+00
8.873001098632812500e+00
1.132131290435791016e+01
9.146655082702636719e+00
3.832245349884033203e+00
3.761354684829711914e+00
1.255686855316162109e+01
1.298541831970214844e+01
1.106214904785156250e+01
1.009608078002929688e+01
1.252529621124267578e+01
1.033824920654296875e+01
9.948935508728027344e+00
7.909363746643066406e+00
1.024220657348632812e+01
1.045565795898437500e+01
9.635708808898925781e+00
1.034121799468994141e+01
1.433852481842041016e+01
1.035300350189208984e+01
1.066570091247558594e+01
1.072828769683837891e+01
1.248782348632812500e+01
7.720866203308105469e+00
3.072578430175781250e+00
1.203433799743652344e+01
5.093620777130126953e+00
9.272559165954589844e+00
8.556941986083984375e+00
1.158022403717041016e+01
8.521860122680664062e+00
1.323180007934570312e+01
6.275734901428222656e+00
8.302426338195800781e+00
4.747230052947998047e+00
1.014274692535400391e+01
1.490333652496337891e+01
1.121185207366943359e+01
