7.048171043395996094e+00
1.274190998077392578e+01
1.147732448577880859e+01
1.384510993957519531e+01
9.047751426696777344e+00
1.276279926300048828e+01
9.083852767944335938e+00
1.311038112640380859e+01
3.670437335968017578e+00
8.069696426391601562e+00
6.901760578155517578e+00
8.265282630920410156e+00
8.973035812377929688e+00
7.171158313751220703e+00
1.250157451629638672e+01
8.463297843933105469e+00
9.491294860839843750e+00
9.501167297363281250e+00
8.847712516784667969e+00
1.114588737487792969e+01
9.953542709350585938e+00
1.371397399902343750e+01
8.328237533569335938e+00
1.183905220031738281e+01
1.103948879241943359e+01
1.186641025543212891e+01
1.027157878875732422e+01
4.216968536376953125e+00
1.061820602416992188e+01
6.711558341979980469e+00
5.500366210937500000e+00
8.355989456176757812e+00
1.059997844696044922e+01
8.486361503601074219e+00
1.034682750701904297e+01
1.479471778869628906e+01
7.925760746002197266e+00
6.822046279907226562e+00
9.138920783996582031e+00
8.788878440856933594e+00
1.275588321685791016e+01
7.103211402893066406e+00
1.123383522033691406e+01
8.941895484924316406e+00
1.060641002655029297e+01
8.999643325805664062e+00
1.182798480987548828e+01
9.371246337890625000e+00
1.332549667358398438e+01
9.590774536132812500e+00
1.437866973876953125e+01
1.448851394653320312e+01
1.019487762451171875e+01
9.830508232116699219e+00
1.023670101165771484e+01
1.099865150451660156e+01
8.023092269897460938e+00
3.897952556610107422e+00
1.650528335571289062e+01
9.605300903320312500e+00
9.501379966735839844e+00
4.079924106597900391e+00
1.309882164001464844e+01
8.392182350158691406e+00
1.228576087951660156e+01
1.018298816680908203e+01
9.503914833068847656e+00
1.199722671508789062e+01
1.164164161682128906e+01
3.390531301498413086e+00
9.722846031188964844e+00
9.041531562805175781e+00
3.714195251464843750e+00
9.295034408569335938e+00
7.129511356353759766e+00
7.489276409149169922e+00
1.094470977783203125e+01
8.743410110473632812e+00
9.580102920532226562e+00
1.315351486206054688e+01
1.662324333190917969e+01
9.383985519409179688e+00
1.053990364074707031e+01
8.865958213806152344e+00
1.271248435974121094e+01
1.169733047485351562e+01
1.023078536987304688e+01
9.166466712951660156e+00
1.425491619110107422e+01
1.227398109436035156e+01
1.170914649963378906e+01
1.192258167266845703e+01
8.292177200317382812e+00
8.492723464965820312e+00
8.550163269042968750e+00
1.010977935791015625e+01
8.334159851074218750e+00
1.140627574920654297e+01
1.239386749267578125e+01
4.998244762420654297e+00
4.480395317077636719e+00
1.370829200744628906e+01
1.096936130523681641e+01
9.974987983703613281e+00
8.560021400451660156e+00
1.328215312957763672e+01
8.248516082763671875e+00
1.050121116638183594e+01
1.195708084106445312e+01
1.122661590576171875e+01
1.144166946411132812e+01
1.004769515991210938e+01
1.657820510864257812e+01
1.323460578918457031e+01
1.070050907135009766e+01
1.117697715759277344e+01
1.157541656494140625e+01
4.445322513580322266e+00
5.505787849426269531e+00
1.395771980285644531e+01
1.035488414764404297e+01
1.221174240112304688e+01
3.711842775344848633e+00
1.372927093505859375e+01
1.334077739715576172e+01
1.085523414611816406e+01
1.085797119140625000e+01
9.428129196166992188e+00
8.592682838439941406e+00
1.112016677856445312e+01
1.112849712371826172e+01
1.202259063720703125e+01
3.523821115493774414e+00
8.845185279846191406e+00
9.730628013610839844e+00
9.340231895446777344e+00
1.053153800964355469e+01
7.056583404541015625e+00
4.656168460845947266e+00
1.469711494445800781e+01
1.200317764282226562e+01
1.274764156341552734e+01
1.365796279907226562e+01
1.051264572143554688e+01
1.004746627807617188e+01
1.315662860870361328e+01
1.298526763916015625e+01
7.797009468078613281e+00
1.347229766845703125e+01
1.230494976043701172e+01
1.148265838623046875e+01
1.338888549804687500e+01
1.057770252227783203e+01
1.036712455749511719e+01
9.799880027770996094e+00
1.162718296051025391e+01
4.049543380737304688e+00
1.112324428558349609e+01
1.200549983978271484e+01
1.128728485107421875e+01
1.465414619445800781e+01
7.049528121948242188e+00
9.002141952514648438e+00
1.165979671478271484e+01
1.273210525512695312e+01
1.134716510772705078e+01
5.200709819793701172e+00
1.023794078826904297e+01
1.336497974395751953e+01
1.175185489654541016e+01
1.027060890197753906e+01
1.013663291931152344e+01
1.050255298614501953e+01
1.211440563201904297e+01
1.241085910797119141e+01
9.927717208862304688e+00
7.645115852355957031e+00
8.013602256774902344e+00
9.919600486755371094e+00
1.052621173858642578e+01
9.334009170532226562e+00
1.220453929901123047e+01
1.273360347747802734e+01
1.417194652557373047e+01
1.075949764251708984e+01
1.270960998535156250e+01
1.160288047790527344e+01
1.129591560363769531e+01
1.545327663421630859e+01
1.306848621368408203e+01
1.139355754852294922e+01
1.190449047088623047e+01
1.178324413299560547e+01
1.114720916748046875e+01
1.197837352752685547e+01
1.072161388397216797e+01
1.150859642028808594e+01
1.052116775512695312e+01
1.030295181274414062e+01
1.151326656341552734e+01
1.219073867797851562e+01
1.140899848937988281e+01
1.070739936828613281e+01
1.241963672637939453e+01
1.238897609710693359e+01
1.044221591949462891e+01
1.177313709259033203e+01
9.675856590270996094e+00
1.029731082916259766e+01
1.376488208770751953e+01
7.388327121734619141e+00
4.711695671081542969e+00
1.210510730743408203e+01
5.851390838623046875e+00
9.026367187500000000e+00
4.485273838043212891e+00
1.034996700286865234e+01
5.915452003479003906e+00
1.290812683105468750e+01
8.440370559692382812e+00
1.043939208984375000e+01
1.462124919891357422e+01
1.141153812408447266e+01
9.947676658630371094e+00
1.112631893157958984e+01
1.342124462127685547e+01
1.212670421600341797e+01
8.049664497375488281e+00
1.063599681854248047e+01
1.062534618377685547e+01
1.320159912109375000e+01
1.084583663940429688e+01
1.029720020294189453e+01
1.161181068420410156e+01
4.890659809112548828e+00
1.064656162261962891e+01
1.213331127166748047e+01
1.212495994567871094e+01
9.401177406311035156e+00
9.463654518127441406e+00
4.275337219238281250e+00
6.941690444946289062e+00
8.075747489929199219e+00
9.469388961791992188e+00
1.056748294830322266e+01
1.046726226806640625e+01
9.405798912048339844e+00
8.544295310974121094e+00
1.129979991912841797e+01
1.093179702758789062e+01
