8.676524162292480469e+00
1.256530761718750000e+01
9.039327621459960938e+00
8.875570297241210938e+00
1.017753982543945312e+01
1.230491352081298828e+01
7.433713912963867188e+00
8.061078071594238281e+00
9.392401695251464844e+00
1.268822669982910156e+01
1.111317253112792969e+01
1.265275287628173828e+01
1.030278968811035156e+01
8.407382011413574219e+00
1.161082649230957031e+01
8.415210723876953125e+00
9.672534942626953125e+00
9.879832267761230469e+00
1.395908164978027344e+01
1.190222454071044922e+01
8.817011833190917969e+00
4.232715129852294922e+00
1.387103366851806641e+01
7.319252967834472656e+00
1.006624412536621094e+01
6.826323986053466797e+00
1.343004894256591797e+01
4.271119117736816406e+00
5.003153324127197266e+00
1.339496898651123047e+01
9.394081115722656250e+00
1.216873455047607422e+01
9.951840400695800781e+00
1.146132755279541016e+01
1.497005081176757812e+01
8.588815689086914062e+00
1.193495941162109375e+01
1.222622299194335938e+01
1.342181110382080078e+01
1.108080196380615234e+01
9.512661933898925781e+00
1.273770046234130859e+01
1.043608665466308594e+01
9.243556022644042969e+00
4.112489700317382812e+00
1.103685760498046875e+01
9.127224922180175781e+00
7.294438362121582031e+00
4.256280899047851562e+00
1.116144275665283203e+01
1.224530982971191406e+01
1.133429431915283203e+01
9.510763168334960938e+00
8.014753341674804688e+00
9.616338729858398438e+00
7.752202510833740234e+00
1.117805290222167969e+01
9.571224212646484375e+00
1.465981864929199219e+01
1.230273342132568359e+01
1.053227329254150391e+01
1.244564056396484375e+01
1.018623733520507812e+01
1.174817562103271484e+01
7.248543739318847656e+00
1.065240955352783203e+01
1.203967857360839844e+01
8.364197731018066406e+00
1.190184116363525391e+01
8.656151771545410156e+00
6.983405113220214844e+00
1.134779739379882812e+01
1.045275115966796875e+01
1.212014865875244141e+01
1.065162181854248047e+01
8.623805999755859375e+00
9.200217247009277344e+00
1.032912254333496094e+01
1.025370121002197266e+01
5.079453468322753906e+00
1.079349994659423828e+01
1.022728538513183594e+01
9.678870201110839844e+00
1.102140808105468750e+01
1.235973453521728516e+01
7.069812774658203125e+00
1.410483932495117188e+01
1.106534385681152344e+01
1.039813899993896484e+01
1.053178024291992188e+01
1.124140739440917969e+01
9.141055107116699219e+00
1.199860095977783203e+01
1.032747650146484375e+01
9.807836532592773438e+00
1.299358844757080078e+01
9.875307083129882812e+00
5.522911071777343750e+00
1.302595996856689453e+01
1.094373130798339844e+01
1.163808250427246094e+01
5.087095260620117188e+00
1.031876182556152344e+01
1.003649806976318359e+01
1.066552448272705078e+01
7.935677528381347656e+00
9.538257598876953125e+00
3.760250806808471680e+00
1.041296958923339844e+01
1.033820724487304688e+01
8.929207801818847656e+00
1.071592235565185547e+01
9.677268028259277344e+00
1.005432033538818359e+01
1.116041564941406250e+01
1.025194072723388672e+01
1.441310596466064453e+01
8.269124984741210938e+00
1.550724029541015625e+01
8.100719451904296875e+00
1.041393470764160156e+01
9.543094635009765625e+00
1.198031139373779297e+01
1.011944675445556641e+01
1.086844921112060547e+01
9.515827178955078125e+00
1.156963443756103516e+01
3.649014949798583984e+00
9.483912467956542969e+00
1.151338577270507812e+01
9.463762283325195312e+00
9.067402839660644531e+00
8.613207817077636719e+00
1.176628208160400391e+01
1.213782978057861328e+01
9.536464691162109375e+00
8.404037475585937500e+00
8.849409103393554688e+00
1.005105686187744141e+01
7.373466968536376953e+00
4.465590953826904297e+00
1.055865955352783203e+01
1.262335109710693359e+01
7.454133033752441406e+00
1.020509719848632812e+01
1.175002574920654297e+01
1.072442531585693359e+01
4.364281177520751953e+00
1.149067783355712891e+01
1.149968051910400391e+01
1.151749992370605469e+01
1.229990768432617188e+01
1.279010486602783203e+01
9.473831176757812500e+00
4.595175266265869141e+00
7.752023696899414062e+00
8.013848304748535156e+00
9.923031806945800781e+00
3.695266485214233398e+00
7.673142433166503906e+00
1.287048530578613281e+01
1.179927444458007812e+01
1.286003589630126953e+01
9.107699394226074219e+00
1.039637088775634766e+01
3.706726551055908203e+00
1.315237140655517578e+01
8.717177391052246094e+00
9.180511474609375000e+00
7.888991355895996094e+00
1.135475349426269531e+01
8.350675582885742188e+00
1.159005832672119141e+01
6.897351741790771484e+00
1.477184200286865234e+01
1.060272979736328125e+01
6.865586280822753906e+00
1.141613292694091797e+01
1.089406490325927734e+01
1.230434989929199219e+01
3.641083002090454102e+00
4.739014148712158203e+00
1.487489318847656250e+01
1.106166839599609375e+01
9.116907119750976562e+00
1.183446025848388672e+01
7.066841125488281250e+00
6.534656047821044922e+00
1.401887416839599609e+01
9.198158264160156250e+00
1.231409835815429688e+01
9.944627761840820312e+00
9.334978103637695312e+00
9.232119560241699219e+00
8.697145462036132812e+00
8.793961524963378906e+00
4.143530368804931641e+00
4.058677673339843750e+00
1.053207397460937500e+01
3.888906955718994141e+00
4.019192695617675781e+00
1.031687068939208984e+01
1.440460109710693359e+01
4.444215297698974609e+00
9.933357238769531250e+00
7.992876529693603516e+00
9.441645622253417969e+00
8.733530044555664062e+00
8.978833198547363281e+00
9.323329925537109375e+00
3.837595224380493164e+00
1.242908954620361328e+01
1.010347461700439453e+01
8.871094703674316406e+00
1.032828330993652344e+01
1.221133422851562500e+01
4.937452793121337891e+00
4.490522861480712891e+00
1.060932064056396484e+01
8.106009483337402344e+00
7.845917224884033203e+00
1.231166839599609375e+01
1.212797546386718750e+01
9.813457489013671875e+00
1.410165977478027344e+01
9.551327705383300781e+00
1.032559394836425781e+01
1.037466621398925781e+01
7.593112945556640625e+00
1.020020675659179688e+01
7.050090789794921875e+00
9.814888954162597656e+00
1.041412353515625000e+01
7.621709823608398438e+00
4.597088813781738281e+00
1.126285743713378906e+01
8.109186172485351562e+00
1.003954982757568359e+01
8.117833137512207031e+00
7.687018871307373047e+00
1.173480892181396484e+01
8.730683326721191406e+00
1.047901916503906250e+01
7.915595054626464844e+00
1.066055488586425781e+01
1.068941116333007812e+01
7.542929172515869141e+00
6.805385112762451172e+00
9.747571945190429688e+00
9.205103874206542969e+00
