1.446456241607666016e+01
3.491658687591552734e+00
1.190952491760253906e+01
1.036609745025634766e+01
6.447931766510009766e+00
1.047869682312011719e+01
3.915446519851684570e+00
1.112441158294677734e+01
1.505578613281250000e+01
1.337889289855957031e+01
1.298557186126708984e+01
1.128419780731201172e+01
1.235425758361816406e+01
8.807777404785156250e+00
9.088324546813964844e+00
1.137783908843994141e+01
1.134620666503906250e+01
4.085197925567626953e+00
7.119663238525390625e+00
1.510807800292968750e+01
9.834813117980957031e+00
1.333639430999755859e+01
1.002865886688232422e+01
1.050165081024169922e+01
1.112757205963134766e+01
4.640420913696289062e+00
3.665330648422241211e+00
1.355922603607177734e+01
9.857263565063476562e+00
1.070468235015869141e+01
1.074752235412597656e+01
1.171447658538818359e+01
1.098685741424560547e+01
9.745447158813476562e+00
1.425758266448974609e+01
1.283585453033447266e+01
1.315691566467285156e+01
1.162500000000000000e+01
1.510088729858398438e+01
1.066816043853759766e+01
1.004322528839111328e+01
6.675505161285400391e+00
1.041563892364501953e+01
1.293536472320556641e+01
9.759352684020996094e+00
1.549707317352294922e+01
1.082781982421875000e+01
8.236000061035156250e+00
9.709946632385253906e+00
1.239333343505859375e+01
1.119952774047851562e+01
8.761416435241699219e+00
3.528426885604858398e+00
1.091372776031494141e+01
3.349946975708007812e+00
1.022216606140136719e+01
1.030952548980712891e+01
8.454316139221191406e+00
1.004040431976318359e+01
1.156514930725097656e+01
8.351254463195800781e+00
1.071875667572021484e+01
1.366519069671630859e+01
1.221062946319580078e+01
9.477366447448730469e+00
1.192849636077880859e+01
7.975333213806152344e+00
1.238333034515380859e+01
9.826165199279785156e+00
1.195840454101562500e+01
1.384322834014892578e+01
7.146583080291748047e+00
1.083487701416015625e+01
7.810056209564208984e+00
1.061731052398681641e+01
1.302313232421875000e+01
6.104691982269287109e+00
9.458218574523925781e+00
8.905336380004882812e+00
1.395642185211181641e+01
1.087121295928955078e+01
1.043420791625976562e+01
1.144682979583740234e+01
1.265807914733886719e+01
3.167287588119506836e+00
4.967678546905517578e+00
9.492781639099121094e+00
1.109166812896728516e+01
1.502061939239501953e+01
1.327425384521484375e+01
9.530737876892089844e+00
9.777567863464355469e+00
3.843969583511352539e+00
1.304064846038818359e+01
1.471763610839843750e+01
1.136080551147460938e+01
1.097903060913085938e+01
4.873650074005126953e+00
1.527012825012207031e+01
8.491652488708496094e+00
1.084518718719482422e+01
7.690022945404052734e+00
1.015590286254882812e+01
7.762784481048583984e+00
1.074141597747802734e+01
9.465220451354980469e+00
1.604147338867187500e+01
1.035945415496826172e+01
1.072102928161621094e+01
1.090753459930419922e+01
5.592091083526611328e+00
9.707725524902343750e+00
9.948239326477050781e+00
9.450531959533691406e+00
1.120066738128662109e+01
1.022915649414062500e+01
1.476764869689941406e+01
1.124451541900634766e+01
1.566448307037353516e+01
1.100074291229248047e+01
1.250853347778320312e+01
1.231402015686035156e+01
3.744274616241455078e+00
1.295671939849853516e+01
1.193251228332519531e+01
1.344981384277343750e+01
8.190102577209472656e+00
1.381561183929443359e+01
1.371477699279785156e+01
1.097363948822021484e+01
1.013447666168212891e+01
9.999920845031738281e+00
7.163146495819091797e+00
1.031836986541748047e+01
1.172668266296386719e+01
5.199675083160400391e+00
1.101722145080566406e+01
1.168731307983398438e+01
1.164782142639160156e+01
9.975666046142578125e+00
8.534425735473632812e+00
1.220306587219238281e+01
7.589924335479736328e+00
1.128898811340332031e+01
1.085559940338134766e+01
1.053826999664306641e+01
1.021490001678466797e+01
1.052027034759521484e+01
9.955597877502441406e+00
9.492023468017578125e+00
1.334950160980224609e+01
9.460134506225585938e+00
1.028052234649658203e+01
1.113258743286132812e+01
1.176703262329101562e+01
1.416624832153320312e+01
1.289037227630615234e+01
4.515522480010986328e+00
1.121271896362304688e+01
9.517090797424316406e+00
1.053828430175781250e+01
9.899944305419921875e+00
1.536876487731933594e+01
9.757338523864746094e+00
1.161154460906982422e+01
9.858109474182128906e+00
3.972996234893798828e+00
4.312070846557617188e+00
1.050840854644775391e+01
1.062772274017333984e+01
8.852508544921875000e+00
1.143868255615234375e+01
7.093041419982910156e+00
1.159483623504638672e+01
1.095490837097167969e+01
1.150983333587646484e+01
1.271321296691894531e+01
1.177274131774902344e+01
1.179676723480224609e+01
7.957205772399902344e+00
9.698926925659179688e+00
1.160510635375976562e+01
1.419729518890380859e+01
6.107805252075195312e+00
3.354543685913085938e+00
1.310981941223144531e+01
1.026819419860839844e+01
6.175513267517089844e+00
1.136495494842529297e+01
1.301081466674804688e+01
1.189195728302001953e+01
1.434314727783203125e+01
1.073911380767822266e+01
1.070998096466064453e+01
8.384097099304199219e+00
5.363535881042480469e+00
1.116502189636230469e+01
1.235144233703613281e+01
1.332812213897705078e+01
1.196507740020751953e+01
1.328654098510742188e+01
1.010012435913085938e+01
5.123922348022460938e+00
1.340181446075439453e+01
1.149609947204589844e+01
9.145545005798339844e+00
9.168234825134277344e+00
1.110580730438232422e+01
1.183604049682617188e+01
9.536636352539062500e+00
1.183976364135742188e+01
3.301439285278320312e+00
7.362500667572021484e+00
1.299269771575927734e+01
1.308302879333496094e+01
1.105238914489746094e+01
1.243424510955810547e+01
1.132435321807861328e+01
3.913340330123901367e+00
1.241368198394775391e+01
3.355827093124389648e+00
1.010112094879150391e+01
1.260371494293212891e+01
1.016791915893554688e+01
9.523077011108398438e+00
1.331418704986572266e+01
1.589386653900146484e+01
7.886667251586914062e+00
1.117730140686035156e+01
7.827336788177490234e+00
1.044575786590576172e+01
3.886786937713623047e+00
1.361437129974365234e+01
1.362983512878417969e+01
1.032077884674072266e+01
1.044639682769775391e+01
1.174156856536865234e+01
8.755615234375000000e+00
9.162030220031738281e+00
1.209870147705078125e+01
8.558649063110351562e+00
9.626287460327148438e+00
1.103314781188964844e+01
1.229030132293701172e+01
1.009691715240478516e+01
1.396948814392089844e+01
4.986021518707275391e+00
8.561301231384277344e+00
8.722587585449218750e+00
3.607536315917968750e+00
