6.773683547973632812e+00
9.537090301513671875e+00
1.161565303802490234e+01
8.520704269409179688e+00
9.114535331726074219e+00
1.030331325531005859e+01
1.040712261199951172e+01
1.047719287872314453e+01
9.347848892211914062e+00
1.259837341308593750e+01
1.088315200805664062e+01
8.472422599792480469e+00
1.112297058105468750e+01
9.256802558898925781e+00
1.215551662445068359e+01
7.638317584991455078e+00
1.080743598937988281e+01
8.024453163146972656e+00
1.123814868927001953e+01
1.215583038330078125e+01
9.865981101989746094e+00
1.061886024475097656e+01
1.178466224670410156e+01
3.972671031951904297e+00
7.720030307769775391e+00
9.989346504211425781e+00
8.076558113098144531e+00
8.829701423645019531e+00
9.832140922546386719e+00
7.158545970916748047e+00
1.501946067810058594e+01
1.021619510650634766e+01
1.031936073303222656e+01
1.125820541381835938e+01
1.383561038970947266e+01
1.069264221191406250e+01
1.336302280426025391e+01
1.099883365631103516e+01
8.905542373657226562e+00
8.757251739501953125e+00
1.121427631378173828e+01
8.153521537780761719e+00
1.056849098205566406e+01
8.242842674255371094e+00
1.185846614837646484e+01
1.093673610687255859e+01
1.209253501892089844e+01
9.702201843261718750e+00
1.519793796539306641e+01
9.775837898254394531e+00
1.111852359771728516e+01
3.932478904724121094e+00
1.070158576965332031e+01
1.254752635955810547e+01
4.270960807800292969e+00
9.972211837768554688e+00
1.421666431427001953e+01
9.405360221862792969e+00
5.321405410766601562e+00
1.349860000610351562e+01
4.111173629760742188e+00
9.878910064697265625e+00
1.226940155029296875e+01
7.740071773529052734e+00
3.544698953628540039e+00
9.668549537658691406e+00
1.442135620117187500e+01
7.428084850311279297e+00
1.024353694915771484e+01
9.657920837402343750e+00
1.030747318267822266e+01
3.813813924789428711e+00
1.067942714691162109e+01
1.121066093444824219e+01
9.847726821899414062e+00
1.062781047821044922e+01
3.895971536636352539e+00
1.031964683532714844e+01
9.388045310974121094e+00
1.179388809204101562e+01
9.030752182006835938e+00
8.879470825195312500e+00
1.027458190917968750e+01
7.000758647918701172e+00
9.427556037902832031e+00
9.826803207397460938e+00
1.071807384490966797e+01
8.687048912048339844e+00
7.902940750122070312e+00
9.469490051269531250e+00
1.087912082672119141e+01
4.256916522979736328e+00
9.748366355895996094e+00
1.057951736450195312e+01
1.208372116088867188e+01
1.295000076293945312e+01
8.393333435058593750e+00
9.584968566894531250e+00
4.201579570770263672e+00
7.696115970611572266e+00
1.252285289764404297e+01
3.085584163665771484e+00
1.126949691772460938e+01
8.931050300598144531e+00
9.810669898986816406e+00
1.198050498962402344e+01
1.186441993713378906e+01
1.092553710937500000e+01
1.335194110870361328e+01
7.496127128601074219e+00
1.118691539764404297e+01
3.303963184356689453e+00
9.445788383483886719e+00
1.297628307342529297e+01
9.174982070922851562e+00
9.238689422607421875e+00
1.194222640991210938e+01
1.182408428192138672e+01
1.149285125732421875e+01
8.944946289062500000e+00
1.221650600433349609e+01
3.329455852508544922e+00
9.797140121459960938e+00
1.194155406951904297e+01
1.141450023651123047e+01
3.109890460968017578e+00
1.255720329284667969e+01
1.301634979248046875e+01
1.335822391510009766e+01
1.255689239501953125e+01
1.198182964324951172e+01
8.810169219970703125e+00
1.343041896820068359e+01
3.701404094696044922e+00
1.030124664306640625e+01
1.145962905883789062e+01
1.021537876129150391e+01
9.353594779968261719e+00
1.271869182586669922e+01
1.103668975830078125e+01
1.375763034820556641e+01
1.126631069183349609e+01
7.453824043273925781e+00
8.793419837951660156e+00
4.002029418945312500e+00
6.272470474243164062e+00
9.429036140441894531e+00
1.000016021728515625e+01
1.221715831756591797e+01
1.008950614929199219e+01
1.114966964721679688e+01
9.724943161010742188e+00
1.046902942657470703e+01
1.191338443756103516e+01
1.099039077758789062e+01
4.156633377075195312e+00
1.071271133422851562e+01
1.265020751953125000e+01
1.436583995819091797e+01
3.612128734588623047e+00
1.080923557281494141e+01
7.525886058807373047e+00
1.015939998626708984e+01
1.056489753723144531e+01
1.120530223846435547e+01
8.687023162841796875e+00
9.692646026611328125e+00
1.188514328002929688e+01
6.336725711822509766e+00
1.041626834869384766e+01
1.170392990112304688e+01
9.201383590698242188e+00
7.486553192138671875e+00
8.601819038391113281e+00
1.089529800415039062e+01
3.220159292221069336e+00
1.304265308380126953e+01
3.437648057937622070e+00
1.057171726226806641e+01
8.653617858886718750e+00
1.054255962371826172e+01
8.419062614440917969e+00
1.033590984344482422e+01
1.123309230804443359e+01
1.219234085083007812e+01
8.600575447082519531e+00
3.330610275268554688e+00
9.536578178405761719e+00
8.235959053039550781e+00
8.463973045349121094e+00
9.484348297119140625e+00
1.106152725219726562e+01
9.532184600830078125e+00
1.125490474700927734e+01
9.916434288024902344e+00
9.741536140441894531e+00
1.011307430267333984e+01
8.983415603637695312e+00
6.137574195861816406e+00
8.564788818359375000e+00
8.842201232910156250e+00
1.119125843048095703e+01
1.061013317108154297e+01
8.756699562072753906e+00
1.045410442352294922e+01
1.164577007293701172e+01
8.831118583679199219e+00
1.182177257537841797e+01
9.704047203063964844e+00
1.173102569580078125e+01
9.403728485107421875e+00
1.144298744201660156e+01
1.117543792724609375e+01
9.942341804504394531e+00
1.259053230285644531e+01
1.029051303863525391e+01
1.151434516906738281e+01
3.443592548370361328e+00
3.670127391815185547e+00
1.075304698944091797e+01
1.260785961151123047e+01
3.528601169586181641e+00
1.056270503997802734e+01
1.367056560516357422e+01
1.070779323577880859e+01
1.367316341400146484e+01
8.848949432373046875e+00
9.082668304443359375e+00
8.226269721984863281e+00
1.152443885803222656e+01
9.996978759765625000e+00
6.987667560577392578e+00
1.088568401336669922e+01
8.204195022583007812e+00
6.024652481079101562e+00
1.349038124084472656e+01
1.097619819641113281e+01
1.293019962310791016e+01
1.065049552917480469e+01
4.974744319915771484e+00
7.551719665527343750e+00
1.264660358428955078e+01
9.665685653686523438e+00
1.245993804931640625e+01
1.352461433410644531e+01
1.233218002319335938e+01
9.078512191772460938e+00
1.255423927307128906e+01
5.163024902343750000e+00
9.028459548950195312e+00
