9.075577735900878906e+00
1.204551887512207031e+01
7.650131225585937500e+00
8.828763961791992188e+00
9.860568046569824219e+00
1.003148937225341797e+01
1.321335506439208984e+01
8.395143508911132812e+00
1.447629070281982422e+01
1.223243999481201172e+01
1.273841857910156250e+01
1.113821887969970703e+01
6.859190464019775391e+00
9.139786720275878906e+00
1.261294746398925781e+01
1.093774890899658203e+01
1.288680648803710938e+01
1.187394523620605469e+01
1.166285037994384766e+01
1.084080123901367188e+01
1.254413604736328125e+01
1.185243129730224609e+01
8.895113945007324219e+00
9.992858886718750000e+00
8.277847290039062500e+00
1.064429283142089844e+01
1.037202072143554688e+01
1.035450935363769531e+01
1.292341327667236328e+01
1.108656787872314453e+01
4.078439235687255859e+00
1.170897102355957031e+01
1.365388870239257812e+01
3.940698623657226562e+00
1.059855651855468750e+01
9.590482711791992188e+00
1.292881107330322266e+01
4.005671024322509766e+00
1.001273441314697266e+01
1.251156139373779297e+01
9.473993301391601562e+00
1.026474952697753906e+01
5.224600791931152344e+00
9.236791610717773438e+00
9.115037918090820312e+00
4.423724174499511719e+00
9.437898635864257812e+00
1.109148311614990234e+01
9.414669036865234375e+00
9.371971130371093750e+00
1.130383872985839844e+01
1.341316795349121094e+01
9.904937744140625000e+00
1.235528850555419922e+01
1.033275508880615234e+01
1.094391441345214844e+01
1.412916183471679688e+01
1.138115692138671875e+01
8.856899261474609375e+00
9.944441795349121094e+00
9.813156127929687500e+00
7.814650535583496094e+00
8.460109710693359375e+00
8.969432830810546875e+00
1.043278217315673828e+01
1.046638107299804688e+01
1.186487293243408203e+01
9.197301864624023438e+00
8.024426460266113281e+00
1.113520526885986328e+01
7.920726299285888672e+00
4.668907165527343750e+00
1.738524627685546875e+01
1.213962936401367188e+01
1.085658740997314453e+01
1.359865665435791016e+01
1.207107257843017578e+01
1.325191879272460938e+01
1.254497718811035156e+01
9.918275833129882812e+00
1.247673034667968750e+01
1.297846508026123047e+01
1.079423427581787109e+01
9.191280364990234375e+00
8.490332603454589844e+00
4.427372932434082031e+00
1.067794418334960938e+01
1.016516876220703125e+01
6.701876640319824219e+00
1.050062847137451172e+01
1.120046329498291016e+01
1.087650299072265625e+01
1.062005710601806641e+01
1.100854110717773438e+01
3.985865116119384766e+00
3.912633180618286133e+00
1.162720775604248047e+01
1.147109889984130859e+01
5.451696872711181641e+00
1.384468746185302734e+01
1.245372200012207031e+01
8.374388694763183594e+00
9.687427520751953125e+00
1.109275627136230469e+01
9.035900115966796875e+00
9.943470954895019531e+00
4.664300441741943359e+00
1.098954582214355469e+01
5.415736198425292969e+00
1.514614295959472656e+01
5.594884395599365234e+00
1.232495307922363281e+01
1.194544601440429688e+01
8.136445045471191406e+00
1.055177497863769531e+01
1.083661556243896484e+01
9.700679779052734375e+00
5.197331428527832031e+00
9.940714836120605469e+00
1.127875041961669922e+01
1.059534454345703125e+01
1.238681983947753906e+01
1.567438983917236328e+01
1.432096004486083984e+01
5.616009235382080078e+00
9.648519515991210938e+00
1.343694877624511719e+01
1.413061046600341797e+01
1.413867282867431641e+01
9.604039192199707031e+00
9.951208114624023438e+00
9.793443679809570312e+00
1.257143878936767578e+01
1.081063175201416016e+01
7.060282707214355469e+00
9.982570648193359375e+00
8.608642578125000000e+00
1.259419059753417969e+01
8.849603652954101562e+00
1.093225860595703125e+01
7.519957542419433594e+00
7.683376789093017578e+00
1.136144447326660156e+01
1.094216060638427734e+01
9.579649925231933594e+00
6.899999141693115234e+00
1.128755569458007812e+01
1.345200061798095703e+01
8.759411811828613281e+00
1.490624904632568359e+01
1.098266696929931641e+01
1.261785125732421875e+01
1.173337745666503906e+01
1.346932792663574219e+01
1.178513336181640625e+01
1.119461059570312500e+01
6.098870277404785156e+00
1.329086875915527344e+01
6.793999195098876953e+00
1.226856708526611328e+01
1.075038433074951172e+01
1.141353797912597656e+01
8.130905151367187500e+00
1.183307647705078125e+01
3.039324522018432617e+00
5.764769554138183594e+00
1.351519012451171875e+01
1.122768020629882812e+01
9.084960937500000000e+00
1.424710750579833984e+01
1.067653560638427734e+01
1.250864982604980469e+01
8.568386077880859375e+00
1.403096103668212891e+01
1.259598827362060547e+01
1.264693737030029297e+01
8.191405296325683594e+00
1.162951087951660156e+01
7.073657512664794922e+00
1.150831413269042969e+01
1.064719676971435547e+01
1.047782993316650391e+01
1.137551212310791016e+01
1.074606895446777344e+01
1.175729370117187500e+01
4.881538867950439453e+00
1.248721027374267578e+01
1.328189182281494141e+01
8.105922698974609375e+00
1.341869449615478516e+01
1.135155582427978516e+01
1.138615131378173828e+01
1.206030178070068359e+01
1.578531646728515625e+01
9.761057853698730469e+00
1.298801326751708984e+01
8.726081848144531250e+00
1.269419479370117188e+01
9.836779594421386719e+00
1.090988636016845703e+01
9.588603019714355469e+00
8.319339752197265625e+00
1.209380245208740234e+01
9.918040275573730469e+00
9.129489898681640625e+00
9.100297927856445312e+00
1.250438880920410156e+01
1.192615509033203125e+01
8.873414039611816406e+00
1.332278060913085938e+01
1.248208618164062500e+01
8.840200424194335938e+00
8.883504867553710938e+00
1.146965503692626953e+01
1.274225234985351562e+01
6.002229690551757812e+00
1.157281208038330078e+01
1.275136566162109375e+01
8.802540779113769531e+00
1.312241554260253906e+01
9.382440567016601562e+00
1.295999336242675781e+01
1.138972568511962891e+01
1.165391731262207031e+01
1.144913673400878906e+01
9.341848373413085938e+00
1.237199306488037109e+01
1.216572666168212891e+01
9.746444702148437500e+00
1.386554813385009766e+01
1.271851348876953125e+01
1.159117507934570312e+01
1.042265892028808594e+01
1.003937244415283203e+01
1.149394035339355469e+01
1.127688789367675781e+01
1.060342884063720703e+01
1.129892539978027344e+01
1.359786033630371094e+01
5.245663642883300781e+00
3.475102663040161133e+00
1.221877288818359375e+01
1.176203823089599609e+01
9.936595916748046875e+00
1.246151161193847656e+01
1.107787322998046875e+01
8.653326988220214844e+00
1.214971637725830078e+01
1.008132648468017578e+01
9.946638107299804688e+00
