1.124345684051513672e+01
1.306764698028564453e+01
1.259654712677001953e+01
7.320416450500488281e+00
1.215448284149169922e+01
1.283802986145019531e+01
1.186122989654541016e+01
1.252569580078125000e+01
5.466745376586914062e+00
5.146508693695068359e+00
1.509876251220703125e+01
1.385147285461425781e+01
1.139963817596435547e+01
1.253991699218750000e+01
1.067798423767089844e+01
1.460439968109130859e+01
1.060485649108886719e+01
6.281168460845947266e+00
1.019614791870117188e+01
1.145952129364013672e+01
7.244978904724121094e+00
1.266914272308349609e+01
1.153068923950195312e+01
1.285351657867431641e+01
1.187528419494628906e+01
1.137347126007080078e+01
1.043300914764404297e+01
1.003222179412841797e+01
1.203942394256591797e+01
1.223841094970703125e+01
8.277731895446777344e+00
9.748744964599609375e+00
1.109681510925292969e+01
1.067411804199218750e+01
9.508628845214843750e+00
1.010368347167968750e+01
9.338262557983398438e+00
9.281477928161621094e+00
1.038222503662109375e+01
1.259886646270751953e+01
1.572999763488769531e+01
1.203913116455078125e+01
9.371063232421875000e+00
1.129196929931640625e+01
3.990446329116821289e+00
1.199555969238281250e+01
9.073130607604980469e+00
1.340286159515380859e+01
1.149234104156494141e+01
1.208823394775390625e+01
1.262316513061523438e+01
1.137985992431640625e+01
1.045985221862792969e+01
1.295722579956054688e+01
1.197037982940673828e+01
1.304079818725585938e+01
1.082091808319091797e+01
1.214998149871826172e+01
1.258023643493652344e+01
1.424685764312744141e+01
1.127805233001708984e+01
9.851798057556152344e+00
3.526482105255126953e+00
1.276069068908691406e+01
9.453166961669921875e+00
1.059303855895996094e+01
8.007854461669921875e+00
1.376509189605712891e+01
8.179639816284179688e+00
1.440964698791503906e+01
1.065659236907958984e+01
5.969519138336181641e+00
8.859697341918945312e+00
1.296596717834472656e+01
7.655725955963134766e+00
1.529135608673095703e+01
1.283187866210937500e+01
9.229430198669433594e+00
1.334841156005859375e+01
9.889994621276855469e+00
1.441790008544921875e+01
1.268354129791259766e+01
1.213183021545410156e+01
1.105350685119628906e+01
5.192192554473876953e+00
1.367360115051269531e+01
1.331996536254882812e+01
1.279731750488281250e+01
1.175083923339843750e+01
1.063390636444091797e+01
1.041542339324951172e+01
1.200911045074462891e+01
9.361079216003417969e+00
9.532983779907226562e+00
1.248906230926513672e+01
1.249607944488525391e+01
5.247029304504394531e+00
1.318892574310302734e+01
1.057096099853515625e+01
4.553061008453369141e+00
9.997203826904296875e+00
1.329001808166503906e+01
1.175170516967773438e+01
4.505382537841796875e+00
9.605876922607421875e+00
1.292095661163330078e+01
1.277436351776123047e+01
1.131988811492919922e+01
3.635765790939331055e+00
3.891879796981811523e+00
4.352036476135253906e+00
1.311193561553955078e+01
1.051571941375732422e+01
1.135850334167480469e+01
1.520182037353515625e+01
1.048849391937255859e+01
1.592984962463378906e+01
1.091606998443603516e+01
1.274147224426269531e+01
8.714834213256835938e+00
3.857309103012084961e+00
1.077964115142822266e+01
1.350135707855224609e+01
1.054889392852783203e+01
3.440295457839965820e+00
8.449738502502441406e+00
1.196716594696044922e+01
1.003136730194091797e+01
1.403599071502685547e+01
5.448745727539062500e+00
1.322222328186035156e+01
1.276924896240234375e+01
1.183513545989990234e+01
1.240485668182373047e+01
1.200582695007324219e+01
9.791964530944824219e+00
1.014504337310791016e+01
9.639471054077148438e+00
1.104821872711181641e+01
9.855376243591308594e+00
8.852910995483398438e+00
8.926189422607421875e+00
5.769852638244628906e+00
1.298538875579833984e+01
9.835750579833984375e+00
9.724493980407714844e+00
1.733950614929199219e+01
9.723267555236816406e+00
8.295314788818359375e+00
5.649727344512939453e+00
3.393287897109985352e+00
1.414005184173583984e+01
1.199180030822753906e+01
1.236239624023437500e+01
9.973461151123046875e+00
9.464422225952148438e+00
4.644752979278564453e+00
1.051257228851318359e+01
1.170745849609375000e+01
9.427395820617675781e+00
1.181325626373291016e+01
8.639061927795410156e+00
1.600499534606933594e+01
1.077955818176269531e+01
1.131705760955810547e+01
9.812721252441406250e+00
1.059849929809570312e+01
9.331628799438476562e+00
1.061417865753173828e+01
8.440312385559082031e+00
8.169451713562011719e+00
8.482098579406738281e+00
9.725822448730468750e+00
1.142578029632568359e+01
5.110218048095703125e+00
9.645885467529296875e+00
9.256795883178710938e+00
1.016595840454101562e+01
9.174134254455566406e+00
7.241802692413330078e+00
8.997226715087890625e+00
1.059546566009521484e+01
1.072140026092529297e+01
1.139392662048339844e+01
1.018392086029052734e+01
1.401379871368408203e+01
4.930315017700195312e+00
1.241510963439941406e+01
1.243041992187500000e+01
9.348266601562500000e+00
9.353985786437988281e+00
9.629493713378906250e+00
4.062684059143066406e+00
8.095402717590332031e+00
1.032258510589599609e+01
4.338878631591796875e+00
1.181053829193115234e+01
9.695446968078613281e+00
4.817308425903320312e+00
9.939009666442871094e+00
9.024070739746093750e+00
8.382225990295410156e+00
6.485415935516357422e+00
3.741694450378417969e+00
8.983710289001464844e+00
1.241706085205078125e+01
1.062899112701416016e+01
1.023661708831787109e+01
5.499063014984130859e+00
9.076990127563476562e+00
1.282722473144531250e+01
9.117612838745117188e+00
1.257304859161376953e+01
9.387976646423339844e+00
5.782179832458496094e+00
1.001694202423095703e+01
9.946214675903320312e+00
4.023774147033691406e+00
1.005829715728759766e+01
7.711567401885986328e+00
1.410966873168945312e+01
9.054645538330078125e+00
1.179919719696044922e+01
8.339380264282226562e+00
8.603963851928710938e+00
1.052888584136962891e+01
9.745636940002441406e+00
7.914483070373535156e+00
1.244065284729003906e+01
9.885822296142578125e+00
4.366000652313232422e+00
1.026816749572753906e+01
1.095169639587402344e+01
9.301530838012695312e+00
8.183673858642578125e+00
8.449149131774902344e+00
3.319268941879272461e+00
9.839686393737792969e+00
9.097954750061035156e+00
7.771429061889648438e+00
9.975305557250976562e+00
9.843393325805664062e+00
3.593800544738769531e+00
9.435222625732421875e+00
1.427865123748779297e+01
3.293874740600585938e+00
1.204223537445068359e+01
8.081857681274414062e+00
5.577623367309570312e+00
8.677778244018554688e+00
