6.758500099182128906e+00
7.561296939849853516e+00
1.141943645477294922e+01
1.304395103454589844e+01
9.900829315185546875e+00
1.010145568847656250e+01
1.074159622192382812e+01
8.597280502319335938e+00
3.262377262115478516e+00
1.054523181915283203e+01
7.471982479095458984e+00
1.440034484863281250e+01
1.014007282257080078e+01
1.578651905059814453e+01
1.194492053985595703e+01
1.395454025268554688e+01
8.424384117126464844e+00
7.033444404602050781e+00
1.040959930419921875e+01
4.348508834838867188e+00
1.228435039520263672e+01
1.047965526580810547e+01
1.062529468536376953e+01
9.378532409667968750e+00
1.314458179473876953e+01
1.043339538574218750e+01
1.165739345550537109e+01
1.063799858093261719e+01
1.141863059997558594e+01
8.198993682861328125e+00
1.049732398986816406e+01
9.359183311462402344e+00
1.023994541168212891e+01
9.161201477050781250e+00
1.265405654907226562e+01
1.142900657653808594e+01
1.068682956695556641e+01
3.515711784362792969e+00
1.104506492614746094e+01
9.576222419738769531e+00
8.149533271789550781e+00
4.684395313262939453e+00
8.984207153320312500e+00
1.133434581756591797e+01
1.248125934600830078e+01
4.714443206787109375e+00
1.029823684692382812e+01
6.537695884704589844e+00
1.000328731536865234e+01
1.003661155700683594e+01
9.009201049804687500e+00
1.230741691589355469e+01
1.057482337951660156e+01
9.027406692504882812e+00
1.343095588684082031e+01
8.343995094299316406e+00
3.851323604583740234e+00
9.610083580017089844e+00
9.736473083496093750e+00
1.239411830902099609e+01
1.088214015960693359e+01
1.043414115905761719e+01
4.640473842620849609e+00
9.702867507934570312e+00
8.809711456298828125e+00
6.611429691314697266e+00
1.172212505340576172e+01
1.199044609069824219e+01
5.750062465667724609e+00
1.163158988952636719e+01
1.362411880493164062e+01
9.270677566528320312e+00
1.164486885070800781e+01
1.034131526947021484e+01
1.172457695007324219e+01
9.439869880676269531e+00
1.067317867279052734e+01
8.422064781188964844e+00
1.177352142333984375e+01
9.805072784423828125e+00
5.372743606567382812e+00
4.657839775085449219e+00
1.117176628112792969e+01
1.277231502532958984e+01
1.172932815551757812e+01
1.228985786437988281e+01
1.116192531585693359e+01
1.078237438201904297e+01
1.053523445129394531e+01
9.118955612182617188e+00
1.099884986877441406e+01
1.097264099121093750e+01
1.000816917419433594e+01
9.891160011291503906e+00
1.064277935028076172e+01
1.197014045715332031e+01
1.038726425170898438e+01
8.008945465087890625e+00
1.121986484527587891e+01
1.060326957702636719e+01
1.140947914123535156e+01
4.159392356872558594e+00
4.187728881835937500e+00
1.229939270019531250e+01
9.677357673645019531e+00
1.116913127899169922e+01
1.124321651458740234e+01
1.023661994934082031e+01
1.104116821289062500e+01
8.197489738464355469e+00
1.055449008941650391e+01
9.930617332458496094e+00
1.066787147521972656e+01
8.542724609375000000e+00
7.794807910919189453e+00
3.349864482879638672e+00
1.100598144531250000e+01
7.877396106719970703e+00
9.771224021911621094e+00
9.296612739562988281e+00
1.288013553619384766e+01
7.841713428497314453e+00
1.128762054443359375e+01
8.302471160888671875e+00
3.271923303604125977e+00
9.729050636291503906e+00
1.283775520324707031e+01
4.139348983764648438e+00
1.240985584259033203e+01
1.135733413696289062e+01
1.055114746093750000e+01
9.481009483337402344e+00
1.521928024291992188e+01
9.754737854003906250e+00
9.219704627990722656e+00
1.239162254333496094e+01
8.769367218017578125e+00
8.660687446594238281e+00
3.376659631729125977e+00
1.144140625000000000e+01
7.447751522064208984e+00
9.084401130676269531e+00
1.037882137298583984e+01
1.091376399993896484e+01
1.379138946533203125e+01
9.692521095275878906e+00
9.273723602294921875e+00
1.311715030670166016e+01
7.150193214416503906e+00
1.213469791412353516e+01
9.876868247985839844e+00
9.892541885375976562e+00
1.069449615478515625e+01
8.165192604064941406e+00
1.046269226074218750e+01
1.117229270935058594e+01
1.179519653320312500e+01
1.252089595794677734e+01
8.434691429138183594e+00
4.509578704833984375e+00
8.551016807556152344e+00
9.724787712097167969e+00
3.600674867630004883e+00
1.077826309204101562e+01
1.031119918823242188e+01
1.244961261749267578e+01
1.120710468292236328e+01
5.704899787902832031e+00
1.200850391387939453e+01
6.913519859313964844e+00
1.202957057952880859e+01
1.005496406555175781e+01
9.955818176269531250e+00
1.235851478576660156e+01
1.306199359893798828e+01
4.827614784240722656e+00
1.227290248870849609e+01
1.275582885742187500e+01
1.104661560058593750e+01
1.087230873107910156e+01
1.201732444763183594e+01
8.657739639282226562e+00
7.817380905151367188e+00
9.889742851257324219e+00
3.333029031753540039e+00
8.179418563842773438e+00
5.420708656311035156e+00
1.241125583648681641e+01
1.104242992401123047e+01
1.073206329345703125e+01
1.201797008514404297e+01
9.546751022338867188e+00
4.807568073272705078e+00
9.318003654479980469e+00
9.615674018859863281e+00
8.592711448669433594e+00
8.902343750000000000e+00
1.028520107269287109e+01
1.022825336456298828e+01
1.170895481109619141e+01
1.047460556030273438e+01
9.463963508605957031e+00
8.626499176025390625e+00
9.492778778076171875e+00
8.812297821044921875e+00
1.100406742095947266e+01
8.514935493469238281e+00
1.177729606628417969e+01
8.954616546630859375e+00
1.004077434539794922e+01
1.145729351043701172e+01
1.135888290405273438e+01
4.179126739501953125e+00
4.527671337127685547e+00
9.438713073730468750e+00
8.018306732177734375e+00
1.178948020935058594e+01
8.889741897583007812e+00
9.992507934570312500e+00
4.274171829223632812e+00
1.073369693756103516e+01
7.391914367675781250e+00
1.397809410095214844e+01
1.208393096923828125e+01
1.012477016448974609e+01
9.222002029418945312e+00
1.401813030242919922e+01
9.572937011718750000e+00
1.272833442687988281e+01
8.768942832946777344e+00
1.162750530242919922e+01
9.419973373413085938e+00
1.234825229644775391e+01
1.156598186492919922e+01
1.117624855041503906e+01
7.170583724975585938e+00
1.603387451171875000e+01
9.842702865600585938e+00
1.383657550811767578e+01
1.405258846282958984e+01
1.110768032073974609e+01
4.040182590484619141e+00
1.032221603393554688e+01
1.165004444122314453e+01
1.224274063110351562e+01
1.239091014862060547e+01
9.522124290466308594e+00
1.040340900421142578e+01
9.243223190307617188e+00
1.030195617675781250e+01
