1.211585521697998047e+01
1.213431930541992188e+01
1.012497711181640625e+01
1.177729320526123047e+01
9.849841117858886719e+00
9.470625877380371094e+00
3.387181997299194336e+00
1.074287605285644531e+01
1.340082740783691406e+01
1.038634777069091797e+01
4.516686916351318359e+00
7.825285911560058594e+00
1.237711715698242188e+01
9.640013694763183594e+00
9.878203392028808594e+00
1.047400093078613281e+01
9.122043609619140625e+00
8.246942520141601562e+00
7.804887294769287109e+00
8.603685379028320312e+00
1.189903163909912109e+01
1.254788875579833984e+01
8.304934501647949219e+00
1.056869411468505859e+01
1.039947605133056641e+01
9.229944229125976562e+00
1.378832530975341797e+01
9.975274085998535156e+00
7.310599327087402344e+00
4.360586643218994141e+00
1.071528148651123047e+01
9.890283584594726562e+00
1.160331630706787109e+01
9.166033744812011719e+00
7.079416275024414062e+00
5.955709934234619141e+00
6.181019306182861328e+00
1.301674079895019531e+01
1.177668666839599609e+01
4.535334587097167969e+00
1.444066619873046875e+01
9.649000167846679688e+00
1.071004390716552734e+01
1.211198902130126953e+01
1.174307537078857422e+01
9.855800628662109375e+00
1.081596469879150391e+01
7.674072265625000000e+00
1.130880546569824219e+01
1.160529232025146484e+01
1.375761032104492188e+01
8.954970359802246094e+00
1.334014987945556641e+01
7.980380058288574219e+00
1.083002090454101562e+01
9.863072395324707031e+00
1.352750873565673828e+01
9.638112068176269531e+00
1.053418636322021484e+01
8.656525611877441406e+00
1.073229217529296875e+01
9.534103393554687500e+00
1.104400634765625000e+01
8.673463821411132812e+00
3.428895235061645508e+00
1.311245727539062500e+01
1.100964736938476562e+01
7.954128265380859375e+00
6.434116840362548828e+00
1.123994636535644531e+01
1.100760269165039062e+01
1.006394004821777344e+01
9.052482604980468750e+00
1.250355625152587891e+01
3.367346525192260742e+00
8.633505821228027344e+00
9.507633209228515625e+00
1.044909858703613281e+01
1.381618976593017578e+01
9.204959869384765625e+00
1.133867263793945312e+01
1.181123638153076172e+01
1.069961452484130859e+01
4.733682632446289062e+00
6.047704696655273438e+00
1.077444076538085938e+01
1.087017822265625000e+01
1.043972301483154297e+01
8.799223899841308594e+00
9.562016487121582031e+00
5.666150093078613281e+00
1.265296840667724609e+01
1.537845039367675781e+01
1.286724281311035156e+01
8.592546463012695312e+00
1.315495014190673828e+01
8.793024063110351562e+00
9.523814201354980469e+00
7.021863937377929688e+00
9.568839073181152344e+00
3.710508584976196289e+00
9.937948226928710938e+00
1.317156696319580078e+01
1.165892887115478516e+01
1.233236503601074219e+01
9.499256134033203125e+00
1.179611015319824219e+01
9.636892318725585938e+00
9.358062744140625000e+00
4.759608268737792969e+00
8.121707916259765625e+00
1.230213260650634766e+01
4.624831676483154297e+00
9.325922012329101562e+00
2.971689939498901367e+00
9.416394233703613281e+00
1.215644359588623047e+01
1.211624622344970703e+01
1.351562595367431641e+01
8.511256217956542969e+00
9.516567230224609375e+00
1.116901302337646484e+01
1.138259792327880859e+01
9.182280540466308594e+00
8.366417884826660156e+00
1.073737049102783203e+01
1.131933212280273438e+01
9.132790565490722656e+00
8.485876083374023438e+00
9.218786239624023438e+00
8.208298683166503906e+00
8.988950729370117188e+00
3.324685573577880859e+00
9.551994323730468750e+00
9.460582733154296875e+00
1.164613533020019531e+01
1.067909908294677734e+01
1.326803112030029297e+01
9.104001045227050781e+00
9.330311775207519531e+00
1.071263217926025391e+01
1.086889076232910156e+01
9.696125984191894531e+00
7.770981788635253906e+00
1.194977760314941406e+01
1.280450248718261719e+01
1.044022274017333984e+01
8.468209266662597656e+00
9.073167800903320312e+00
1.061970615386962891e+01
1.412228679656982422e+01
8.478699684143066406e+00
1.246542072296142578e+01
3.921976566314697266e+00
1.124497985839843750e+01
8.692521095275878906e+00
7.092889308929443359e+00
1.245820140838623047e+01
1.150671386718750000e+01
1.233954334259033203e+01
8.348016738891601562e+00
1.131293392181396484e+01
1.216922378540039062e+01
8.318285942077636719e+00
1.239927291870117188e+01
3.983132362365722656e+00
1.348560333251953125e+01
9.370536804199218750e+00
9.855026245117187500e+00
1.163770103454589844e+01
1.069566440582275391e+01
9.577764511108398438e+00
1.130436325073242188e+01
1.101866817474365234e+01
8.442757606506347656e+00
9.651747703552246094e+00
9.900360107421875000e+00
1.136395359039306641e+01
1.269107627868652344e+01
1.011164474487304688e+01
4.569548130035400391e+00
9.191287040710449219e+00
1.052239227294921875e+01
4.777577877044677734e+00
9.790076255798339844e+00
1.108529186248779297e+01
8.775474548339843750e+00
7.450579643249511719e+00
1.037360095977783203e+01
1.241087436676025391e+01
8.833845138549804688e+00
1.122708129882812500e+01
1.016829776763916016e+01
9.328864097595214844e+00
8.816715240478515625e+00
9.483709335327148438e+00
1.032622337341308594e+01
1.202296638488769531e+01
1.065001296997070312e+01
1.110420131683349609e+01
5.222487449645996094e+00
1.085753726959228516e+01
1.221953487396240234e+01
8.988022804260253906e+00
1.058250999450683594e+01
5.805537700653076172e+00
1.120931434631347656e+01
5.710929393768310547e+00
1.189247417449951172e+01
9.348579406738281250e+00
1.097694587707519531e+01
9.861814498901367188e+00
7.064089775085449219e+00
5.681063652038574219e+00
9.480251312255859375e+00
1.305477905273437500e+01
4.348819732666015625e+00
1.377502632141113281e+01
1.228566265106201172e+01
1.142184925079345703e+01
1.031499958038330078e+01
1.086117076873779297e+01
1.572904396057128906e+01
1.120551300048828125e+01
1.028348445892333984e+01
1.117046451568603516e+01
7.842341423034667969e+00
9.933806419372558594e+00
9.863440513610839844e+00
9.069228172302246094e+00
9.585455894470214844e+00
1.216509342193603516e+01
1.439923095703125000e+01
6.694635868072509766e+00
1.270039463043212891e+01
1.358081912994384766e+01
7.510089874267578125e+00
1.188569927215576172e+01
1.234770870208740234e+01
1.076271057128906250e+01
9.375630378723144531e+00
9.719344139099121094e+00
9.779270172119140625e+00
1.201925945281982422e+01
6.660112380981445312e+00
1.044516849517822266e+01
8.817011833190917969e+00
1.131044864654541016e+01
1.109417819976806641e+01
8.701642036437988281e+00
