1.234682369232177734e+01
1.087460517883300781e+01
1.379269409179687500e+01
1.013222217559814453e+01
3.563201904296875000e+00
9.873836517333984375e+00
9.418530464172363281e+00
1.023224353790283203e+01
8.128809928894042969e+00
1.052108001708984375e+01
9.418173789978027344e+00
7.810512542724609375e+00
3.572804927825927734e+00
8.890914916992187500e+00
1.044080257415771484e+01
8.306823730468750000e+00
1.098817062377929688e+01
8.512004852294921875e+00
3.882828235626220703e+00
1.055028152465820312e+01
1.033665084838867188e+01
1.159739685058593750e+01
1.371145534515380859e+01
1.011002922058105469e+01
1.351869010925292969e+01
9.562649726867675781e+00
1.019143486022949219e+01
8.607012748718261719e+00
3.533836126327514648e+00
7.377612113952636719e+00
1.265018463134765625e+01
1.099439525604248047e+01
9.755249023437500000e+00
9.869184494018554688e+00
1.117017269134521484e+01
1.005277252197265625e+01
1.032613849639892578e+01
1.080939102172851562e+01
1.237136173248291016e+01
1.053944396972656250e+01
9.754535675048828125e+00
3.277089357376098633e+00
9.648601531982421875e+00
9.317063331604003906e+00
1.432234859466552734e+01
1.030268859863281250e+01
1.010897350311279297e+01
8.122011184692382812e+00
1.203268337249755859e+01
9.932723045349121094e+00
1.000722503662109375e+01
7.546797752380371094e+00
1.048147487640380859e+01
1.086188125610351562e+01
8.284674644470214844e+00
1.106255626678466797e+01
1.640969848632812500e+01
1.053844165802001953e+01
1.070243740081787109e+01
3.170946598052978516e+00
9.343710899353027344e+00
1.026190567016601562e+01
1.101400566101074219e+01
1.017305946350097656e+01
1.131341743469238281e+01
1.080696678161621094e+01
9.970003128051757812e+00
4.404736995697021484e+00
1.140574932098388672e+01
1.453041267395019531e+01
1.035711193084716797e+01
8.391310691833496094e+00
1.028805541992187500e+01
9.793939590454101562e+00
1.339091205596923828e+01
4.150953769683837891e+00
1.387770080566406250e+01
1.114404106140136719e+01
7.196329593658447266e+00
1.075679969787597656e+01
7.526053428649902344e+00
1.199684524536132812e+01
1.248124885559082031e+01
7.925415515899658203e+00
4.366479873657226562e+00
1.087963581085205078e+01
1.036021709442138672e+01
7.806545734405517578e+00
1.010322475433349609e+01
7.401723861694335938e+00
8.884041786193847656e+00
8.012212753295898438e+00
3.653942346572875977e+00
9.075181007385253906e+00
9.642619132995605469e+00
1.197303199768066406e+01
1.062868976593017578e+01
1.210866641998291016e+01
1.046464633941650391e+01
9.825604438781738281e+00
1.141918468475341797e+01
8.965022087097167969e+00
1.290090274810791016e+01
9.800071716308593750e+00
1.054473209381103516e+01
1.053143882751464844e+01
8.857322692871093750e+00
7.549637794494628906e+00
1.388425350189208984e+01
3.110829591751098633e+00
3.949609279632568359e+00
4.594659805297851562e+00
3.739943027496337891e+00
9.149297714233398438e+00
1.089932823181152344e+01
7.650457382202148438e+00
1.385591411590576172e+01
7.404955387115478516e+00
3.668802976608276367e+00
3.632812023162841797e+00
1.119845771789550781e+01
1.132975101470947266e+01
1.192403984069824219e+01
1.143261528015136719e+01
1.055097007751464844e+01
1.119675922393798828e+01
4.573396205902099609e+00
1.107117080688476562e+01
1.117960548400878906e+01
9.994921684265136719e+00
9.292780876159667969e+00
3.191173791885375977e+00
3.166860342025756836e+00
8.419363021850585938e+00
1.154664802551269531e+01
1.069847393035888672e+01
9.443319320678710938e+00
8.553745269775390625e+00
1.141493701934814453e+01
1.303293228149414062e+01
1.252895450592041016e+01
8.091928482055664062e+00
1.240304279327392578e+01
1.016682052612304688e+01
1.189190578460693359e+01
4.053779125213623047e+00
1.096327018737792969e+01
1.015988445281982422e+01
1.119802284240722656e+01
1.045498752593994141e+01
1.126430511474609375e+01
1.091930389404296875e+01
1.046599960327148438e+01
1.189496231079101562e+01
1.133875465393066406e+01
7.248650074005126953e+00
1.031397056579589844e+01
7.589231014251708984e+00
1.153848838806152344e+01
9.553430557250976562e+00
9.292343139648437500e+00
4.324087142944335938e+00
1.150382423400878906e+01
1.145099735260009766e+01
9.274173736572265625e+00
1.228282928466796875e+01
4.686778068542480469e+00
1.155523872375488281e+01
3.862313270568847656e+00
1.255769920349121094e+01
9.769165039062500000e+00
1.051710891723632812e+01
1.122442817687988281e+01
9.061763763427734375e+00
9.944482803344726562e+00
1.296191596984863281e+01
9.524744033813476562e+00
9.574588775634765625e+00
8.881489753723144531e+00
9.632071495056152344e+00
1.069207763671875000e+01
5.937809467315673828e+00
1.061542224884033203e+01
1.250670814514160156e+01
9.741478919982910156e+00
1.291251087188720703e+01
7.363465309143066406e+00
1.159245681762695312e+01
1.115075111389160156e+01
1.175347423553466797e+01
1.071537303924560547e+01
9.438161849975585938e+00
1.220517635345458984e+01
1.240046310424804688e+01
4.223586082458496094e+00
1.391847991943359375e+01
1.114659118652343750e+01
9.717998504638671875e+00
1.038316440582275391e+01
1.065570926666259766e+01
7.227998733520507812e+00
4.758936405181884766e+00
9.916197776794433594e+00
1.295223617553710938e+01
5.254585742950439453e+00
1.203611660003662109e+01
1.272828865051269531e+01
1.224181652069091797e+01
1.033111476898193359e+01
1.348695087432861328e+01
1.040297508239746094e+01
1.137310409545898438e+01
1.407660961151123047e+01
8.372801780700683594e+00
1.543787574768066406e+01
1.536488819122314453e+01
8.989805221557617188e+00
8.766988754272460938e+00
1.081039619445800781e+01
9.956398963928222656e+00
1.113279056549072266e+01
8.302575111389160156e+00
7.445054054260253906e+00
1.242050743103027344e+01
9.715843200683593750e+00
7.981570243835449219e+00
9.428071022033691406e+00
7.596369266510009766e+00
1.271568489074707031e+01
9.924141883850097656e+00
6.830377578735351562e+00
7.410175323486328125e+00
7.917696475982666016e+00
1.221736431121826172e+01
6.534317493438720703e+00
1.157988643646240234e+01
8.687973022460937500e+00
1.036789512634277344e+01
1.206147384643554688e+01
4.344772338867187500e+00
9.615219116210937500e+00
9.728715896606445312e+00
5.265695571899414062e+00
9.856424331665039062e+00
1.122207450866699219e+01
1.152739048004150391e+01
1.084467411041259766e+01
8.026032447814941406e+00
3.625201225280761719e+00
1.027195930480957031e+01
