3.779822349548339844e+00
6.927292823791503906e+00
1.096387863159179688e+01
9.739259719848632812e+00
1.249271488189697266e+01
1.243221569061279297e+01
9.804498672485351562e+00
1.081665134429931641e+01
1.020480728149414062e+01
9.081144332885742188e+00
1.102099990844726562e+01
1.018721771240234375e+01
9.663225173950195312e+00
1.014866828918457031e+01
9.026589393615722656e+00
1.218880844116210938e+01
3.856455802917480469e+00
1.141958904266357422e+01
1.039076328277587891e+01
1.105969142913818359e+01
1.401179981231689453e+01
5.604271411895751953e+00
1.141393852233886719e+01
1.191338443756103516e+01
1.209770584106445312e+01
1.107871150970458984e+01
1.092268562316894531e+01
1.139153480529785156e+01
1.108118247985839844e+01
1.133567810058593750e+01
1.220862960815429688e+01
1.136799430847167969e+01
8.226269721984863281e+00
1.070439338684082031e+01
1.057307815551757812e+01
1.326836490631103516e+01
1.045120906829833984e+01
1.072947216033935547e+01
4.404743671417236328e+00
9.358890533447265625e+00
1.149716949462890625e+01
7.272614479064941406e+00
1.153143119812011719e+01
1.140110778808593750e+01
8.076972961425781250e+00
1.110286140441894531e+01
9.181550979614257812e+00
1.357644271850585938e+01
1.229223823547363281e+01
1.144526386260986328e+01
1.070199298858642578e+01
1.255063438415527344e+01
9.249738693237304688e+00
1.063097190856933594e+01
1.076742839813232422e+01
1.168198394775390625e+01
4.934555053710937500e+00
1.099818134307861328e+01
1.025984287261962891e+01
1.244560813903808594e+01
4.507593631744384766e+00
6.199592113494873047e+00
1.328288745880126953e+01
1.244383811950683594e+01
9.458098411560058594e+00
1.226925659179687500e+01
8.893692970275878906e+00
9.796596527099609375e+00
1.448974609375000000e+01
1.105009841918945312e+01
7.163901805877685547e+00
1.048695468902587891e+01
1.277034282684326172e+01
9.123574256896972656e+00
1.246199035644531250e+01
1.397214603424072266e+01
7.781495094299316406e+00
1.138229465484619141e+01
1.378886413574218750e+01
5.560883998870849609e+00
1.156655693054199219e+01
1.283472537994384766e+01
8.873632431030273438e+00
9.748776435852050781e+00
1.385069274902343750e+01
1.162144088745117188e+01
1.132324409484863281e+01
1.022393512725830078e+01
6.578877449035644531e+00
1.023293781280517578e+01
1.098116588592529297e+01
1.157122421264648438e+01
9.966078758239746094e+00
1.246732997894287109e+01
6.979207038879394531e+00
1.211814785003662109e+01
1.288180637359619141e+01
1.114902114868164062e+01
4.632513523101806641e+00
1.009764289855957031e+01
1.415356636047363281e+01
1.268641948699951172e+01
9.780357360839843750e+00
1.177799701690673828e+01
7.472135066986083984e+00
1.167132663726806641e+01
1.153925704956054688e+01
1.153674507141113281e+01
1.200698852539062500e+01
1.189747524261474609e+01
9.347127914428710938e+00
1.029656696319580078e+01
1.172817611694335938e+01
1.110820007324218750e+01
8.065914154052734375e+00
9.770389556884765625e+00
1.110499286651611328e+01
1.052852916717529297e+01
1.300463104248046875e+01
7.225407123565673828e+00
1.272666168212890625e+01
1.207351779937744141e+01
1.034957122802734375e+01
5.831592559814453125e+00
1.328343868255615234e+01
1.103719234466552734e+01
4.213969707489013672e+00
1.493875217437744141e+01
1.087831783294677734e+01
1.317091655731201172e+01
1.212370967864990234e+01
1.210284900665283203e+01
1.194612407684326172e+01
6.500816345214843750e+00
8.961758613586425781e+00
1.167448043823242188e+01
9.170249938964843750e+00
1.088006877899169922e+01
7.476414680480957031e+00
1.159165287017822266e+01
1.225430679321289062e+01
1.134295463562011719e+01
9.756569862365722656e+00
1.334034919738769531e+01
1.234596347808837891e+01
1.226982021331787109e+01
9.824317932128906250e+00
1.249309825897216797e+01
1.002196407318115234e+01
3.664239645004272461e+00
1.106904602050781250e+01
1.160234355926513672e+01
1.139676666259765625e+01
1.063621044158935547e+01
4.291278839111328125e+00
1.074090957641601562e+01
1.153677177429199219e+01
1.102405548095703125e+01
1.285967731475830078e+01
1.114417171478271484e+01
1.014592838287353516e+01
1.125034236907958984e+01
9.645033836364746094e+00
1.214767360687255859e+01
1.417200660705566406e+01
1.123474884033203125e+01
9.755967140197753906e+00
1.116574096679687500e+01
1.152071666717529297e+01
5.174866199493408203e+00
1.196535873413085938e+01
1.020766925811767578e+01
1.083561706542968750e+01
1.169271087646484375e+01
1.492397975921630859e+01
1.158698749542236328e+01
1.150743865966796875e+01
1.154695510864257812e+01
1.039241409301757812e+01
1.095982456207275391e+01
1.354271602630615234e+01
5.345723628997802734e+00
8.371298789978027344e+00
1.170580005645751953e+01
1.239070224761962891e+01
1.078646087646484375e+01
1.368826007843017578e+01
1.035206127166748047e+01
1.233813953399658203e+01
1.324929523468017578e+01
8.953452110290527344e+00
1.310171413421630859e+01
1.390362739562988281e+01
1.059934043884277344e+01
1.118741035461425781e+01
1.183553409576416016e+01
3.836857557296752930e+00
8.933908462524414062e+00
1.040416145324707031e+01
1.136213684082031250e+01
1.083750152587890625e+01
1.129300403594970703e+01
9.284207344055175781e+00
1.149332714080810547e+01
1.286459636688232422e+01
1.279441642761230469e+01
9.699291229248046875e+00
1.031531238555908203e+01
9.644824028015136719e+00
1.194167232513427734e+01
1.435091114044189453e+01
1.322306442260742188e+01
4.377489566802978516e+00
1.022991371154785156e+01
1.053024959564208984e+01
1.237180519104003906e+01
8.194123268127441406e+00
1.244965648651123047e+01
9.871466636657714844e+00
9.313499450683593750e+00
1.287037658691406250e+01
5.097302913665771484e+00
1.169257068634033203e+01
1.212225151062011719e+01
3.460663795471191406e+00
1.312158775329589844e+01
1.105941009521484375e+01
5.613434791564941406e+00
4.146750926971435547e+00
1.062880516052246094e+01
1.338969516754150391e+01
1.007962131500244141e+01
1.060716342926025391e+01
1.256236553192138672e+01
4.119939327239990234e+00
1.375422000885009766e+01
1.137327098846435547e+01
1.134296417236328125e+01
1.059644126892089844e+01
1.175949668884277344e+01
8.450760841369628906e+00
8.606942176818847656e+00
9.869428634643554688e+00
8.722090721130371094e+00
1.101909446716308594e+01
9.310051918029785156e+00
1.061163997650146484e+01
1.213976001739501953e+01
1.329552745819091797e+01
1.394481658935546875e+01
