1.163448715209960938e+01
9.250298500061035156e+00
1.312883090972900391e+01
1.086209106445312500e+01
1.237769794464111328e+01
1.296061038970947266e+01
1.197025108337402344e+01
4.779580116271972656e+00
9.193494796752929688e+00
1.258574008941650391e+01
1.419082355499267578e+01
9.659096717834472656e+00
1.195269489288330078e+01
8.631212234497070312e+00
9.724469184875488281e+00
1.259229564666748047e+01
9.099560737609863281e+00
9.318482398986816406e+00
1.279729557037353516e+01
1.348743820190429688e+01
1.007219505310058594e+01
1.308157920837402344e+01
1.281502819061279297e+01
3.863077402114868164e+00
1.154230499267578125e+01
1.024542236328125000e+01
1.128112030029296875e+01
8.404572486877441406e+00
9.554702758789062500e+00
9.152688980102539062e+00
1.002808475494384766e+01
7.449461460113525391e+00
1.098566055297851562e+01
8.860165596008300781e+00
1.036920547485351562e+01
9.203331947326660156e+00
4.320294857025146484e+00
1.198287677764892578e+01
1.145424652099609375e+01
5.794698715209960938e+00
9.963254928588867188e+00
7.479672431945800781e+00
1.067465496063232422e+01
9.847345352172851562e+00
1.022432327270507812e+01
8.346646308898925781e+00
1.047945022583007812e+01
1.103118801116943359e+01
7.053950786590576172e+00
1.040183353424072266e+01
3.803484916687011719e+00
1.267837047576904297e+01
1.170818328857421875e+01
9.438071250915527344e+00
1.203379631042480469e+01
3.807421445846557617e+00
1.112543487548828125e+01
4.415470600128173828e+00
1.151912879943847656e+01
8.636369705200195312e+00
1.026778697967529297e+01
4.399105072021484375e+00
1.377284812927246094e+01
9.569466590881347656e+00
1.104465293884277344e+01
9.160045623779296875e+00
1.138137340545654297e+01
7.874041080474853516e+00
1.222459316253662109e+01
1.020995426177978516e+01
8.503859519958496094e+00
1.073781681060791016e+01
9.221992492675781250e+00
1.115160179138183594e+01
6.562564373016357422e+00
4.206518173217773438e+00
9.069682121276855469e+00
6.728392601013183594e+00
4.250343799591064453e+00
1.447799015045166016e+01
1.026779556274414062e+01
8.857274055480957031e+00
1.103323650360107422e+01
8.635215759277343750e+00
9.507637023925781250e+00
1.284688377380371094e+01
1.117555427551269531e+01
1.015908336639404297e+01
1.346702289581298828e+01
7.968762874603271484e+00
1.154620361328125000e+01
8.951438903808593750e+00
1.387932586669921875e+01
8.725669860839843750e+00
1.198877334594726562e+01
1.270221710205078125e+01
1.044481754302978516e+01
7.714087486267089844e+00
1.086769104003906250e+01
1.211523056030273438e+01
1.224786281585693359e+01
1.150244140625000000e+01
1.166075420379638672e+01
1.115522193908691406e+01
1.010921955108642578e+01
1.289194869995117188e+01
9.547489166259765625e+00
8.384192466735839844e+00
3.385210990905761719e+00
1.073452758789062500e+01
9.253699302673339844e+00
8.758368492126464844e+00
3.895719051361083984e+00
1.296677970886230469e+01
1.103521919250488281e+01
9.813071250915527344e+00
1.182837677001953125e+01
9.244254112243652344e+00
1.199758529663085938e+01
9.810511589050292969e+00
7.223001480102539062e+00
9.035968780517578125e+00
9.556566238403320312e+00
1.417607021331787109e+01
1.440701293945312500e+01
9.405158042907714844e+00
1.135149669647216797e+01
9.072984695434570312e+00
9.630670547485351562e+00
1.245429229736328125e+01
1.442377948760986328e+01
9.205241203308105469e+00
5.575245857238769531e+00
5.261956214904785156e+00
9.553990364074707031e+00
8.261192321777343750e+00
9.908837318420410156e+00
1.217990970611572266e+01
1.061831283569335938e+01
9.106734275817871094e+00
1.248512077331542969e+01
1.091831970214843750e+01
1.227404403686523438e+01
1.002795028686523438e+01
9.576357841491699219e+00
1.032531070709228516e+01
7.754832744598388672e+00
9.444026947021484375e+00
1.052066230773925781e+01
4.318778038024902344e+00
1.276409912109375000e+01
1.005046272277832031e+01
1.227493572235107422e+01
8.351490020751953125e+00
9.432301521301269531e+00
1.163241481781005859e+01
1.227936077117919922e+01
7.899191856384277344e+00
8.382662773132324219e+00
7.769497394561767578e+00
1.342127609252929688e+01
9.629667282104492188e+00
1.017830181121826172e+01
1.284698009490966797e+01
1.005802536010742188e+01
1.091844940185546875e+01
9.014719009399414062e+00
8.653871536254882812e+00
1.015464973449707031e+01
3.927125692367553711e+00
9.820014953613281250e+00
8.687414169311523438e+00
8.451994895935058594e+00
9.610292434692382812e+00
9.140276908874511719e+00
9.972138404846191406e+00
1.080844688415527344e+01
4.509749412536621094e+00
1.180010604858398438e+01
1.475616359710693359e+01
1.217356491088867188e+01
1.347628116607666016e+01
9.868774414062500000e+00
1.048059463500976562e+01
3.962833881378173828e+00
1.286358642578125000e+01
9.843220710754394531e+00
9.924552917480468750e+00
1.364815902709960938e+01
9.863349914550781250e+00
7.903228759765625000e+00
1.198924255371093750e+01
1.032951259613037109e+01
1.083378028869628906e+01
1.161346721649169922e+01
1.055750083923339844e+01
5.004751205444335938e+00
5.427689075469970703e+00
1.196895408630371094e+01
1.482101058959960938e+01
9.956124305725097656e+00
1.519247627258300781e+01
1.350897312164306641e+01
1.107997703552246094e+01
9.085837364196777344e+00
9.935388565063476562e+00
1.217591762542724609e+01
1.204518508911132812e+01
7.100564956665039062e+00
1.125865364074707031e+01
5.059316158294677734e+00
9.843108177185058594e+00
1.202795886993408203e+01
6.908121109008789062e+00
1.053185558319091797e+01
1.345779132843017578e+01
3.897210836410522461e+00
1.486999893188476562e+01
1.031548690795898438e+01
1.078895282745361328e+01
1.310603809356689453e+01
1.176739025115966797e+01
3.055694818496704102e+00
1.479920101165771484e+01
1.181015491485595703e+01
1.272869205474853516e+01
1.109860801696777344e+01
9.870587348937988281e+00
8.719893455505371094e+00
8.512463569641113281e+00
1.125574398040771484e+01
1.329103183746337891e+01
1.093986606597900391e+01
1.197353267669677734e+01
1.342014217376708984e+01
9.358510017395019531e+00
1.128000545501708984e+01
1.053382682800292969e+01
1.240249443054199219e+01
1.391087245941162109e+01
1.078744792938232422e+01
9.686157226562500000e+00
1.034246063232421875e+01
1.339856529235839844e+01
9.864465713500976562e+00
1.348752689361572266e+01
8.044088363647460938e+00
1.253799533843994141e+01
1.120319080352783203e+01
1.462521171569824219e+01
