4.994471549987792969e+00
1.313480854034423828e+01
1.196171855926513672e+01
1.357808876037597656e+01
1.245062637329101562e+01
9.009439468383789062e+00
1.126859855651855469e+01
1.228551769256591797e+01
1.280062294006347656e+01
1.071274089813232422e+01
1.025098323822021484e+01
1.049494743347167969e+01
1.000455760955810547e+01
9.170821189880371094e+00
9.838280677795410156e+00
1.267685317993164062e+01
1.198983001708984375e+01
1.428314113616943359e+01
1.273575115203857422e+01
1.438449096679687500e+01
8.817200660705566406e+00
1.214225101470947266e+01
1.182296466827392578e+01
9.632656097412109375e+00
1.052852821350097656e+01
1.358572387695312500e+01
9.951387405395507812e+00
1.230374717712402344e+01
1.255526638031005859e+01
1.123445224761962891e+01
1.017980003356933594e+01
9.939786911010742188e+00
1.178128242492675781e+01
1.016049575805664062e+01
1.282328796386718750e+01
1.456741428375244141e+01
1.147936630249023438e+01
9.070289611816406250e+00
8.701642036437988281e+00
1.349630546569824219e+01
1.118716526031494141e+01
3.975356578826904297e+00
8.067314147949218750e+00
1.461137485504150391e+01
1.073358726501464844e+01
9.730356216430664062e+00
7.917747020721435547e+00
1.035430717468261719e+01
8.352495193481445312e+00
1.007874202728271484e+01
3.349037885665893555e+00
1.215989303588867188e+01
1.058940029144287109e+01
9.840281486511230469e+00
1.022929191589355469e+01
1.080557537078857422e+01
1.197257423400878906e+01
1.044909954071044922e+01
8.455484390258789062e+00
9.846263885498046875e+00
1.194985294342041016e+01
9.006567955017089844e+00
1.150932216644287109e+01
1.236292648315429688e+01
8.247744560241699219e+00
1.103377628326416016e+01
9.185479164123535156e+00
9.660112380981445312e+00
3.082073450088500977e+00
9.755116462707519531e+00
8.658680915832519531e+00
8.074806213378906250e+00
3.704095363616943359e+00
9.447923660278320312e+00
1.401387786865234375e+01
8.439485549926757812e+00
9.529250144958496094e+00
9.124647140502929688e+00
8.874505996704101562e+00
1.012260437011718750e+01
9.613693237304687500e+00
4.800897121429443359e+00
1.278755092620849609e+01
7.946577072143554688e+00
3.825875520706176758e+00
1.489214897155761719e+01
1.010191440582275391e+01
9.180441856384277344e+00
1.267463684082031250e+01
9.795745849609375000e+00
1.047517013549804688e+01
1.150057506561279297e+01
1.550262069702148438e+01
1.291030120849609375e+01
9.324006080627441406e+00
1.005742263793945312e+01
9.085647583007812500e+00
1.532042217254638672e+01
1.139963531494140625e+01
4.293177604675292969e+00
3.062340974807739258e+00
1.398921298980712891e+01
1.155854129791259766e+01
1.226298141479492188e+01
9.985493659973144531e+00
5.190000057220458984e+00
1.115026092529296875e+01
1.045557308197021484e+01
9.968485832214355469e+00
1.441707038879394531e+01
1.204469203948974609e+01
4.516162872314453125e+00
1.019902801513671875e+01
9.366860389709472656e+00
1.055457210540771484e+01
9.370189666748046875e+00
1.315800094604492188e+01
4.888672351837158203e+00
1.475887966156005859e+01
1.191928768157958984e+01
1.130646038055419922e+01
1.460106182098388672e+01
1.539889240264892578e+01
1.155079269409179688e+01
1.337017536163330078e+01
1.432846069335937500e+01
1.083987617492675781e+01
1.039163017272949219e+01
3.914338588714599609e+00
9.477242469787597656e+00
1.380359077453613281e+01
1.164859580993652344e+01
7.068943023681640625e+00
8.822090148925781250e+00
1.012594890594482422e+01
1.143399715423583984e+01
9.821834564208984375e+00
6.195368766784667969e+00
1.207369709014892578e+01
1.342549705505371094e+01
1.509464836120605469e+01
1.476720523834228516e+01
1.116291141510009766e+01
9.959521293640136719e+00
3.849582433700561523e+00
1.535617446899414062e+01
1.156531429290771484e+01
1.028956222534179688e+01
1.274259376525878906e+01
1.096770381927490234e+01
8.889614105224609375e+00
1.220544719696044922e+01
9.392450332641601562e+00
1.085540294647216797e+01
1.081798076629638672e+01
3.995999574661254883e+00
9.816127777099609375e+00
1.299417400360107422e+01
1.055239868164062500e+01
1.268017864227294922e+01
1.293044281005859375e+01
5.144153594970703125e+00
1.386092662811279297e+01
1.332098770141601562e+01
1.324498081207275391e+01
9.812025070190429688e+00
1.101242351531982422e+01
9.241945266723632812e+00
1.046527671813964844e+01
1.307165718078613281e+01
8.943164825439453125e+00
8.702878952026367188e+00
1.235019588470458984e+01
1.139681243896484375e+01
1.163376235961914062e+01
8.383198738098144531e+00
1.002200698852539062e+01
1.033909702301025391e+01
1.057701206207275391e+01
8.384384155273437500e+00
1.090200328826904297e+01
1.160016345977783203e+01
1.203487777709960938e+01
1.156447982788085938e+01
1.141686344146728516e+01
8.650013923645019531e+00
1.370694065093994141e+01
9.314315795898437500e+00
8.775846481323242188e+00
4.442020893096923828e+00
9.740024566650390625e+00
1.186306667327880859e+01
8.960059165954589844e+00
9.806333541870117188e+00
1.093481540679931641e+01
8.478010177612304688e+00
8.466444969177246094e+00
7.930594921112060547e+00
8.573061943054199219e+00
1.099450397491455078e+01
9.233325004577636719e+00
9.817560195922851562e+00
1.171071815490722656e+01
1.242548942565917969e+01
1.193933773040771484e+01
1.379195022583007812e+01
9.198904037475585938e+00
1.032642745971679688e+01
1.175572967529296875e+01
1.019260597229003906e+01
9.922527313232421875e+00
9.438145637512207031e+00
1.048601913452148438e+01
9.753271102905273438e+00
1.051035690307617188e+01
1.360553455352783203e+01
1.170194721221923828e+01
1.138218975067138672e+01
1.254779911041259766e+01
1.462523460388183594e+01
1.194489765167236328e+01
1.431447219848632812e+01
1.156092262268066406e+01
9.328039169311523438e+00
1.121423625946044922e+01
1.370036888122558594e+01
1.124529743194580078e+01
1.426774120330810547e+01
1.112828445434570312e+01
4.176667690277099609e+00
1.239191341400146484e+01
8.263588905334472656e+00
3.751611471176147461e+00
1.287752437591552734e+01
3.653984546661376953e+00
1.280033206939697266e+01
8.648338317871093750e+00
9.491597175598144531e+00
4.853051662445068359e+00
1.192048072814941406e+01
1.087310886383056641e+01
1.476157665252685547e+01
1.098782444000244141e+01
9.851281166076660156e+00
1.062296390533447266e+01
1.110611724853515625e+01
8.588453292846679688e+00
8.703641891479492188e+00
1.049108409881591797e+01
1.262298488616943359e+01
