1.313596057891845703e+01
1.092358684539794922e+01
8.196701049804687500e+00
1.129860782623291016e+01
1.116166973114013672e+01
1.229999828338623047e+01
1.114752388000488281e+01
9.867399215698242188e+00
9.537713050842285156e+00
9.926022529602050781e+00
1.078684234619140625e+01
8.777815818786621094e+00
4.184444427490234375e+00
1.283350658416748047e+01
1.120877361297607422e+01
9.531645774841308594e+00
6.292787075042724609e+00
4.418938159942626953e+00
1.391756534576416016e+01
1.195863628387451172e+01
1.088475418090820312e+01
4.640175342559814453e+00
1.480427360534667969e+01
1.108472537994384766e+01
8.925983428955078125e+00
1.024461746215820312e+01
8.262189865112304688e+00
9.219690322875976562e+00
1.387283134460449219e+01
3.500386238098144531e+00
1.094357967376708984e+01
1.099552154541015625e+01
1.301795101165771484e+01
1.045898151397705078e+01
1.091138553619384766e+01
1.225389957427978516e+01
4.739319324493408203e+00
1.042089653015136719e+01
1.330185413360595703e+01
8.720239639282226562e+00
1.085380268096923828e+01
9.655462265014648438e+00
1.202456283569335938e+01
1.506666278839111328e+01
1.265223503112792969e+01
8.663472175598144531e+00
9.672611236572265625e+00
9.802810668945312500e+00
1.269076156616210938e+01
3.257754564285278320e+00
1.148600006103515625e+01
8.678108215332031250e+00
1.175434303283691406e+01
8.841279029846191406e+00
1.110971164703369141e+01
1.103765201568603516e+01
3.971029281616210938e+00
8.932218551635742188e+00
1.269223022460937500e+01
7.973879337310791016e+00
9.956519126892089844e+00
1.555901718139648438e+01
1.153994750976562500e+01
9.395364761352539062e+00
1.135782623291015625e+01
9.306181907653808594e+00
1.145632743835449219e+01
3.756928205490112305e+00
1.038358783721923828e+01
1.126598358154296875e+01
1.045269775390625000e+01
9.626044273376464844e+00
1.089824962615966797e+01
8.198843955993652344e+00
4.316227436065673828e+00
9.854661941528320312e+00
9.607382774353027344e+00
1.022300815582275391e+01
8.315638542175292969e+00
1.384965229034423828e+01
1.600374794006347656e+01
1.149053859710693359e+01
1.241971683502197266e+01
7.461903095245361328e+00
1.186010456085205078e+01
3.245362758636474609e+00
9.378467559814453125e+00
7.662388324737548828e+00
5.106388092041015625e+00
8.556761741638183594e+00
9.739176750183105469e+00
1.049535083770751953e+01
1.110872650146484375e+01
9.474876403808593750e+00
7.681495189666748047e+00
9.982917785644531250e+00
7.181106567382812500e+00
7.774258136749267578e+00
9.801525115966796875e+00
1.044836330413818359e+01
1.009787750244140625e+01
9.948286056518554688e+00
1.233802795410156250e+01
1.117495727539062500e+01
1.021236991882324219e+01
1.075612163543701172e+01
1.191922569274902344e+01
1.074371528625488281e+01
3.807106018066406250e+00
8.637569427490234375e+00
1.306847667694091797e+01
8.900257110595703125e+00
1.008145523071289062e+01
8.240857124328613281e+00
9.801426887512207031e+00
8.032390594482421875e+00
1.018031978607177734e+01
7.352806568145751953e+00
9.337933540344238281e+00
7.995250701904296875e+00
7.918077468872070312e+00
3.205752372741699219e+00
1.016098403930664062e+01
1.112834548950195312e+01
9.086033821105957031e+00
8.202414512634277344e+00
1.181210231781005859e+01
1.012121582031250000e+01
1.012102127075195312e+01
7.690323352813720703e+00
4.420322895050048828e+00
1.054386901855468750e+01
9.665122032165527344e+00
1.012184715270996094e+01
9.694099426269531250e+00
1.048782253265380859e+01
5.324774265289306641e+00
8.127904891967773438e+00
1.214653873443603516e+01
1.180518531799316406e+01
1.310131645202636719e+01
1.222661685943603516e+01
1.250118923187255859e+01
1.187005901336669922e+01
1.129055976867675781e+01
1.341525554656982422e+01
1.222368240356445312e+01
4.188264846801757812e+00
1.019825649261474609e+01
1.098246002197265625e+01
1.234489727020263672e+01
7.601699829101562500e+00
1.217094516754150391e+01
1.077230262756347656e+01
1.144274520874023438e+01
1.085248756408691406e+01
9.141599655151367188e+00
1.220988559722900391e+01
1.237074661254882812e+01
7.993661403656005859e+00
9.629810333251953125e+00
3.473987340927124023e+00
4.657925605773925781e+00
7.580086708068847656e+00
1.078936672210693359e+01
3.075759887695312500e+00
8.638345718383789062e+00
3.689460277557373047e+00
8.483678817749023438e+00
1.063064002990722656e+01
1.002978706359863281e+01
9.360980987548828125e+00
7.346349239349365234e+00
1.077397251129150391e+01
8.766705513000488281e+00
1.039726734161376953e+01
1.208552551269531250e+01
9.778495788574218750e+00
1.268080806732177734e+01
1.318124485015869141e+01
1.136951446533203125e+01
7.042320728302001953e+00
1.294707489013671875e+01
1.147201347351074219e+01
1.299228668212890625e+01
9.423884391784667969e+00
1.044699478149414062e+01
1.063116359710693359e+01
1.330065441131591797e+01
7.368045806884765625e+00
1.026826381683349609e+01
8.440400123596191406e+00
9.931332588195800781e+00
1.151740932464599609e+01
8.198888778686523438e+00
1.120129108428955078e+01
8.516076087951660156e+00
1.208562088012695312e+01
7.384578704833984375e+00
4.950150489807128906e+00
1.537548446655273438e+01
1.043937206268310547e+01
1.085805797576904297e+01
1.026740360260009766e+01
8.560162544250488281e+00
1.123453235626220703e+01
8.794938087463378906e+00
9.482569694519042969e+00
1.293697834014892578e+01
1.051468753814697266e+01
1.395708179473876953e+01
1.046010208129882812e+01
1.072860908508300781e+01
1.212959861755371094e+01
8.550505638122558594e+00
8.720404624938964844e+00
1.065174579620361328e+01
6.611574172973632812e+00
1.178386688232421875e+01
8.697912216186523438e+00
9.242893218994140625e+00
1.142084121704101562e+01
1.191446971893310547e+01
9.849790573120117188e+00
1.213679313659667969e+01
9.921962738037109375e+00
8.494541168212890625e+00
8.209663391113281250e+00
5.316345691680908203e+00
1.010402202606201172e+01
9.176008224487304688e+00
1.252189445495605469e+01
9.475642204284667969e+00
9.482297897338867188e+00
8.334630966186523438e+00
1.050749492645263672e+01
9.374114036560058594e+00
1.230374526977539062e+01
1.002222251892089844e+01
9.270634651184082031e+00
1.284638595581054688e+01
1.118327045440673828e+01
1.104918766021728516e+01
8.589998245239257812e+00
6.677587985992431641e+00
3.519664049148559570e+00
1.850711441040039062e+01
1.295057296752929688e+01
1.199178504943847656e+01
3.450017690658569336e+00
