1.280619430541992188e+01
1.052760314941406250e+01
1.256450748443603516e+01
3.474607229232788086e+00
1.353018093109130859e+01
1.411124324798583984e+01
8.858592033386230469e+00
1.325284767150878906e+01
1.322242164611816406e+01
1.249999427795410156e+01
3.770093917846679688e+00
1.350568771362304688e+01
1.272797870635986328e+01
1.066126441955566406e+01
9.648420333862304688e+00
9.706724166870117188e+00
4.330562591552734375e+00
1.320516204833984375e+01
1.013416481018066406e+01
8.902417182922363281e+00
9.081939697265625000e+00
8.492712974548339844e+00
9.407070159912109375e+00
1.069392967224121094e+01
8.115733146667480469e+00
1.310117435455322266e+01
4.062654495239257812e+00
1.084629631042480469e+01
1.189096450805664062e+01
8.574837684631347656e+00
1.023847961425781250e+01
9.438837051391601562e+00
8.229092597961425781e+00
1.046857261657714844e+01
8.201922416687011719e+00
9.286814689636230469e+00
4.392079830169677734e+00
1.212755489349365234e+01
1.090635299682617188e+01
9.390659332275390625e+00
8.660195350646972656e+00
8.441886901855468750e+00
9.923586845397949219e+00
1.011856269836425781e+01
8.699163436889648438e+00
8.061436653137207031e+00
1.016950798034667969e+01
1.294320583343505859e+01
1.080977821350097656e+01
8.737673759460449219e+00
9.769356727600097656e+00
7.574148178100585938e+00
9.653306007385253906e+00
9.576265335083007812e+00
1.143697547912597656e+01
9.130192756652832031e+00
9.913136482238769531e+00
5.652061939239501953e+00
9.046396255493164062e+00
5.969683647155761719e+00
9.476649284362792969e+00
9.740531921386718750e+00
1.231362819671630859e+01
1.073763084411621094e+01
1.166839313507080078e+01
1.269201183319091797e+01
1.125395393371582031e+01
1.212794113159179688e+01
1.040967464447021484e+01
1.003215122222900391e+01
5.273645401000976562e+00
1.011961746215820312e+01
4.845516681671142578e+00
1.162589740753173828e+01
1.146498107910156250e+01
9.787952423095703125e+00
1.062907409667968750e+01
1.051265430450439453e+01
1.225059700012207031e+01
8.309122085571289062e+00
9.953763961791992188e+00
9.131506919860839844e+00
9.328128814697265625e+00
9.793142318725585938e+00
1.089392662048339844e+01
4.330264568328857422e+00
1.131200408935546875e+01
1.018252468109130859e+01
8.783949851989746094e+00
1.091688919067382812e+01
9.241792678833007812e+00
5.083321094512939453e+00
8.347777366638183594e+00
1.018336486816406250e+01
1.007421588897705078e+01
8.328886985778808594e+00
8.437994003295898438e+00
9.876857757568359375e+00
7.893641471862792969e+00
9.803676605224609375e+00
9.122756004333496094e+00
7.632307529449462891e+00
9.438820838928222656e+00
1.108476734161376953e+01
1.083614158630371094e+01
4.692353248596191406e+00
1.206154155731201172e+01
1.057375907897949219e+01
8.483313560485839844e+00
1.166627502441406250e+01
1.129291915893554688e+01
5.268557071685791016e+00
1.104781818389892578e+01
8.457096099853515625e+00
1.023887538909912109e+01
8.400303840637207031e+00
7.913849830627441406e+00
9.565782546997070312e+00
4.963361263275146484e+00
8.851555824279785156e+00
8.044609069824218750e+00
9.884799003601074219e+00
7.456843852996826172e+00
1.137992382049560547e+01
9.945694923400878906e+00
9.570408821105957031e+00
9.736177444458007812e+00
3.650969743728637695e+00
1.170056247711181641e+01
1.149385738372802734e+01
1.129036903381347656e+01
1.029698085784912109e+01
1.177861881256103516e+01
1.003377914428710938e+01
1.161976528167724609e+01
1.025892543792724609e+01
1.152853107452392578e+01
6.768059253692626953e+00
1.139957332611083984e+01
9.194193840026855469e+00
1.550859928131103516e+01
1.143650817871093750e+01
1.342723083496093750e+01
9.586457252502441406e+00
1.714126396179199219e+01
1.273877143859863281e+01
1.075604152679443359e+01
6.858199119567871094e+00
1.128771018981933594e+01
1.033508968353271484e+01
1.063870048522949219e+01
1.138444519042968750e+01
9.598125457763671875e+00
1.184784507751464844e+01
1.114730548858642578e+01
1.154281044006347656e+01
9.480334281921386719e+00
1.041815471649169922e+01
8.178590774536132812e+00
1.053067874908447266e+01
9.041950225830078125e+00
9.462458610534667969e+00
9.657211303710937500e+00
1.298371124267578125e+01
1.259451770782470703e+01
1.075082969665527344e+01
1.179051780700683594e+01
1.033283805847167969e+01
9.979565620422363281e+00
1.143783283233642578e+01
9.666055679321289062e+00
8.890551567077636719e+00
1.446813106536865234e+01
1.168914794921875000e+01
1.219720268249511719e+01
7.775725364685058594e+00
1.113106727600097656e+01
4.085544109344482422e+00
1.248786067962646484e+01
1.544241237640380859e+01
1.436064910888671875e+01
9.804479598999023438e+00
9.048757553100585938e+00
9.625508308410644531e+00
5.845963478088378906e+00
1.400201702117919922e+01
8.900405883789062500e+00
1.206832981109619141e+01
1.283438014984130859e+01
1.253414344787597656e+01
5.592261314392089844e+00
1.190309715270996094e+01
1.272564506530761719e+01
9.319723129272460938e+00
9.102608680725097656e+00
1.690414619445800781e+01
1.188226222991943359e+01
5.568644046783447266e+00
1.163123703002929688e+01
8.784125328063964844e+00
8.892599105834960938e+00
4.536317825317382812e+00
1.123177528381347656e+01
7.866967678070068359e+00
1.011917686462402344e+01
8.414484024047851562e+00
9.817602157592773438e+00
1.020332145690917969e+01
9.498058319091796875e+00
4.552121639251708984e+00
9.555021286010742188e+00
1.103550052642822266e+01
1.066223716735839844e+01
1.247946929931640625e+01
1.388430404663085938e+01
9.708397865295410156e+00
5.370212554931640625e+00
1.309915924072265625e+01
1.114185619354248047e+01
1.282899665832519531e+01
1.370869827270507812e+01
1.386190986633300781e+01
1.275736618041992188e+01
1.281659126281738281e+01
1.089029693603515625e+01
1.298563575744628906e+01
1.281650924682617188e+01
1.098355674743652344e+01
1.097278499603271484e+01
4.157927989959716797e+00
7.611792087554931641e+00
4.002874851226806641e+00
1.175172805786132812e+01
9.122988700866699219e+00
1.355953693389892578e+01
7.372236251831054688e+00
4.886646270751953125e+00
1.282711791992187500e+01
1.205292987823486328e+01
9.985228538513183594e+00
8.346623420715332031e+00
1.040961074829101562e+01
1.066933345794677734e+01
4.303424358367919922e+00
1.250663661956787109e+01
1.358580398559570312e+01
9.017067909240722656e+00
9.607929229736328125e+00
9.750454902648925781e+00
8.836000442504882812e+00
