1.175585556030273438e+01
3.842624902725219727e+00
9.028377532958984375e+00
1.036185550689697266e+01
7.449849605560302734e+00
9.722011566162109375e+00
1.306678199768066406e+01
1.366033554077148438e+01
7.772821903228759766e+00
1.048113441467285156e+01
1.081700325012207031e+01
1.247107505798339844e+01
9.413470268249511719e+00
1.231761455535888672e+01
9.894589424133300781e+00
9.293853759765625000e+00
1.068379306793212891e+01
8.759194374084472656e+00
1.083109092712402344e+01
1.307847785949707031e+01
1.255273437500000000e+01
8.318514823913574219e+00
7.626062393188476562e+00
1.143551158905029297e+01
9.552219390869140625e+00
1.009519386291503906e+01
1.239661884307861328e+01
1.358595848083496094e+01
1.113768005371093750e+01
8.871846199035644531e+00
9.677449226379394531e+00
1.259353446960449219e+01
9.772161483764648438e+00
3.834411621093750000e+00
1.531265163421630859e+01
1.312905693054199219e+01
1.032728576660156250e+01
8.730772018432617188e+00
1.115732574462890625e+01
9.820175170898437500e+00
1.014945888519287109e+01
1.292117500305175781e+01
1.250894832611083984e+01
3.707631111145019531e+00
4.385926723480224609e+00
1.240466499328613281e+01
7.962951660156250000e+00
1.128082275390625000e+01
8.632411956787109375e+00
9.242324829101562500e+00
1.136489486694335938e+01
1.239292335510253906e+01
4.017975807189941406e+00
1.270957183837890625e+01
1.019176483154296875e+01
8.945482254028320312e+00
1.283812236785888672e+01
3.922658681869506836e+00
9.880977630615234375e+00
1.157009506225585938e+01
1.173566055297851562e+01
9.386446952819824219e+00
1.186673641204833984e+01
8.740391731262207031e+00
1.370769023895263672e+01
9.498210906982421875e+00
1.018546295166015625e+01
8.315623283386230469e+00
1.231534671783447266e+01
1.036429023742675781e+01
1.331218719482421875e+01
8.816440582275390625e+00
1.030985736846923828e+01
1.372641944885253906e+01
1.297666358947753906e+01
8.277353286743164062e+00
7.846759796142578125e+00
1.261411571502685547e+01
1.026141357421875000e+01
4.134077548980712891e+00
5.256154060363769531e+00
1.136882686614990234e+01
1.205433273315429688e+01
9.817978858947753906e+00
1.127174282073974609e+01
9.795139312744140625e+00
1.052388286590576172e+01
1.246276092529296875e+01
9.498700141906738281e+00
1.220500564575195312e+01
9.711679458618164062e+00
9.368670463562011719e+00
1.215099906921386719e+01
9.562338829040527344e+00
1.134878540039062500e+01
8.837204933166503906e+00
1.155883121490478516e+01
1.126033878326416016e+01
1.080310440063476562e+01
8.068030357360839844e+00
1.284130096435546875e+01
8.208853721618652344e+00
8.239883422851562500e+00
1.349507522583007812e+01
1.101247692108154297e+01
4.178655147552490234e+00
1.395269489288330078e+01
3.619401931762695312e+00
1.309371948242187500e+01
9.482006072998046875e+00
7.336562156677246094e+00
4.431636333465576172e+00
1.424324989318847656e+01
1.154208660125732422e+01
3.204783201217651367e+00
1.059531116485595703e+01
1.227990150451660156e+01
9.674566268920898438e+00
1.267655181884765625e+01
1.264824295043945312e+01
8.695217132568359375e+00
8.082405090332031250e+00
1.072663116455078125e+01
8.795682907104492188e+00
1.296344661712646484e+01
1.172450160980224609e+01
1.190606403350830078e+01
7.692770481109619141e+00
9.777184486389160156e+00
1.067200851440429688e+01
1.201431655883789062e+01
4.028281211853027344e+00
7.268464088439941406e+00
1.093449306488037109e+01
9.603696823120117188e+00
1.125542354583740234e+01
1.118843173980712891e+01
8.829523086547851562e+00
8.159253120422363281e+00
1.051900768280029297e+01
1.272872066497802734e+01
8.131189346313476562e+00
1.164778995513916016e+01
7.469459056854248047e+00
7.922430992126464844e+00
1.193479728698730469e+01
1.213130855560302734e+01
8.254685401916503906e+00
1.119352245330810547e+01
9.459311485290527344e+00
8.659026145935058594e+00
5.172512054443359375e+00
9.648149490356445312e+00
1.143906116485595703e+01
1.397751808166503906e+01
9.001209259033203125e+00
1.091840839385986328e+01
8.852654457092285156e+00
1.032506370544433594e+01
1.087098121643066406e+01
1.271077823638916016e+01
8.110505104064941406e+00
9.791041374206542969e+00
8.392384529113769531e+00
5.017083168029785156e+00
1.310020446777343750e+01
9.657459259033203125e+00
8.583037376403808594e+00
9.188703536987304688e+00
8.061241149902343750e+00
8.580065727233886719e+00
1.245661067962646484e+01
1.020262527465820312e+01
1.073585700988769531e+01
1.277465057373046875e+01
4.515324592590332031e+00
1.190104007720947266e+01
8.215538978576660156e+00
7.688226699829101562e+00
9.076376914978027344e+00
1.230775451660156250e+01
8.690019607543945312e+00
1.309279632568359375e+01
5.244930744171142578e+00
1.227129745483398438e+01
9.115898132324218750e+00
1.314160346984863281e+01
8.024951934814453125e+00
1.151864814758300781e+01
9.472061157226562500e+00
1.022539997100830078e+01
8.281253814697265625e+00
4.122588634490966797e+00
3.742721557617187500e+00
1.173874282836914062e+01
7.527082443237304688e+00
8.282008171081542969e+00
9.411098480224609375e+00
9.488319396972656250e+00
8.516340255737304688e+00
9.568322181701660156e+00
1.303798389434814453e+01
9.962914466857910156e+00
1.037055587768554688e+01
1.058016204833984375e+01
1.141671752929687500e+01
1.234808731079101562e+01
1.235465145111083984e+01
5.387173175811767578e+00
1.342267036437988281e+01
1.004001808166503906e+01
1.165442466735839844e+01
8.886472702026367188e+00
8.388237953186035156e+00
1.122161674499511719e+01
1.024199008941650391e+01
3.943562030792236328e+00
8.541028976440429688e+00
1.029476833343505859e+01
6.012341499328613281e+00
5.963482379913330078e+00
9.912307739257812500e+00
1.108677101135253906e+01
9.971940994262695312e+00
1.109188747406005859e+01
1.426020908355712891e+01
1.280596923828125000e+01
1.015403747558593750e+01
1.197900581359863281e+01
1.087987899780273438e+01
1.312069225311279297e+01
9.059496879577636719e+00
7.104211330413818359e+00
7.710566043853759766e+00
7.267939567565917969e+00
1.084989166259765625e+01
1.055826377868652344e+01
1.243782615661621094e+01
9.466355323791503906e+00
9.529909133911132812e+00
7.785474300384521484e+00
1.253212261199951172e+01
9.886581420898437500e+00
8.506995201110839844e+00
1.068016242980957031e+01
8.389221191406250000e+00
1.036564922332763672e+01
1.136112499237060547e+01
1.069449710845947266e+01
1.171386241912841797e+01
