1.163240051269531250e+01
3.990384578704833984e+00
5.595797061920166016e+00
1.084851360321044922e+01
9.211306571960449219e+00
1.334637641906738281e+01
1.375240993499755859e+01
1.012374973297119141e+01
1.062071514129638672e+01
4.514016628265380859e+00
1.127663993835449219e+01
9.331428527832031250e+00
1.154199886322021484e+01
1.255409717559814453e+01
1.074201488494873047e+01
8.980495452880859375e+00
1.266550922393798828e+01
1.064938640594482422e+01
7.987760543823242188e+00
8.222376823425292969e+00
3.737845420837402344e+00
1.076271629333496094e+01
1.090475940704345703e+01
1.042637634277343750e+01
1.298335838317871094e+01
7.434259891510009766e+00
3.959945678710937500e+00
1.029403400421142578e+01
9.038574218750000000e+00
8.837628364562988281e+00
1.233113288879394531e+01
1.265373134613037109e+01
8.211446762084960938e+00
1.036088752746582031e+01
4.462511062622070312e+00
9.138689041137695312e+00
1.207345771789550781e+01
7.427732944488525391e+00
1.039500999450683594e+01
1.204355335235595703e+01
1.171354007720947266e+01
1.034588623046875000e+01
9.559262275695800781e+00
8.907784461975097656e+00
4.026478767395019531e+00
1.065914344787597656e+01
9.139358520507812500e+00
8.792975425720214844e+00
4.620559692382812500e+00
8.280775070190429688e+00
1.173665714263916016e+01
7.655182838439941406e+00
1.151084709167480469e+01
1.034257602691650391e+01
1.351492023468017578e+01
1.116144275665283203e+01
1.069251823425292969e+01
1.182853698730468750e+01
1.181459808349609375e+01
8.860308647155761719e+00
1.048310661315917969e+01
8.257084846496582031e+00
7.590219974517822266e+00
9.638064384460449219e+00
9.890771865844726562e+00
1.055149173736572266e+01
1.522179126739501953e+01
1.171513748168945312e+01
1.047750377655029297e+01
1.149000358581542969e+01
1.082375621795654297e+01
1.101163291931152344e+01
1.332398986816406250e+01
4.295712947845458984e+00
7.828979492187500000e+00
9.297254562377929688e+00
1.009971904754638672e+01
1.043148803710937500e+01
1.107697010040283203e+01
7.438908576965332031e+00
1.035862255096435547e+01
7.878157138824462891e+00
3.269167900085449219e+00
1.145848751068115234e+01
7.696552276611328125e+00
9.860898971557617188e+00
8.441813468933105469e+00
7.807456016540527344e+00
1.281319999694824219e+01
7.481531143188476562e+00
1.247592735290527344e+01
9.514520645141601562e+00
1.192824840545654297e+01
1.224442291259765625e+01
1.232280826568603516e+01
4.630148887634277344e+00
1.127431869506835938e+01
1.172201633453369141e+01
1.102418804168701172e+01
5.892853260040283203e+00
1.124418163299560547e+01
1.097295856475830078e+01
1.163323497772216797e+01
1.208839511871337891e+01
1.327493858337402344e+01
6.472816944122314453e+00
1.287365150451660156e+01
1.351453685760498047e+01
1.041013336181640625e+01
1.210440826416015625e+01
1.156812286376953125e+01
1.053411293029785156e+01
1.143665313720703125e+01
9.494665145874023438e+00
1.518989181518554688e+01
1.035374641418457031e+01
1.377714252471923828e+01
8.508632659912109375e+00
1.239533615112304688e+01
1.040021610260009766e+01
7.762455940246582031e+00
5.857589721679687500e+00
1.104517841339111328e+01
1.282743930816650391e+01
1.012307262420654297e+01
1.289720153808593750e+01
1.024517345428466797e+01
8.873028755187988281e+00
7.842521667480468750e+00
1.186547851562500000e+01
1.298962783813476562e+01
8.624809265136718750e+00
1.276439189910888672e+01
1.396693611145019531e+01
1.317803668975830078e+01
4.844310283660888672e+00
1.317838001251220703e+01
1.315941429138183594e+01
4.072914600372314453e+00
1.067328548431396484e+01
1.334658241271972656e+01
1.006506824493408203e+01
1.083671379089355469e+01
9.163933753967285156e+00
1.248781108856201172e+01
1.029538631439208984e+01
8.108442306518554688e+00
8.248530387878417969e+00
4.721445083618164062e+00
1.159317016601562500e+01
9.950898170471191406e+00
9.864229202270507812e+00
4.994902610778808594e+00
1.318697071075439453e+01
5.482122898101806641e+00
1.365941715240478516e+01
1.076251888275146484e+01
3.438971996307373047e+00
1.332039070129394531e+01
9.220684051513671875e+00
8.951775550842285156e+00
1.077154922485351562e+01
8.549951553344726562e+00
1.185727977752685547e+01
1.274455738067626953e+01
8.839546203613281250e+00
1.085985374450683594e+01
1.034644794464111328e+01
7.715610027313232422e+00
1.131790828704833984e+01
8.343486785888671875e+00
8.493893623352050781e+00
8.049768447875976562e+00
8.362759590148925781e+00
1.136447048187255859e+01
3.944287300109863281e+00
1.156417846679687500e+01
1.006230545043945312e+01
1.279748630523681641e+01
1.052167034149169922e+01
8.693624496459960938e+00
9.767713546752929688e+00
5.718329906463623047e+00
1.068205928802490234e+01
9.604128837585449219e+00
1.465234565734863281e+01
1.037910842895507812e+01
1.269196796417236328e+01
1.164656257629394531e+01
1.112233734130859375e+01
1.131453514099121094e+01
1.320277786254882812e+01
6.766096115112304688e+00
9.843827247619628906e+00
7.863065242767333984e+00
8.410205841064453125e+00
1.069013309478759766e+01
1.013683891296386719e+01
9.731573104858398438e+00
9.295739173889160156e+00
8.797755241394042969e+00
1.141818046569824219e+01
7.657340526580810547e+00
1.161913108825683594e+01
9.862273216247558594e+00
1.303629684448242188e+01
1.152970600128173828e+01
1.089799880981445312e+01
1.053039550781250000e+01
9.335174560546875000e+00
1.285366344451904297e+01
9.923652648925781250e+00
7.870830059051513672e+00
1.136528301239013672e+01
9.923317909240722656e+00
8.407865524291992188e+00
1.385970783233642578e+01
1.404791164398193359e+01
1.031483840942382812e+01
1.224726390838623047e+01
8.529472351074218750e+00
1.015305900573730469e+01
7.673811912536621094e+00
1.222101974487304688e+01
3.481663942337036133e+00
1.289684009552001953e+01
1.032024002075195312e+01
1.407832241058349609e+01
1.258896350860595703e+01
9.375338554382324219e+00
7.026680469512939453e+00
3.294966936111450195e+00
1.387789344787597656e+01
1.002334594726562500e+01
1.095727539062500000e+01
9.314216613769531250e+00
1.301505184173583984e+01
1.108726978302001953e+01
9.820979118347167969e+00
1.216600322723388672e+01
3.064338684082031250e+00
3.698569536209106445e+00
9.619075775146484375e+00
1.183714675903320312e+01
1.054082107543945312e+01
1.169373416900634766e+01
1.346338081359863281e+01
1.314736270904541016e+01
1.086580562591552734e+01
1.232583045959472656e+01
