1.183560562133789062e+01
9.664823532104492188e+00
1.089780712127685547e+01
1.077719306945800781e+01
1.113625812530517578e+01
6.305077552795410156e+00
1.035017204284667969e+01
9.083101272583007812e+00
1.396022033691406250e+01
1.044243240356445312e+01
1.103798866271972656e+01
3.215781927108764648e+00
9.483222007751464844e+00
1.075431919097900391e+01
4.218252182006835938e+00
9.896016120910644531e+00
9.714782714843750000e+00
1.185261821746826172e+01
9.627575874328613281e+00
1.219760227203369141e+01
1.125031280517578125e+01
9.560308456420898438e+00
1.273871040344238281e+01
3.638404369354248047e+00
1.196951389312744141e+01
7.689871311187744141e+00
1.010507488250732422e+01
1.129380989074707031e+01
9.937106132507324219e+00
1.243775844573974609e+01
1.050548076629638672e+01
9.059010505676269531e+00
1.138808727264404297e+01
1.022437953948974609e+01
1.036397647857666016e+01
8.728566169738769531e+00
1.114322376251220703e+01
1.080089473724365234e+01
1.190269088745117188e+01
8.873524665832519531e+00
1.100357246398925781e+01
1.010206413269042969e+01
3.516263246536254883e+00
4.718799591064453125e+00
1.392727565765380859e+01
1.400471973419189453e+01
1.291395854949951172e+01
1.162778663635253906e+01
1.073138999938964844e+01
1.025179672241210938e+01
1.063608932495117188e+01
1.152081108093261719e+01
1.201486206054687500e+01
9.490643501281738281e+00
1.243399047851562500e+01
7.800405502319335938e+00
1.412133407592773438e+01
1.424697399139404297e+01
1.523449707031250000e+01
9.118058204650878906e+00
9.919775962829589844e+00
1.310018539428710938e+01
1.058046245574951172e+01
4.566720485687255859e+00
9.699360847473144531e+00
1.151549434661865234e+01
1.095464134216308594e+01
1.547824287414550781e+01
1.056177330017089844e+01
1.340497779846191406e+01
1.444768524169921875e+01
1.408222484588623047e+01
1.207547950744628906e+01
1.052125549316406250e+01
1.037524604797363281e+01
1.058582687377929688e+01
4.863908767700195312e+00
1.412323570251464844e+01
8.802236557006835938e+00
1.001534557342529297e+01
1.080271339416503906e+01
1.076963615417480469e+01
1.125489902496337891e+01
3.923991441726684570e+00
1.203929233551025391e+01
1.175812721252441406e+01
1.126296138763427734e+01
1.285712909698486328e+01
5.024305820465087891e+00
9.148669242858886719e+00
1.513879776000976562e+01
1.024798011779785156e+01
1.402207660675048828e+01
1.100472927093505859e+01
1.081644535064697266e+01
9.285687446594238281e+00
1.205830764770507812e+01
1.206081008911132812e+01
1.350037670135498047e+01
1.267482948303222656e+01
4.122969150543212891e+00
1.085039520263671875e+01
1.408555507659912109e+01
1.030441951751708984e+01
8.671602249145507812e+00
9.823359489440917969e+00
3.669079542160034180e+00
9.407139778137207031e+00
8.250435829162597656e+00
6.619705200195312500e+00
6.726422309875488281e+00
1.080687332153320312e+01
4.277293682098388672e+00
1.153003215789794922e+01
9.791226387023925781e+00
1.037306499481201172e+01
1.255871677398681641e+01
4.193138122558593750e+00
1.292315483093261719e+01
1.321183586120605469e+01
1.408753108978271484e+01
1.291825485229492188e+01
1.080096530914306641e+01
9.101791381835937500e+00
9.210596084594726562e+00
9.367959976196289062e+00
1.010851669311523438e+01
1.118910408020019531e+01
1.255993652343750000e+01
1.116671657562255859e+01
6.308013916015625000e+00
1.316868114471435547e+01
9.905395507812500000e+00
1.192514228820800781e+01
7.581892490386962891e+00
1.108130168914794922e+01
8.194869995117187500e+00
1.114746284484863281e+01
1.212512016296386719e+01
1.349413585662841797e+01
1.479245662689208984e+01
1.318202018737792969e+01
7.442298889160156250e+00
1.299039554595947266e+01
1.007350444793701172e+01
1.212160491943359375e+01
1.168971347808837891e+01
4.417587757110595703e+00
1.170588493347167969e+01
1.185217666625976562e+01
3.995429754257202148e+00
1.253634166717529297e+01
8.730599403381347656e+00
1.463524436950683594e+01
3.939621210098266602e+00
1.091446685791015625e+01
1.406661510467529297e+01
1.206228828430175781e+01
9.840527534484863281e+00
9.739415168762207031e+00
1.507735252380371094e+01
9.142064094543457031e+00
9.111261367797851562e+00
1.146786880493164062e+01
1.236487770080566406e+01
1.332485294342041016e+01
1.137598896026611328e+01
1.171963882446289062e+01
1.330198192596435547e+01
8.543880462646484375e+00
1.131627178192138672e+01
1.094176197052001953e+01
1.108703136444091797e+01
9.763833045959472656e+00
1.089002609252929688e+01
1.172210979461669922e+01
7.866498470306396484e+00
9.187270164489746094e+00
1.011261558532714844e+01
1.080473804473876953e+01
1.026719379425048828e+01
1.072457790374755859e+01
9.172745704650878906e+00
1.268000698089599609e+01
1.120803260803222656e+01
9.895910263061523438e+00
8.582449913024902344e+00
4.024882316589355469e+00
9.374445915222167969e+00
7.683008670806884766e+00
6.728867530822753906e+00
1.250828361511230469e+01
1.314017963409423828e+01
1.265397071838378906e+01
1.180975723266601562e+01
1.014224147796630859e+01
1.300546073913574219e+01
4.877756595611572266e+00
1.175085163116455078e+01
1.361341762542724609e+01
1.086938571929931641e+01
1.160756206512451172e+01
1.014074611663818359e+01
3.823254108428955078e+00
1.100352191925048828e+01
9.958069801330566406e+00
1.042692852020263672e+01
1.270148754119873047e+01
8.921399116516113281e+00
1.256278800964355469e+01
1.020245075225830078e+01
1.363185787200927734e+01
1.372216033935546875e+01
1.245953845977783203e+01
1.229497718811035156e+01
4.743607044219970703e+00
1.132916736602783203e+01
1.055422019958496094e+01
8.409807205200195312e+00
1.095692443847656250e+01
1.407879257202148438e+01
1.216745471954345703e+01
3.607664346694946289e+00
9.459064483642578125e+00
1.053006267547607422e+01
1.113164234161376953e+01
8.717501640319824219e+00
4.622602939605712891e+00
1.274389362335205078e+01
1.355677318572998047e+01
1.042657089233398438e+01
1.179437923431396484e+01
5.672703266143798828e+00
1.029155921936035156e+01
1.021890926361083984e+01
8.950851440429687500e+00
9.320673942565917969e+00
1.228247833251953125e+01
8.846056938171386719e+00
5.156867504119873047e+00
8.453319549560546875e+00
1.085750293731689453e+01
9.843152999877929688e+00
4.451883792877197266e+00
9.332380294799804688e+00
1.283743286132812500e+01
1.244573879241943359e+01
9.528927803039550781e+00
4.164587974548339844e+00
1.057610702514648438e+01
