9.973255157470703125e+00
1.138396739959716797e+01
9.903041839599609375e+00
1.053285789489746094e+01
1.335008239746093750e+01
1.012456417083740234e+01
9.213147163391113281e+00
8.145871162414550781e+00
4.638803005218505859e+00
1.012014865875244141e+01
5.516257286071777344e+00
3.631431818008422852e+00
1.208018112182617188e+01
1.229655361175537109e+01
1.069947719573974609e+01
1.150713634490966797e+01
1.035933017730712891e+01
9.874666213989257812e+00
1.077315521240234375e+01
1.030253314971923828e+01
9.998305320739746094e+00
8.082123756408691406e+00
1.430251598358154297e+01
7.492733478546142578e+00
9.883004188537597656e+00
1.013681411743164062e+01
1.344349288940429688e+01
7.434545516967773438e+00
1.042160224914550781e+01
1.140957546234130859e+01
1.452853488922119141e+01
3.894542217254638672e+00
1.185738754272460938e+01
1.169818401336669922e+01
5.939419746398925781e+00
9.930428504943847656e+00
1.029284954071044922e+01
8.571095466613769531e+00
1.193263626098632812e+01
9.916014671325683594e+00
4.243268013000488281e+00
8.944938659667968750e+00
3.733160257339477539e+00
8.599856376647949219e+00
8.055176734924316406e+00
8.254096031188964844e+00
1.170862674713134766e+01
7.884947299957275391e+00
1.158645343780517578e+01
1.129645156860351562e+01
3.831418752670288086e+00
3.992888689041137695e+00
1.051451969146728516e+01
1.411911964416503906e+01
1.188735294342041016e+01
1.266146373748779297e+01
4.843224525451660156e+00
9.799076080322265625e+00
1.130216503143310547e+01
7.492273330688476562e+00
1.134139442443847656e+01
9.954103469848632812e+00
1.093528556823730469e+01
6.980537414550781250e+00
8.544957160949707031e+00
1.141313076019287109e+01
9.292807579040527344e+00
1.135395717620849609e+01
1.162965393066406250e+01
7.695580482482910156e+00
9.649514198303222656e+00
8.418551445007324219e+00
1.324127388000488281e+01
9.620797157287597656e+00
8.257281303405761719e+00
9.462696075439453125e+00
1.052621746063232422e+01
1.103905296325683594e+01
9.601438522338867188e+00
9.090798377990722656e+00
4.737923622131347656e+00
1.049109935760498047e+01
1.346002292633056641e+01
3.829363107681274414e+00
9.030728340148925781e+00
1.120482158660888672e+01
1.166677951812744141e+01
9.323339462280273438e+00
1.094572067260742188e+01
9.813405036926269531e+00
1.304444313049316406e+01
1.183000183105468750e+01
1.052866363525390625e+01
7.481641769409179688e+00
9.203506469726562500e+00
1.177301406860351562e+01
1.221261405944824219e+01
1.011679649353027344e+01
7.477278709411621094e+00
7.853722095489501953e+00
1.115930366516113281e+01
1.135907077789306641e+01
3.884483575820922852e+00
4.141956329345703125e+00
1.359558868408203125e+01
7.678539276123046875e+00
1.192330169677734375e+01
7.129678726196289062e+00
9.948302268981933594e+00
9.679121017456054688e+00
8.710428237915039062e+00
9.307927131652832031e+00
1.079325485229492188e+01
4.279377937316894531e+00
1.368044567108154297e+01
1.177090835571289062e+01
9.481983184814453125e+00
1.201054573059082031e+01
9.311947822570800781e+00
1.361893939971923828e+01
3.939808368682861328e+00
9.297737121582031250e+00
1.391825675964355469e+01
7.433341503143310547e+00
8.386389732360839844e+00
9.503683090209960938e+00
1.063090610504150391e+01
1.087196922302246094e+01
1.041337394714355469e+01
9.063257217407226562e+00
4.490564346313476562e+00
9.772823333740234375e+00
1.196806716918945312e+01
7.493205547332763672e+00
1.114872646331787109e+01
7.142855167388916016e+00
4.267488479614257812e+00
9.361947059631347656e+00
1.026383209228515625e+01
8.881237030029296875e+00
1.254475688934326172e+01
1.080634880065917969e+01
8.458124160766601562e+00
1.015521144866943359e+01
1.259282588958740234e+01
1.049130439758300781e+01
1.065548133850097656e+01
9.794643402099609375e+00
8.349092483520507812e+00
4.388520717620849609e+00
1.396371841430664062e+01
9.929108619689941406e+00
8.783473014831542969e+00
1.074770927429199219e+01
1.033789443969726562e+01
1.067508125305175781e+01
5.003743171691894531e+00
9.152688980102539062e+00
1.113203716278076172e+01
9.969501495361328125e+00
1.423373222351074219e+01
9.416636466979980469e+00
3.618866443634033203e+00
9.395236968994140625e+00
1.076182746887207031e+01
1.150089073181152344e+01
7.796812057495117188e+00
7.951958656311035156e+00
3.866905212402343750e+00
8.517545700073242188e+00
1.005332946777343750e+01
9.191156387329101562e+00
9.127120971679687500e+00
1.084736251831054688e+01
1.095836162567138672e+01
1.282528495788574219e+01
1.094769954681396484e+01
1.344249248504638672e+01
8.354789733886718750e+00
1.138241672515869141e+01
1.132553100585937500e+01
9.630207061767578125e+00
1.087914371490478516e+01
8.281602859497070312e+00
9.642539978027343750e+00
8.790180206298828125e+00
1.027869415283203125e+01
9.023280143737792969e+00
1.110175514221191406e+01
9.921336174011230469e+00
5.606406211853027344e+00
1.062399673461914062e+01
4.959077835083007812e+00
1.273538780212402344e+01
1.013573741912841797e+01
1.108500385284423828e+01
1.483747005462646484e+01
1.143346309661865234e+01
1.358530521392822266e+01
1.058023262023925781e+01
1.017104339599609375e+01
7.527760982513427734e+00
1.009823608398437500e+01
3.772304296493530273e+00
1.186013984680175781e+01
9.896986007690429688e+00
9.671695709228515625e+00
8.572387695312500000e+00
3.405059814453125000e+00
7.050653457641601562e+00
1.006056594848632812e+01
8.576541900634765625e+00
1.451120853424072266e+01
4.153391361236572266e+00
9.883610725402832031e+00
1.077008724212646484e+01
1.087579917907714844e+01
9.874039649963378906e+00
1.259487915039062500e+01
8.601024627685546875e+00
8.479117393493652344e+00
8.736832618713378906e+00
1.072898674011230469e+01
7.105185985565185547e+00
8.983107566833496094e+00
9.435473442077636719e+00
1.108226203918457031e+01
9.587534904479980469e+00
1.188834190368652344e+01
7.961881637573242188e+00
3.764068603515625000e+00
1.090118598937988281e+01
1.195587921142578125e+01
4.172453403472900391e+00
1.149031925201416016e+01
8.024092674255371094e+00
1.127051734924316406e+01
4.733085155487060547e+00
9.339661598205566406e+00
1.054514694213867188e+01
1.038560771942138672e+01
8.946328163146972656e+00
1.235619926452636719e+01
4.429136753082275391e+00
1.252415847778320312e+01
1.268053722381591797e+01
1.034354686737060547e+01
1.091270446777343750e+01
1.052769374847412109e+01
8.839250564575195312e+00
