8.418975830078125000e+00
4.139705657958984375e+00
1.274003505706787109e+01
8.327750205993652344e+00
9.466813087463378906e+00
1.086420631408691406e+01
8.706518173217773438e+00
1.154146862030029297e+01
3.804552078247070312e+00
8.327665328979492188e+00
1.003670597076416016e+01
7.561756610870361328e+00
1.015898227691650391e+01
1.111948966979980469e+01
3.723202466964721680e+00
1.374693012237548828e+01
9.585751533508300781e+00
3.538219928741455078e+00
9.272472381591796875e+00
9.312288284301757812e+00
1.142856502532958984e+01
8.291112899780273438e+00
9.280061721801757812e+00
1.067616081237792969e+01
3.459570407867431641e+00
7.059498786926269531e+00
1.223534107208251953e+01
9.260886192321777344e+00
1.116343593597412109e+01
3.959821462631225586e+00
1.376656246185302734e+01
3.479039192199707031e+00
1.095229816436767578e+01
1.276144981384277344e+01
9.186228752136230469e+00
4.935895442962646484e+00
4.866835594177246094e+00
1.215838146209716797e+01
7.560381412506103516e+00
1.195897865295410156e+01
9.829932212829589844e+00
9.782052040100097656e+00
1.090856075286865234e+01
1.255631160736083984e+01
3.971703052520751953e+00
1.018990516662597656e+01
1.064444065093994141e+01
9.933908462524414062e+00
1.192272472381591797e+01
1.045925521850585938e+01
1.236131763458251953e+01
1.114374542236328125e+01
9.797466278076171875e+00
1.372916221618652344e+01
1.186433887481689453e+01
5.066011428833007812e+00
1.148513793945312500e+01
1.237598419189453125e+01
8.959616661071777344e+00
1.217998886108398438e+01
9.178668975830078125e+00
9.727258682250976562e+00
4.195425987243652344e+00
1.312109565734863281e+01
9.346923828125000000e+00
9.260078430175781250e+00
1.034956550598144531e+01
8.391856193542480469e+00
8.884103775024414062e+00
1.002499961853027344e+01
9.164976119995117188e+00
8.221598625183105469e+00
3.830760240554809570e+00
1.516244697570800781e+01
9.030254364013671875e+00
4.829736232757568359e+00
1.083345413208007812e+01
1.205836868286132812e+01
8.400483131408691406e+00
1.364411735534667969e+01
8.225177764892578125e+00
1.154299545288085938e+01
1.150788974761962891e+01
1.008696079254150391e+01
1.122665214538574219e+01
9.413238525390625000e+00
8.951775550842285156e+00
7.625490188598632812e+00
1.112415122985839844e+01
1.145984935760498047e+01
1.497770500183105469e+01
8.102716445922851562e+00
3.082891702651977539e+00
9.773918151855468750e+00
1.326819133758544922e+01
9.025549888610839844e+00
9.095736503601074219e+00
6.901849269866943359e+00
1.114862442016601562e+01
1.082723236083984375e+01
6.902678489685058594e+00
1.173216724395751953e+01
1.205988883972167969e+01
4.654840946197509766e+00
1.152039909362792969e+01
1.324864482879638672e+01
1.387513828277587891e+01
5.292223453521728516e+00
4.236572265625000000e+00
1.136444568634033203e+01
9.824212074279785156e+00
1.169369697570800781e+01
1.106337261199951172e+01
1.147987461090087891e+01
4.694188117980957031e+00
9.764425277709960938e+00
9.610311508178710938e+00
1.179829692840576172e+01
9.005042076110839844e+00
9.714174270629882812e+00
1.087968158721923828e+01
8.004673957824707031e+00
8.081594467163085938e+00
1.144045448303222656e+01
7.872529506683349609e+00
1.099530029296875000e+01
4.329241752624511719e+00
8.427789688110351562e+00
1.013113212585449219e+01
1.095936012268066406e+01
9.510499000549316406e+00
8.180490493774414062e+00
1.055144500732421875e+01
1.108289718627929688e+01
1.161403942108154297e+01
4.589046478271484375e+00
1.230988121032714844e+01
9.747331619262695312e+00
1.051976680755615234e+01
9.552721977233886719e+00
1.155502605438232422e+01
1.193020629882812500e+01
1.034941387176513672e+01
9.258288383483886719e+00
8.800279617309570312e+00
9.242115020751953125e+00
1.096459674835205078e+01
9.138164520263671875e+00
3.412125349044799805e+00
3.351608514785766602e+00
8.127480506896972656e+00
9.283031463623046875e+00
1.256859016418457031e+01
1.059644699096679688e+01
7.596478462219238281e+00
9.187584877014160156e+00
1.008855533599853516e+01
1.271301746368408203e+01
1.202678775787353516e+01
1.097240066528320312e+01
1.294810009002685547e+01
1.197982788085937500e+01
1.319613361358642578e+01
1.169041061401367188e+01
8.854120254516601562e+00
1.202133750915527344e+01
1.166554069519042969e+01
1.366142559051513672e+01
3.742121696472167969e+00
1.048042678833007812e+01
1.132551193237304688e+01
1.012710952758789062e+01
1.030778598785400391e+01
1.071249103546142578e+01
1.051576995849609375e+01
9.116664886474609375e+00
7.955554962158203125e+00
1.296294116973876953e+01
1.150467395782470703e+01
8.949353218078613281e+00
1.374195480346679688e+01
8.857083320617675781e+00
9.943065643310546875e+00
8.275899887084960938e+00
3.603313446044921875e+00
1.150417327880859375e+01
1.115841960906982422e+01
5.657022953033447266e+00
9.875531196594238281e+00
1.205021953582763672e+01
3.631033658981323242e+00
1.247620677947998047e+01
1.058659172058105469e+01
1.016685771942138672e+01
9.868362426757812500e+00
8.031575202941894531e+00
1.066003608703613281e+01
1.010652351379394531e+01
9.894620895385742188e+00
1.235683250427246094e+01
1.258267307281494141e+01
9.676998138427734375e+00
1.126425552368164062e+01
1.174079704284667969e+01
1.431286907196044922e+01
1.234659004211425781e+01
1.016644573211669922e+01
1.083452987670898438e+01
1.173923778533935547e+01
1.259292888641357422e+01
1.498976039886474609e+01
4.671291351318359375e+00
9.316135406494140625e+00
1.020844459533691406e+01
8.315178871154785156e+00
7.641091823577880859e+00
1.359588050842285156e+01
1.230833721160888672e+01
1.279663085937500000e+01
7.321740150451660156e+00
4.466699600219726562e+00
1.207553100585937500e+01
7.270342826843261719e+00
1.118620872497558594e+01
1.213413715362548828e+01
1.113579654693603516e+01
1.408264160156250000e+01
1.020580196380615234e+01
1.027373981475830078e+01
9.163802146911621094e+00
1.236420154571533203e+01
3.375958204269409180e+00
6.586638450622558594e+00
4.789485931396484375e+00
1.439822959899902344e+01
9.396442413330078125e+00
1.640752410888671875e+01
1.165774440765380859e+01
1.375040626525878906e+01
5.424962997436523438e+00
9.751723289489746094e+00
1.158808326721191406e+01
1.208817481994628906e+01
1.296482276916503906e+01
1.150102710723876953e+01
9.659551620483398438e+00
1.210460186004638672e+01
1.351066398620605469e+01
1.188059234619140625e+01
8.974156379699707031e+00
