8.513229370117187500e+00
1.245515155792236328e+01
3.730811595916748047e+00
9.507247924804687500e+00
8.334612846374511719e+00
1.238422393798828125e+01
1.145658779144287109e+01
1.291714763641357422e+01
9.028507232666015625e+00
1.341674709320068359e+01
3.736577987670898438e+00
9.676785469055175781e+00
1.174770832061767578e+01
1.019374847412109375e+01
1.226083564758300781e+01
9.824627876281738281e+00
1.096564865112304688e+01
1.087975692749023438e+01
8.442455291748046875e+00
4.147291660308837891e+00
8.932187080383300781e+00
8.363826751708984375e+00
1.130856895446777344e+01
1.450277233123779297e+01
1.280770874023437500e+01
8.347818374633789062e+00
1.115925693511962891e+01
1.069508361816406250e+01
8.880364418029785156e+00
1.244799327850341797e+01
8.035637855529785156e+00
3.610331535339355469e+00
8.304844856262207031e+00
1.278931617736816406e+01
1.251670074462890625e+01
1.028505325317382812e+01
1.140187358856201172e+01
1.023223686218261719e+01
1.276489067077636719e+01
1.036442661285400391e+01
1.551369571685791016e+01
9.671893119812011719e+00
1.300572681427001953e+01
8.114391326904296875e+00
1.127598476409912109e+01
1.063824367523193359e+01
9.510948181152343750e+00
1.005562686920166016e+01
1.082407569885253906e+01
9.794763565063476562e+00
1.025176048278808594e+01
3.762180328369140625e+00
3.093985795974731445e+00
1.266838073730468750e+01
3.926302909851074219e+00
1.175648021697998047e+01
1.021957492828369141e+01
8.414458274841308594e+00
1.233837985992431641e+01
1.066643905639648438e+01
4.395706176757812500e+00
1.042324924468994141e+01
8.117454528808593750e+00
7.584573268890380859e+00
1.250218486785888672e+01
1.048504257202148438e+01
1.107311058044433594e+01
8.599491119384765625e+00
4.839704990386962891e+00
1.150785446166992188e+01
3.677662134170532227e+00
3.905693531036376953e+00
9.449860572814941406e+00
1.371610260009765625e+01
1.196321678161621094e+01
9.130779266357421875e+00
1.051480388641357422e+01
1.145938968658447266e+01
1.017368030548095703e+01
1.043290233612060547e+01
1.063582897186279297e+01
1.046850872039794922e+01
9.600596427917480469e+00
7.018262863159179688e+00
1.213156604766845703e+01
1.122277069091796875e+01
1.126077938079833984e+01
6.857646942138671875e+00
6.683213710784912109e+00
9.464625358581542969e+00
4.258404254913330078e+00
7.537528038024902344e+00
9.901217460632324219e+00
1.067033672332763672e+01
4.590219020843505859e+00
8.175845146179199219e+00
9.507240295410156250e+00
9.842421531677246094e+00
1.348412990570068359e+01
9.154883384704589844e+00
9.628008842468261719e+00
3.793792724609375000e+00
1.395883274078369141e+01
1.165254306793212891e+01
9.359110832214355469e+00
1.017825508117675781e+01
9.878063201904296875e+00
9.492827415466308594e+00
7.865837574005126953e+00
3.055614233016967773e+00
1.094919681549072266e+01
6.853157043457031250e+00
1.098983669281005859e+01
1.217632389068603516e+01
1.224010944366455078e+01
8.542620658874511719e+00
1.131792736053466797e+01
1.054367160797119141e+01
1.136792373657226562e+01
8.186038017272949219e+00
1.116453170776367188e+01
1.257838726043701172e+01
8.833103179931640625e+00
6.968224525451660156e+00
1.443456840515136719e+01
1.110613727569580078e+01
1.162425613403320312e+01
3.191414833068847656e+00
8.813930511474609375e+00
1.111653995513916016e+01
1.044604396820068359e+01
1.028423404693603516e+01
1.111780738830566406e+01
7.178171634674072266e+00
1.339642810821533203e+01
1.333608627319335938e+01
1.093523502349853516e+01
1.108858013153076172e+01
1.269962120056152344e+01
9.929802894592285156e+00
1.207582759857177734e+01
1.131627464294433594e+01
8.671169281005859375e+00
3.746803998947143555e+00
1.182938098907470703e+01
9.080991744995117188e+00
1.062433147430419922e+01
1.425394344329833984e+01
1.073397159576416016e+01
1.098711872100830078e+01
1.559945392608642578e+01
1.318618869781494141e+01
1.125030708312988281e+01
1.122363376617431641e+01
1.017417621612548828e+01
1.075632667541503906e+01
1.323444366455078125e+01
1.040978145599365234e+01
7.594680309295654297e+00
7.562484741210937500e+00
1.039878177642822266e+01
1.232810211181640625e+01
7.533344268798828125e+00
7.720807075500488281e+00
1.361285877227783203e+01
9.411755561828613281e+00
4.112265586853027344e+00
8.475637435913085938e+00
3.737754821777343750e+00
7.160290718078613281e+00
1.311796092987060547e+01
3.166607856750488281e+00
7.789499282836914062e+00
3.124129295349121094e+00
1.399628639221191406e+01
7.062378406524658203e+00
1.005476379394531250e+01
1.068680000305175781e+01
3.295797824859619141e+00
1.145334625244140625e+01
8.999670982360839844e+00
8.893274307250976562e+00
1.053384113311767578e+01
1.150917530059814453e+01
1.150473022460937500e+01
9.064237594604492188e+00
9.366590499877929688e+00
1.021138191223144531e+01
1.097751808166503906e+01
1.086898708343505859e+01
1.022187042236328125e+01
1.173008346557617188e+01
1.278397750854492188e+01
9.061671257019042969e+00
1.051439189910888672e+01
1.030208587646484375e+01
4.922785758972167969e+00
1.437421703338623047e+01
1.311869812011718750e+01
1.223260402679443359e+01
4.068789482116699219e+00
3.289857149124145508e+00
4.957997798919677734e+00
1.029227352142333984e+01
1.262657928466796875e+01
1.095680427551269531e+01
1.190258789062500000e+01
1.181801319122314453e+01
1.262781715393066406e+01
1.024487876892089844e+01
1.213553905487060547e+01
9.698530197143554688e+00
1.469722843170166016e+01
8.177763938903808594e+00
1.465928268432617188e+01
1.180103492736816406e+01
1.097421455383300781e+01
6.840065956115722656e+00
9.020524978637695312e+00
1.383015918731689453e+01
5.061783790588378906e+00
9.903178215026855469e+00
6.999282836914062500e+00
1.079619693756103516e+01
1.238428688049316406e+01
9.840965270996093750e+00
9.956534385681152344e+00
1.205242156982421875e+01
1.145815467834472656e+01
1.272578525543212891e+01
5.016181468963623047e+00
1.264525604248046875e+01
8.214278221130371094e+00
1.048709297180175781e+01
1.007418251037597656e+01
8.437306404113769531e+00
9.616163253784179688e+00
8.989853858947753906e+00
1.151922702789306641e+01
1.024738883972167969e+01
9.735747337341308594e+00
9.741063117980957031e+00
1.308724594116210938e+01
8.178651809692382812e+00
9.328352928161621094e+00
9.708036422729492188e+00
1.096004009246826172e+01
3.331459760665893555e+00
4.040015220642089844e+00
1.146019554138183594e+01
