1.001581192016601562e+01
8.504702568054199219e+00
1.238190460205078125e+01
7.166713714599609375e+00
1.048275756835937500e+01
1.019346809387207031e+01
1.178393554687500000e+01
1.133872127532958984e+01
9.520454406738281250e+00
7.645429611206054688e+00
1.125475502014160156e+01
3.641066074371337891e+00
1.453946685791015625e+01
8.922832489013671875e+00
1.262579727172851562e+01
9.650543212890625000e+00
9.784206390380859375e+00
3.476810693740844727e+00
1.199511432647705078e+01
3.784295558929443359e+00
8.670640945434570312e+00
1.041932392120361328e+01
8.463635444641113281e+00
9.846307754516601562e+00
1.012127399444580078e+01
8.663833618164062500e+00
9.633029937744140625e+00
9.674642562866210938e+00
1.414867973327636719e+01
7.997069835662841797e+00
9.915980339050292969e+00
9.504811286926269531e+00
1.021086120605468750e+01
9.375984191894531250e+00
7.459817886352539062e+00
7.767410755157470703e+00
4.494370460510253906e+00
1.031634712219238281e+01
1.210946273803710938e+01
1.194284534454345703e+01
1.235361099243164062e+01
8.695734024047851562e+00
1.114504528045654297e+01
1.123124122619628906e+01
1.204073047637939453e+01
9.809316635131835938e+00
4.159281730651855469e+00
4.295755863189697266e+00
9.680392265319824219e+00
9.967572212219238281e+00
4.089163780212402344e+00
1.077126598358154297e+01
1.036831569671630859e+01
1.166069316864013672e+01
1.025560092926025391e+01
7.408946514129638672e+00
1.279293251037597656e+01
7.832675933837890625e+00
1.066656017303466797e+01
9.283585548400878906e+00
1.208113098144531250e+01
8.654726982116699219e+00
1.266604232788085938e+01
7.561838150024414062e+00
1.162348747253417969e+01
3.482971191406250000e+00
3.414729356765747070e+00
1.159018802642822266e+01
1.169421958923339844e+01
1.020362854003906250e+01
8.496253967285156250e+00
1.070790481567382812e+01
9.855045318603515625e+00
3.724441289901733398e+00
7.400086402893066406e+00
7.226768970489501953e+00
1.077878189086914062e+01
9.799496650695800781e+00
1.121094608306884766e+01
8.639453887939453125e+00
1.030247116088867188e+01
1.037630176544189453e+01
5.562957763671875000e+00
9.796936035156250000e+00
1.258731937408447266e+01
9.790912628173828125e+00
4.320571899414062500e+00
8.884291648864746094e+00
1.201330375671386719e+01
3.615601062774658203e+00
8.536936759948730469e+00
1.071070289611816406e+01
1.130492401123046875e+01
7.256678104400634766e+00
7.621216773986816406e+00
1.321952533721923828e+01
1.133945941925048828e+01
1.163055133819580078e+01
8.347559928894042969e+00
4.618782043457031250e+00
3.974188327789306641e+00
1.208323001861572266e+01
9.847370147705078125e+00
1.149340915679931641e+01
8.386049270629882812e+00
9.532138824462890625e+00
8.940833091735839844e+00
1.128543853759765625e+01
1.018656253814697266e+01
9.927017211914062500e+00
1.010999584197998047e+01
8.920030593872070312e+00
1.075631046295166016e+01
9.672330856323242188e+00
1.235500717163085938e+01
9.923896789550781250e+00
1.186477661132812500e+01
1.172973918914794922e+01
1.175053024291992188e+01
5.205563068389892578e+00
1.055825519561767578e+01
1.264275550842285156e+01
1.417589473724365234e+01
1.080612373352050781e+01
8.410790443420410156e+00
1.121158790588378906e+01
1.278151321411132812e+01
1.037007236480712891e+01
1.064795112609863281e+01
1.045027923583984375e+01
1.155557632446289062e+01
8.656358718872070312e+00
7.355830192565917969e+00
1.073308658599853516e+01
1.122258949279785156e+01
9.357589721679687500e+00
1.058631801605224609e+01
1.189907455444335938e+01
1.139508819580078125e+01
4.320465087890625000e+00
8.970406532287597656e+00
1.376927947998046875e+01
9.361239433288574219e+00
1.170213508605957031e+01
1.178756809234619141e+01
9.035763740539550781e+00
9.235506057739257812e+00
1.134866714477539062e+01
8.674757957458496094e+00
1.019001674652099609e+01
7.937743186950683594e+00
9.925040245056152344e+00
1.282566642761230469e+01
1.046135425567626953e+01
1.418991661071777344e+01
9.166517257690429688e+00
6.687790870666503906e+00
1.229810428619384766e+01
8.198465347290039062e+00
1.061293601989746094e+01
1.197200012207031250e+01
3.369985342025756836e+00
1.132905483245849609e+01
8.486880302429199219e+00
7.345415592193603516e+00
8.411343574523925781e+00
8.569786071777343750e+00
1.282172584533691406e+01
1.048559379577636719e+01
9.146664619445800781e+00
8.770219802856445312e+00
8.617274284362792969e+00
1.290838336944580078e+01
8.252583503723144531e+00
1.308331489562988281e+01
1.252034473419189453e+01
5.028032302856445312e+00
1.058226203918457031e+01
1.072470664978027344e+01
4.236310958862304688e+00
1.400865459442138672e+01
9.896537780761718750e+00
1.047076702117919922e+01
1.018369388580322266e+01
1.392446327209472656e+01
1.043184089660644531e+01
1.369019985198974609e+01
7.359880924224853516e+00
9.555870056152343750e+00
1.217996311187744141e+01
9.503766059875488281e+00
1.263603687286376953e+01
1.243990039825439453e+01
1.178957176208496094e+01
3.427899599075317383e+00
1.220693588256835938e+01
4.282489299774169922e+00
8.615499496459960938e+00
1.123185157775878906e+01
1.153158092498779297e+01
1.212821197509765625e+01
1.032044219970703125e+01
1.507362651824951172e+01
1.052154159545898438e+01
9.692896842956542969e+00
1.099696254730224609e+01
1.149562072753906250e+01
8.702242851257324219e+00
4.338531017303466797e+00
1.144468593597412109e+01
1.112686347961425781e+01
1.087080860137939453e+01
1.066467094421386719e+01
1.063232994079589844e+01
9.471694946289062500e+00
1.206254100799560547e+01
1.037690353393554688e+01
9.563271522521972656e+00
1.115326118469238281e+01
4.107386112213134766e+00
7.698697090148925781e+00
1.152412509918212891e+01
9.460790634155273438e+00
8.661931037902832031e+00
9.298799514770507812e+00
1.067562580108642578e+01
9.490183830261230469e+00
1.218264198303222656e+01
1.200304031372070312e+01
1.283439826965332031e+01
3.972477197647094727e+00
9.715618133544921875e+00
1.294720840454101562e+01
8.595720291137695312e+00
5.526395797729492188e+00
9.657456398010253906e+00
1.221776580810546875e+01
8.261641502380371094e+00
1.175578880310058594e+01
8.060498237609863281e+00
3.774985790252685547e+00
9.831362724304199219e+00
1.171524333953857422e+01
8.920654296875000000e+00
9.700826644897460938e+00
1.104712772369384766e+01
9.121335983276367188e+00
1.060071849822998047e+01
8.048060417175292969e+00
9.264062881469726562e+00
