1.075199222564697266e+01
1.225996589660644531e+01
1.262033653259277344e+01
1.236192703247070312e+01
1.175908851623535156e+01
1.281659889221191406e+01
1.025778388977050781e+01
1.288576126098632812e+01
1.031483459472656250e+01
1.061051845550537109e+01
1.250561237335205078e+01
1.250311946868896484e+01
1.070892524719238281e+01
1.022301483154296875e+01
8.658315658569335938e+00
6.539652824401855469e+00
1.374572372436523438e+01
1.142135429382324219e+01
1.132681751251220703e+01
9.065655708312988281e+00
1.226378536224365234e+01
7.898627758026123047e+00
7.996866226196289062e+00
9.985490798950195312e+00
9.621717453002929688e+00
1.280443382263183594e+01
9.908231735229492188e+00
8.448947906494140625e+00
5.364224433898925781e+00
9.971379280090332031e+00
8.695482254028320312e+00
1.355026054382324219e+01
9.310054779052734375e+00
1.336418342590332031e+01
7.523519039154052734e+00
1.172533321380615234e+01
3.834869146347045898e+00
1.246754360198974609e+01
1.075032043457031250e+01
1.062810516357421875e+01
8.948615074157714844e+00
1.063009834289550781e+01
9.626865386962890625e+00
8.960728645324707031e+00
5.250791549682617188e+00
1.216618061065673828e+01
9.425261497497558594e+00
1.254333114624023438e+01
1.069510078430175781e+01
9.527824401855468750e+00
1.144616317749023438e+01
6.647663593292236328e+00
1.061911582946777344e+01
1.142226886749267578e+01
1.319151878356933594e+01
1.347793483734130859e+01
1.033161544799804688e+01
8.644418716430664062e+00
1.116096591949462891e+01
9.416911125183105469e+00
1.525941944122314453e+01
3.882297515869140625e+00
1.043113994598388672e+01
1.107566833496093750e+01
1.119309711456298828e+01
1.150175094604492188e+01
1.279133892059326172e+01
1.291262054443359375e+01
1.029087829589843750e+01
1.125404167175292969e+01
1.452575492858886719e+01
8.623303413391113281e+00
7.025148391723632812e+00
7.582155704498291016e+00
9.600666999816894531e+00
1.149968242645263672e+01
8.886499404907226562e+00
8.480168342590332031e+00
1.290606307983398438e+01
9.510672569274902344e+00
1.057118225097656250e+01
3.201085805892944336e+00
1.071632003784179688e+01
1.127283382415771484e+01
1.256647014617919922e+01
1.173459434509277344e+01
1.258602714538574219e+01
1.013769340515136719e+01
9.684806823730468750e+00
1.300115871429443359e+01
7.756672382354736328e+00
9.786538124084472656e+00
1.174000644683837891e+01
9.606057167053222656e+00
9.423447608947753906e+00
1.236628246307373047e+01
1.273213577270507812e+01
8.049046516418457031e+00
1.045122337341308594e+01
9.848354339599609375e+00
1.021296977996826172e+01
4.507334232330322266e+00
1.417762851715087891e+01
1.157215499877929688e+01
1.191088294982910156e+01
1.160248470306396484e+01
9.088199615478515625e+00
8.898709297180175781e+00
1.379986381530761719e+01
8.135235786437988281e+00
8.672740936279296875e+00
1.309142780303955078e+01
1.164928436279296875e+01
8.402782440185546875e+00
3.861675977706909180e+00
1.179334831237792969e+01
1.529537010192871094e+01
9.513822555541992188e+00
1.154616641998291016e+01
1.212672328948974609e+01
1.379468917846679688e+01
8.987136840820312500e+00
1.101280975341796875e+01
8.569197654724121094e+00
9.753576278686523438e+00
1.274889564514160156e+01
9.714199066162109375e+00
1.064917469024658203e+01
1.491415405273437500e+01
1.223101997375488281e+01
9.787386894226074219e+00
8.764412879943847656e+00
1.220411300659179688e+01
1.211534404754638672e+01
1.662395668029785156e+01
1.208239746093750000e+01
9.337853431701660156e+00
1.007881927490234375e+01
1.143030643463134766e+01
1.011745262145996094e+01
1.101854228973388672e+01
1.426101970672607422e+01
8.067283630371093750e+00
9.178106307983398438e+00
1.200494766235351562e+01
7.525203227996826172e+00
1.065222835540771484e+01
1.230878639221191406e+01
3.443485736846923828e+00
1.128503417968750000e+01
1.173874282836914062e+01
1.108668136596679688e+01
8.732307434082031250e+00
8.926462173461914062e+00
1.362221813201904297e+01
7.905851364135742188e+00
1.081078815460205078e+01
1.190731048583984375e+01
1.173481178283691406e+01
1.020407009124755859e+01
8.592532157897949219e+00
1.154080486297607422e+01
1.250256156921386719e+01
1.199644947052001953e+01
1.110284614562988281e+01
1.188252449035644531e+01
1.139993190765380859e+01
9.840281486511230469e+00
1.229192829132080078e+01
9.378532409667968750e+00
1.006132698059082031e+01
4.081642627716064453e+00
8.529032707214355469e+00
1.326565742492675781e+01
4.466609954833984375e+00
8.989069938659667969e+00
1.192654418945312500e+01
1.112032413482666016e+01
3.644131183624267578e+00
9.360220909118652344e+00
8.333207130432128906e+00
1.158571052551269531e+01
9.979187011718750000e+00
3.499700784683227539e+00
9.125950813293457031e+00
7.982113838195800781e+00
1.089361763000488281e+01
7.721611499786376953e+00
1.086943340301513672e+01
1.178670692443847656e+01
1.085801219940185547e+01
1.209988880157470703e+01
1.136959075927734375e+01
3.620948314666748047e+00
1.097875595092773438e+01
7.721420288085937500e+00
1.300652027130126953e+01
4.250003814697265625e+00
9.514194488525390625e+00
1.152312946319580078e+01
1.379272079467773438e+01
1.225064373016357422e+01
1.047390365600585938e+01
9.759756088256835938e+00
1.209119987487792969e+01
3.290128231048583984e+00
8.691894531250000000e+00
1.090794563293457031e+01
1.125835227966308594e+01
1.201108264923095703e+01
1.083008003234863281e+01
1.115000438690185547e+01
8.310306549072265625e+00
7.457240104675292969e+00
7.330279350280761719e+00
1.166078758239746094e+01
9.002602577209472656e+00
7.692214965820312500e+00
3.763292312622070312e+00
8.600803375244140625e+00
1.126651763916015625e+01
6.952240943908691406e+00
9.515096664428710938e+00
8.105080604553222656e+00
1.159718894958496094e+01
8.407624244689941406e+00
1.008360290527343750e+01
1.189592647552490234e+01
1.155310630798339844e+01
1.215713882446289062e+01
1.076679039001464844e+01
1.084053039550781250e+01
1.237405776977539062e+01
1.084717273712158203e+01
1.590644550323486328e+01
8.555867195129394531e+00
1.302782917022705078e+01
9.693013191223144531e+00
8.067233085632324219e+00
1.163935375213623047e+01
1.060499095916748047e+01
7.184592247009277344e+00
5.132864475250244141e+00
7.063684940338134766e+00
1.020402431488037109e+01
4.072620391845703125e+00
1.048387527465820312e+01
4.378712177276611328e+00
1.139879322052001953e+01
1.150931930541992188e+01
