1.219524574279785156e+01
1.006292915344238281e+01
1.034932804107666016e+01
9.104763984680175781e+00
1.230197715759277344e+01
9.981276512145996094e+00
9.892254829406738281e+00
1.302511596679687500e+01
1.311348056793212891e+01
9.901385307312011719e+00
9.302165985107421875e+00
7.887092590332031250e+00
1.138087654113769531e+01
1.039691448211669922e+01
9.298270225524902344e+00
7.826657295227050781e+00
1.134753417968750000e+01
1.203156185150146484e+01
4.071819782257080078e+00
9.200006484985351562e+00
1.386305522918701172e+01
3.495400428771972656e+00
1.357824420928955078e+01
7.839967727661132812e+00
9.987995147705078125e+00
8.794577598571777344e+00
9.798269271850585938e+00
1.219847202301025391e+01
1.361020088195800781e+01
1.239403438568115234e+01
1.151548099517822266e+01
4.147247314453125000e+00
8.409511566162109375e+00
7.881315231323242188e+00
1.138038158416748047e+01
1.056260395050048828e+01
9.919739723205566406e+00
8.251860618591308594e+00
1.227151775360107422e+01
4.236093044281005859e+00
9.254055023193359375e+00
1.247313785552978516e+01
1.082732200622558594e+01
9.361568450927734375e+00
1.018482875823974609e+01
1.271984195709228516e+01
9.877260208129882812e+00
1.197864627838134766e+01
7.373992443084716797e+00
1.158312892913818359e+01
1.131464672088623047e+01
1.065226173400878906e+01
1.170285892486572266e+01
8.036130905151367188e+00
1.183784103393554688e+01
7.834588050842285156e+00
1.366434478759765625e+01
8.945383071899414062e+00
1.365720653533935547e+01
1.220787525177001953e+01
1.021937942504882812e+01
7.723547458648681641e+00
9.939693450927734375e+00
5.260395526885986328e+00
9.340029716491699219e+00
1.066504287719726562e+01
1.057420444488525391e+01
1.078159523010253906e+01
1.421637821197509766e+01
1.247569942474365234e+01
1.339958000183105469e+01
1.254379081726074219e+01
1.280444908142089844e+01
9.886755943298339844e+00
1.384437942504882812e+01
8.060849189758300781e+00
8.215805053710937500e+00
4.685564041137695312e+00
1.264074134826660156e+01
7.980167388916015625e+00
1.321194267272949219e+01
7.687159061431884766e+00
9.893209457397460938e+00
1.210132026672363281e+01
1.028815174102783203e+01
1.254743385314941406e+01
9.648930549621582031e+00
3.957770109176635742e+00
9.119177818298339844e+00
6.778971195220947266e+00
1.061789703369140625e+01
1.155347919464111328e+01
8.275713920593261719e+00
3.576504945755004883e+00
3.975364446640014648e+00
9.939730644226074219e+00
8.776561737060546875e+00
9.393475532531738281e+00
1.460826110839843750e+01
3.771513223648071289e+00
7.096076011657714844e+00
1.014964103698730469e+01
9.629881858825683594e+00
9.617285728454589844e+00
4.222908973693847656e+00
1.154860401153564453e+01
8.880848884582519531e+00
1.172987270355224609e+01
1.150180435180664062e+01
1.229342651367187500e+01
4.807235240936279297e+00
4.568599224090576172e+00
1.033182048797607422e+01
1.107186603546142578e+01
6.804431438446044922e+00
1.055570030212402344e+01
8.822358131408691406e+00
1.127050304412841797e+01
1.079961490631103516e+01
1.116657257080078125e+01
9.839034080505371094e+00
8.095447540283203125e+00
9.561234474182128906e+00
1.159743309020996094e+01
7.432286739349365234e+00
9.134019851684570312e+00
1.294156646728515625e+01
4.938549041748046875e+00
9.854655265808105469e+00
9.519449234008789062e+00
1.239019298553466797e+01
1.291067600250244141e+01
1.161014556884765625e+01
1.098200035095214844e+01
1.020657348632812500e+01
8.773649215698242188e+00
1.087154483795166016e+01
1.130661582946777344e+01
1.466812992095947266e+01
1.392400932312011719e+01
1.050055503845214844e+01
1.428541088104248047e+01
1.214576244354248047e+01
9.559636116027832031e+00
1.483061790466308594e+01
9.005990982055664062e+00
1.006573963165283203e+01
9.760270118713378906e+00
1.231261444091796875e+01
9.913331031799316406e+00
1.150131320953369141e+01
1.150638008117675781e+01
8.145599365234375000e+00
1.124307918548583984e+01
8.614939689636230469e+00
9.367963790893554688e+00
1.251574516296386719e+01
7.798831939697265625e+00
1.062769985198974609e+01
1.027931022644042969e+01
9.059316635131835938e+00
8.466291427612304688e+00
3.374336004257202148e+00
1.225861263275146484e+01
3.726381778717041016e+00
1.164495468139648438e+01
1.256509017944335938e+01
3.155739784240722656e+00
1.125912094116210938e+01
1.252441406250000000e+01
8.114114761352539062e+00
1.193149185180664062e+01
9.715368270874023438e+00
1.147660350799560547e+01
1.121362972259521484e+01
1.229107666015625000e+01
9.780992507934570312e+00
9.210548400878906250e+00
1.132516479492187500e+01
6.658024311065673828e+00
9.444335937500000000e+00
1.047250080108642578e+01
1.069263362884521484e+01
7.433060169219970703e+00
9.421429634094238281e+00
1.050924301147460938e+01
1.130538654327392578e+01
3.578061342239379883e+00
1.074509811401367188e+01
1.183545207977294922e+01
1.067229366302490234e+01
1.247379493713378906e+01
1.147839546203613281e+01
1.373577404022216797e+01
1.208516025543212891e+01
1.054875755310058594e+01
1.437718677520751953e+01
1.051131057739257812e+01
1.075459480285644531e+01
6.606440544128417969e+00
1.177965641021728516e+01
1.061963939666748047e+01
8.370336532592773438e+00
8.211921691894531250e+00
1.092464256286621094e+01
1.116417598724365234e+01
8.953737258911132812e+00
3.123056173324584961e+00
1.194490528106689453e+01
1.125676822662353516e+01
1.089393424987792969e+01
1.341906356811523438e+01
1.039547729492187500e+01
1.110883998870849609e+01
4.131814956665039062e+00
1.041396713256835938e+01
1.191311359405517578e+01
9.818984031677246094e+00
1.239350509643554688e+01
7.737790584564208984e+00
1.266697597503662109e+01
8.952012062072753906e+00
8.610596656799316406e+00
8.584692955017089844e+00
9.900654792785644531e+00
7.793707370758056641e+00
3.372476100921630859e+00
1.147772884368896484e+01
1.222923278808593750e+01
7.884837627410888672e+00
1.154995918273925781e+01
1.243163967132568359e+01
1.298490428924560547e+01
1.170606803894042969e+01
1.117372131347656250e+01
8.021597862243652344e+00
9.038494110107421875e+00
1.000575637817382812e+01
1.251974773406982422e+01
1.046220111846923828e+01
1.045155906677246094e+01
1.178332901000976562e+01
1.154929637908935547e+01
1.037848377227783203e+01
1.353214836120605469e+01
1.062765121459960938e+01
8.442619323730468750e+00
1.017408180236816406e+01
1.122131252288818359e+01
1.311551761627197266e+01
