1.049394512176513672e+01
1.296228408813476562e+01
7.642894744873046875e+00
9.463777542114257812e+00
9.477288246154785156e+00
1.104938220977783203e+01
3.607595920562744141e+00
1.257130908966064453e+01
1.011300659179687500e+01
9.466988563537597656e+00
1.401538276672363281e+01
8.499753952026367188e+00
8.327783584594726562e+00
1.303535556793212891e+01
9.597424507141113281e+00
3.516280651092529297e+00
1.255621051788330078e+01
8.073167800903320312e+00
1.026181793212890625e+01
1.098278713226318359e+01
1.025807952880859375e+01
8.975658416748046875e+00
1.079151535034179688e+01
3.923042774200439453e+00
1.317734146118164062e+01
1.000182437896728516e+01
1.724877357482910156e+01
1.105785274505615234e+01
9.846858024597167969e+00
1.253785800933837891e+01
1.108667373657226562e+01
1.098064994812011719e+01
1.022887706756591797e+01
1.255043983459472656e+01
1.618118667602539062e+01
1.082276248931884766e+01
1.394007587432861328e+01
1.110117912292480469e+01
1.115357303619384766e+01
1.055071353912353516e+01
9.802478790283203125e+00
9.641231536865234375e+00
1.237895107269287109e+01
9.955597877502441406e+00
1.311521530151367188e+01
4.483222961425781250e+00
1.296308135986328125e+01
9.704750061035156250e+00
1.093577003479003906e+01
9.443062782287597656e+00
9.084137916564941406e+00
1.089485740661621094e+01
7.964844226837158203e+00
1.045238971710205078e+01
9.016814231872558594e+00
1.137274646759033203e+01
9.871167182922363281e+00
3.535185098648071289e+00
4.973631381988525391e+00
1.025066852569580078e+01
8.147268295288085938e+00
1.143664455413818359e+01
9.108827590942382812e+00
1.060890007019042969e+01
1.333363342285156250e+01
9.823237419128417969e+00
8.644425392150878906e+00
9.938586235046386719e+00
1.361933708190917969e+01
7.555270195007324219e+00
8.629397392272949219e+00
7.225321769714355469e+00
1.104728031158447266e+01
3.475722074508666992e+00
3.731388330459594727e+00
1.054451370239257812e+01
1.056702899932861328e+01
1.086586284637451172e+01
1.154985809326171875e+01
1.305636501312255859e+01
8.162226676940917969e+00
1.088138294219970703e+01
9.447670936584472656e+00
1.010857772827148438e+01
9.842262268066406250e+00
6.618771553039550781e+00
1.472346973419189453e+01
1.300334262847900391e+01
9.772603034973144531e+00
9.038283348083496094e+00
1.206803894042968750e+01
9.250756263732910156e+00
3.413891792297363281e+00
9.745065689086914062e+00
1.153462886810302734e+01
1.267005634307861328e+01
1.239142704010009766e+01
1.007147121429443359e+01
8.169688224792480469e+00
6.957114696502685547e+00
1.247328853607177734e+01
1.136463832855224609e+01
5.262271881103515625e+00
6.707771778106689453e+00
1.280461025238037109e+01
4.006261825561523438e+00
1.387140655517578125e+01
7.511006832122802734e+00
1.079833698272705078e+01
4.364302635192871094e+00
9.101351737976074219e+00
8.302807807922363281e+00
1.230297851562500000e+01
3.697687625885009766e+00
1.280357170104980469e+01
1.093255138397216797e+01
1.165520763397216797e+01
1.086734199523925781e+01
1.113388061523437500e+01
9.517477989196777344e+00
1.287481021881103516e+01
4.348678588867187500e+00
1.150220584869384766e+01
7.485003948211669922e+00
1.023196125030517578e+01
1.007817840576171875e+01
6.893091201782226562e+00
8.426190376281738281e+00
1.055946636199951172e+01
4.058154582977294922e+00
1.404805564880371094e+01
1.061711215972900391e+01
1.203652572631835938e+01
9.922613143920898438e+00
9.987242698669433594e+00
9.585394859313964844e+00
3.408147811889648438e+00
3.257792234420776367e+00
9.290843963623046875e+00
1.127600669860839844e+01
7.104376316070556641e+00
7.720500469207763672e+00
9.478903770446777344e+00
7.529722213745117188e+00
1.198777866363525391e+01
1.151419544219970703e+01
1.289755058288574219e+01
1.141179656982421875e+01
1.054628753662109375e+01
9.221077919006347656e+00
1.021091842651367188e+01
1.072466373443603516e+01
1.138210582733154297e+01
9.406515121459960938e+00
1.130802631378173828e+01
1.039703655242919922e+01
1.039819908142089844e+01
1.072962379455566406e+01
1.333744335174560547e+01
9.445358276367187500e+00
8.794137001037597656e+00
1.151815319061279297e+01
9.824656486511230469e+00
8.972805976867675781e+00
3.869251251220703125e+00
1.083222389221191406e+01
9.890364646911621094e+00
1.233775234222412109e+01
1.349914169311523438e+01
1.211779975891113281e+01
6.773996353149414062e+00
3.351902008056640625e+00
9.294838905334472656e+00
1.085503578186035156e+01
7.480943202972412109e+00
1.164061069488525391e+01
1.540237998962402344e+01
1.117706012725830078e+01
1.191481494903564453e+01
8.464937210083007812e+00
1.366673469543457031e+01
1.019702816009521484e+01
1.015202236175537109e+01
1.054423427581787109e+01
1.243485164642333984e+01
1.208270645141601562e+01
1.192807579040527344e+01
3.402466297149658203e+00
1.355135917663574219e+01
1.221828651428222656e+01
1.109710025787353516e+01
7.526494503021240234e+00
1.042485713958740234e+01
9.300614356994628906e+00
1.018089962005615234e+01
8.720404624938964844e+00
8.208119392395019531e+00
1.074206733703613281e+01
9.656711578369140625e+00
1.080178833007812500e+01
1.065922164916992188e+01
1.088277626037597656e+01
9.273488044738769531e+00
1.078645801544189453e+01
1.410183238983154297e+01
7.481760978698730469e+00
8.619165420532226562e+00
9.022839546203613281e+00
3.682584762573242188e+00
7.873497962951660156e+00
1.343568801879882812e+01
9.736495971679687500e+00
1.062680816650390625e+01
8.679015159606933594e+00
1.338362693786621094e+01
1.248520278930664062e+01
9.788449287414550781e+00
8.440345764160156250e+00
1.358170986175537109e+01
8.822236061096191406e+00
8.896804809570312500e+00
1.146550559997558594e+01
8.518791198730468750e+00
9.875802993774414062e+00
5.305040359497070312e+00
9.981553077697753906e+00
1.251143932342529297e+01
1.262687397003173828e+01
1.029949378967285156e+01
4.568013191223144531e+00
6.950489044189453125e+00
1.164197349548339844e+01
1.342519664764404297e+01
8.097930908203125000e+00
1.015696239471435547e+01
1.106024551391601562e+01
3.983248472213745117e+00
1.149704647064208984e+01
8.457953453063964844e+00
1.015185546875000000e+01
1.024279499053955078e+01
1.067367649078369141e+01
1.448256111145019531e+01
1.121128845214843750e+01
1.318758773803710938e+01
9.839830398559570312e+00
1.131495285034179688e+01
1.127423095703125000e+01
1.071660137176513672e+01
9.637641906738281250e+00
