1.152484130859375000e+01
1.023909473419189453e+01
9.945994377136230469e+00
1.226675224304199219e+01
1.415886402130126953e+01
1.104402542114257812e+01
1.094724941253662109e+01
1.134247303009033203e+01
1.144635200500488281e+01
1.348712921142578125e+01
1.214923191070556641e+01
1.161143016815185547e+01
1.413271522521972656e+01
1.195949172973632812e+01
9.669086456298828125e+00
7.170888423919677734e+00
1.131065845489501953e+01
1.013759994506835938e+01
9.486335754394531250e+00
1.189695072174072266e+01
1.143798637390136719e+01
1.314579582214355469e+01
1.072114658355712891e+01
1.470371627807617188e+01
1.036205482482910156e+01
1.453548622131347656e+01
8.915145874023437500e+00
8.004892349243164062e+00
4.911194801330566406e+00
8.353828430175781250e+00
3.847280502319335938e+00
1.112742996215820312e+01
7.790541172027587891e+00
1.037504196166992188e+01
4.377433300018310547e+00
6.503663539886474609e+00
3.964137792587280273e+00
1.073469638824462891e+01
1.227206134796142578e+01
1.184521961212158203e+01
4.956521511077880859e+00
9.667127609252929688e+00
8.519203186035156250e+00
3.745645999908447266e+00
1.243245697021484375e+01
1.221118831634521484e+01
9.899085998535156250e+00
1.204624748229980469e+01
1.585582542419433594e+01
1.049843692779541016e+01
1.091364574432373047e+01
9.100361824035644531e+00
1.069339752197265625e+01
1.302542304992675781e+01
3.278347015380859375e+00
1.104983329772949219e+01
1.196584415435791016e+01
9.686159133911132812e+00
8.829139709472656250e+00
5.327343940734863281e+00
9.912810325622558594e+00
1.161479949951171875e+01
5.209638118743896484e+00
1.433007812500000000e+01
1.099980354309082031e+01
9.237940788269042969e+00
1.304067516326904297e+01
1.271786785125732422e+01
1.220989322662353516e+01
9.675046920776367188e+00
1.092724895477294922e+01
7.471076965332031250e+00
9.636197090148925781e+00
1.285253810882568359e+01
1.000045204162597656e+01
1.096998119354248047e+01
8.691402435302734375e+00
3.811538934707641602e+00
1.123030662536621094e+01
1.099227142333984375e+01
9.918604850769042969e+00
1.129485321044921875e+01
1.114427566528320312e+01
1.274617290496826172e+01
7.193406105041503906e+00
1.185962104797363281e+01
9.921739578247070312e+00
1.060463809967041016e+01
1.190805721282958984e+01
6.353817462921142578e+00
1.188974666595458984e+01
1.345749378204345703e+01
7.919472217559814453e+00
8.444046974182128906e+00
8.332800865173339844e+00
1.159987449645996094e+01
1.196702861785888672e+01
3.686049461364746094e+00
1.190171527862548828e+01
5.707675933837890625e+00
1.372528171539306641e+01
1.257310390472412109e+01
1.035129451751708984e+01
1.196167850494384766e+01
1.284373569488525391e+01
8.227159500122070312e+00
1.117926311492919922e+01
1.231101417541503906e+01
9.295149803161621094e+00
1.022283172607421875e+01
1.408654499053955078e+01
1.141855430603027344e+01
4.162999629974365234e+00
7.471768856048583984e+00
1.052532386779785156e+01
1.197216796875000000e+01
1.232241439819335938e+01
1.043663692474365234e+01
7.903975963592529297e+00
1.234545135498046875e+01
1.054248332977294922e+01
1.025062656402587891e+01
1.409195709228515625e+01
9.293208122253417969e+00
1.056217861175537109e+01
8.285984039306640625e+00
9.544153213500976562e+00
1.093512821197509766e+01
1.043449211120605469e+01
6.359077453613281250e+00
1.110601043701171875e+01
9.628545761108398438e+00
6.040672302246093750e+00
9.188120841979980469e+00
1.310746192932128906e+01
3.005139589309692383e+00
1.298307228088378906e+01
1.262108707427978516e+01
1.050076103210449219e+01
1.373335647583007812e+01
1.353914737701416016e+01
1.358473110198974609e+01
1.121248054504394531e+01
7.471649169921875000e+00
1.162427234649658203e+01
8.282234191894531250e+00
1.161480998992919922e+01
9.554193496704101562e+00
8.670736312866210938e+00
7.800913810729980469e+00
1.150236129760742188e+01
9.569077491760253906e+00
1.058561515808105469e+01
9.750994682312011719e+00
1.137089729309082031e+01
8.417637825012207031e+00
1.018233489990234375e+01
9.457028388977050781e+00
9.957220077514648438e+00
1.307666969299316406e+01
3.811885595321655273e+00
8.371772766113281250e+00
1.315853786468505859e+01
9.210311889648437500e+00
9.973189353942871094e+00
9.359751701354980469e+00
1.060562419891357422e+01
1.309624290466308594e+01
1.263915920257568359e+01
1.108666515350341797e+01
1.462344932556152344e+01
1.251463508605957031e+01
9.029972076416015625e+00
1.151647949218750000e+01
1.217250823974609375e+01
3.380528926849365234e+00
8.193315505981445312e+00
3.142397880554199219e+00
1.242253684997558594e+01
1.143775749206542969e+01
1.190526008605957031e+01
8.457953453063964844e+00
1.330817508697509766e+01
1.039684963226318359e+01
1.034413719177246094e+01
1.073084831237792969e+01
1.074925327301025391e+01
6.455035209655761719e+00
1.306304836273193359e+01
1.025108528137207031e+01
1.009099674224853516e+01
1.015586090087890625e+01
9.185479164123535156e+00
1.202966976165771484e+01
9.316736221313476562e+00
1.202396011352539062e+01
9.384382247924804688e+00
1.092855834960937500e+01
1.288461303710937500e+01
1.143500137329101562e+01
7.059098243713378906e+00
1.178281021118164062e+01
1.109489917755126953e+01
9.489998817443847656e+00
3.500790119171142578e+00
4.257855892181396484e+00
9.560150146484375000e+00
1.149513053894042969e+01
9.165185928344726562e+00
1.160131549835205078e+01
3.326951265335083008e+00
1.196858882904052734e+01
1.334208679199218750e+01
7.750936508178710938e+00
9.930916786193847656e+00
8.655878067016601562e+00
7.556096553802490234e+00
1.177693271636962891e+01
3.383565902709960938e+00
9.532400131225585938e+00
1.364231586456298828e+01
6.435053825378417969e+00
1.000663852691650391e+01
9.869148254394531250e+00
8.157759666442871094e+00
9.564836502075195312e+00
1.302672576904296875e+01
9.752609252929687500e+00
1.327497386932373047e+01
9.536732673645019531e+00
1.268699455261230469e+01
9.787858009338378906e+00
8.961604118347167969e+00
1.105002307891845703e+01
1.272963619232177734e+01
1.144026565551757812e+01
1.032308197021484375e+01
1.278841018676757812e+01
1.103239250183105469e+01
9.808915138244628906e+00
8.958631515502929688e+00
4.302638530731201172e+00
1.092895793914794922e+01
5.252331733703613281e+00
1.061370944976806641e+01
9.417070388793945312e+00
1.004036808013916016e+01
1.325443840026855469e+01
1.296122264862060547e+01
8.542436599731445312e+00
