8.385894775390625000e+00
1.314769268035888672e+01
1.176741981506347656e+01
1.455484676361083984e+01
1.064938068389892578e+01
8.844495773315429688e+00
3.638953685760498047e+00
9.296156883239746094e+00
1.191326618194580078e+01
1.061614322662353516e+01
8.748917579650878906e+00
4.648890495300292969e+00
1.009951210021972656e+01
1.227678966522216797e+01
1.420622348785400391e+01
1.185123443603515625e+01
1.378570842742919922e+01
1.280486965179443359e+01
8.515350341796875000e+00
1.209082889556884766e+01
8.979456901550292969e+00
8.473931312561035156e+00
1.150560760498046875e+01
1.215280437469482422e+01
9.809445381164550781e+00
1.002160263061523438e+01
1.204350662231445312e+01
9.706851959228515625e+00
1.142118930816650391e+01
1.203573036193847656e+01
9.938183784484863281e+00
1.023393535614013672e+01
9.402201652526855469e+00
1.040521812438964844e+01
7.584625720977783203e+00
1.190416431427001953e+01
1.179591464996337891e+01
3.955010175704956055e+00
3.860823869705200195e+00
1.108202838897705078e+01
1.208014869689941406e+01
4.002252578735351562e+00
8.196454048156738281e+00
8.548254013061523438e+00
9.513493537902832031e+00
1.216626071929931641e+01
1.079799842834472656e+01
1.299595642089843750e+01
1.187220668792724609e+01
9.927240371704101562e+00
8.662751197814941406e+00
1.297029495239257812e+01
9.952486038208007812e+00
1.373901176452636719e+01
9.765705108642578125e+00
1.139078807830810547e+01
1.115855503082275391e+01
1.343301582336425781e+01
1.258775234222412109e+01
3.882162809371948242e+00
9.974587440490722656e+00
1.197885131835937500e+01
1.161585140228271484e+01
1.266060161590576172e+01
1.352581691741943359e+01
1.031982231140136719e+01
1.012621307373046875e+01
1.070482540130615234e+01
8.598293304443359375e+00
1.363677597045898438e+01
1.019882965087890625e+01
1.303176212310791016e+01
6.365042686462402344e+00
1.343325996398925781e+01
1.055426597595214844e+01
4.243072032928466797e+00
8.130716323852539062e+00
8.030235290527343750e+00
1.023298358917236328e+01
1.176188468933105469e+01
8.097837448120117188e+00
1.259069347381591797e+01
7.161900997161865234e+00
1.409498786926269531e+01
6.151750087738037109e+00
1.275417041778564453e+01
9.233011245727539062e+00
1.177988338470458984e+01
1.030527019500732422e+01
1.302419948577880859e+01
1.102263832092285156e+01
9.941237449645996094e+00
1.294142627716064453e+01
1.183579540252685547e+01
1.422744083404541016e+01
9.832544326782226562e+00
9.344406127929687500e+00
9.682358741760253906e+00
1.181457519531250000e+01
8.465281486511230469e+00
1.007192039489746094e+01
9.868597030639648438e+00
4.231261730194091797e+00
3.647118091583251953e+00
7.099967479705810547e+00
3.696365118026733398e+00
1.061930656433105469e+01
8.618415832519531250e+00
1.066324901580810547e+01
9.015422821044921875e+00
3.880459070205688477e+00
9.166339874267578125e+00
1.289241027832031250e+01
1.028939819335937500e+01
1.449419879913330078e+01
1.232630825042724609e+01
8.951003074645996094e+00
1.124602508544921875e+01
9.356435775756835938e+00
1.115333557128906250e+01
1.129087924957275391e+01
1.151094150543212891e+01
1.208346557617187500e+01
1.318718624114990234e+01
9.542094230651855469e+00
9.554036140441894531e+00
8.795668601989746094e+00
1.119989299774169922e+01
1.250516891479492188e+01
1.050120449066162109e+01
1.353059387207031250e+01
1.190684700012207031e+01
9.819817543029785156e+00
4.097136497497558594e+00
9.288331031799316406e+00
1.030032920837402344e+01
1.238714504241943359e+01
4.566801071166992188e+00
7.340832710266113281e+00
1.039267539978027344e+01
8.570960044860839844e+00
1.227111148834228516e+01
1.184247779846191406e+01
1.308000469207763672e+01
5.279026031494140625e+00
1.321709442138671875e+01
1.193212413787841797e+01
9.784781455993652344e+00
1.200451850891113281e+01
9.866769790649414062e+00
9.218976974487304688e+00
1.223362827301025391e+01
8.940144538879394531e+00
9.730735778808593750e+00
1.518523979187011719e+01
1.222058105468750000e+01
3.893633604049682617e+00
1.114301681518554688e+01
9.290866851806640625e+00
1.125616931915283203e+01
3.871253728866577148e+00
1.305876445770263672e+01
1.344685077667236328e+01
1.414181423187255859e+01
1.187660026550292969e+01
1.283740520477294922e+01
1.139801406860351562e+01
1.275490188598632812e+01
4.231131076812744141e+00
1.352291774749755859e+01
8.226931571960449219e+00
1.057222366333007812e+01
9.825537681579589844e+00
1.319100284576416016e+01
1.115869522094726562e+01
1.183590984344482422e+01
9.398340225219726562e+00
1.323736858367919922e+01
1.105277538299560547e+01
9.530921936035156250e+00
7.134392738342285156e+00
8.828485488891601562e+00
1.119584465026855469e+01
4.729802131652832031e+00
1.118989467620849609e+01
1.031880950927734375e+01
1.244377231597900391e+01
1.269782161712646484e+01
3.132162570953369141e+00
3.601460933685302734e+00
1.058381080627441406e+01
1.160072231292724609e+01
8.691215515136718750e+00
1.139609813690185547e+01
1.152433776855468750e+01
1.361010074615478516e+01
3.868320941925048828e+00
1.087450313568115234e+01
1.364024829864501953e+01
1.200413990020751953e+01
8.783778190612792969e+00
1.047336959838867188e+01
9.568820953369140625e+00
9.809679985046386719e+00
9.612157821655273438e+00
1.168277645111083984e+01
9.819792747497558594e+00
9.752807617187500000e+00
8.966403961181640625e+00
1.360592174530029297e+01
1.153131961822509766e+01
1.566916751861572266e+01
1.109354305267333984e+01
1.096099662780761719e+01
7.323542118072509766e+00
1.063790798187255859e+01
1.045815849304199219e+01
9.247803688049316406e+00
9.811457633972167969e+00
1.205411624908447266e+01
1.122566699981689453e+01
1.138299465179443359e+01
9.807817459106445312e+00
9.438775062561035156e+00
8.986055374145507812e+00
1.088502025604248047e+01
1.338473129272460938e+01
1.060933876037597656e+01
5.789930343627929688e+00
8.264842987060546875e+00
1.258433341979980469e+01
1.254477405548095703e+01
1.276297855377197266e+01
7.698202133178710938e+00
3.746105909347534180e+00
1.170324897766113281e+01
9.246663093566894531e+00
8.178188323974609375e+00
9.021455764770507812e+00
1.106419277191162109e+01
9.035798072814941406e+00
1.256835269927978516e+01
1.408694648742675781e+01
9.259586334228515625e+00
4.091856002807617188e+00
1.299865818023681641e+01
1.123973560333251953e+01
1.019124221801757812e+01
1.092897796630859375e+01
7.376461505889892578e+00
