1.137075328826904297e+01
1.061810493469238281e+01
9.025812149047851562e+00
1.408074092864990234e+01
1.017420578002929688e+01
1.446059417724609375e+01
1.035507678985595703e+01
9.603437423706054688e+00
9.199512481689453125e+00
8.846829414367675781e+00
1.205027008056640625e+01
1.137509918212890625e+01
1.033961391448974609e+01
9.793173789978027344e+00
4.740428447723388672e+00
1.081364154815673828e+01
7.240137577056884766e+00
3.490001916885375977e+00
3.440420627593994141e+00
1.114937973022460938e+01
9.478359222412109375e+00
1.115389251708984375e+01
5.129052162170410156e+00
8.789007186889648438e+00
1.204777717590332031e+01
1.118955993652343750e+01
1.026078701019287109e+01
9.233105659484863281e+00
1.112635993957519531e+01
8.040435791015625000e+00
1.522534561157226562e+01
1.107360935211181641e+01
5.448643684387207031e+00
8.831950187683105469e+00
1.468405055999755859e+01
1.032165241241455078e+01
8.185917854309082031e+00
8.929893493652343750e+00
1.096730899810791016e+01
1.115474700927734375e+01
1.173162937164306641e+01
7.879422187805175781e+00
1.182696437835693359e+01
9.299087524414062500e+00
3.439088106155395508e+00
8.878212928771972656e+00
1.118900489807128906e+01
7.345042705535888672e+00
1.306252288818359375e+01
8.259594917297363281e+00
8.558203697204589844e+00
3.115068674087524414e+00
8.936775207519531250e+00
8.445442199707031250e+00
7.802467346191406250e+00
1.007340335845947266e+01
3.598051309585571289e+00
1.051814079284667969e+01
1.022236156463623047e+01
1.007481670379638672e+01
1.457275867462158203e+01
8.151231765747070312e+00
9.811896324157714844e+00
1.079504680633544922e+01
1.239834976196289062e+01
8.139057159423828125e+00
1.018530082702636719e+01
2.895275831222534180e+00
7.910833358764648438e+00
1.073427581787109375e+01
1.319018745422363281e+01
1.052979946136474609e+01
1.034086132049560547e+01
1.162353801727294922e+01
8.519055366516113281e+00
3.703680276870727539e+00
1.292722797393798828e+01
8.059998512268066406e+00
1.205846881866455078e+01
1.080840110778808594e+01
8.595989227294921875e+00
8.398725509643554688e+00
9.389533042907714844e+00
7.946770668029785156e+00
8.593218803405761719e+00
8.790492057800292969e+00
4.697240352630615234e+00
3.116470336914062500e+00
1.126817798614501953e+01
1.320322036743164062e+01
9.533081054687500000e+00
1.164378929138183594e+01
9.383687019348144531e+00
1.197282218933105469e+01
1.189682960510253906e+01
1.116969013214111328e+01
1.091447162628173828e+01
9.591865539550781250e+00
3.463355779647827148e+00
9.619568824768066406e+00
1.179619026184082031e+01
9.792614936828613281e+00
1.114102172851562500e+01
3.424084186553955078e+00
1.275594997406005859e+01
7.286173343658447266e+00
1.073093128204345703e+01
7.935231685638427734e+00
1.140587425231933594e+01
1.073363590240478516e+01
1.127273845672607422e+01
1.202317619323730469e+01
1.274390316009521484e+01
9.685297012329101562e+00
1.130472373962402344e+01
3.600290536880493164e+00
1.073167896270751953e+01
7.813347816467285156e+00
1.176593971252441406e+01
1.186884403228759766e+01
9.515804290771484375e+00
1.260084342956542969e+01
1.076958656311035156e+01
1.001611900329589844e+01
1.400229835510253906e+01
7.948674678802490234e+00
1.438351249694824219e+01
9.513027191162109375e+00
6.336493015289306641e+00
1.115337657928466797e+01
1.328197479248046875e+01
9.259962081909179688e+00
1.105633735656738281e+01
1.448871612548828125e+01
1.385789012908935547e+01
1.225922012329101562e+01
1.165101432800292969e+01
1.114197349548339844e+01
1.148857975006103516e+01
8.510685920715332031e+00
1.174225044250488281e+01
1.267525768280029297e+01
1.113001728057861328e+01
1.040146350860595703e+01
9.851058006286621094e+00
8.715747833251953125e+00
9.605730056762695312e+00
1.143001270294189453e+01
1.002558803558349609e+01
1.059388065338134766e+01
9.510132789611816406e+00
3.379018068313598633e+00
8.901330947875976562e+00
1.121481513977050781e+01
1.214476108551025391e+01
8.482420921325683594e+00
1.108544445037841797e+01
1.284863376617431641e+01
4.235388278961181641e+00
1.499582576751708984e+01
8.013514518737792969e+00
9.667286872863769531e+00
1.129360008239746094e+01
9.021610260009765625e+00
1.300799369812011719e+01
9.745084762573242188e+00
4.481452465057373047e+00
1.447226428985595703e+01
3.993951797485351562e+00
5.300208568572998047e+00
1.086623573303222656e+01
1.084297180175781250e+01
1.082409763336181641e+01
3.867978811264038086e+00
1.125677394866943359e+01
1.202408981323242188e+01
1.048586940765380859e+01
1.131682395935058594e+01
9.719138145446777344e+00
3.631635189056396484e+00
1.162676239013671875e+01
1.282652759552001953e+01
8.546001434326171875e+00
8.679703712463378906e+00
1.011885738372802734e+01
1.065537166595458984e+01
9.681520462036132812e+00
8.678891181945800781e+00
9.805145263671875000e+00
7.117361068725585938e+00
9.938663482666015625e+00
1.136805057525634766e+01
1.069433498382568359e+01
7.659935474395751953e+00
1.148900222778320312e+01
1.326333045959472656e+01
9.614428520202636719e+00
4.672963142395019531e+00
1.219597244262695312e+01
1.206812572479248047e+01
1.105895996093750000e+01
1.112944221496582031e+01
1.071535682678222656e+01
9.492785453796386719e+00
9.945442199707031250e+00
1.175230216979980469e+01
8.636419296264648438e+00
9.449791908264160156e+00
1.140573120117187500e+01
9.937617301940917969e+00
7.802002429962158203e+00
1.211275196075439453e+01
1.294125843048095703e+01
1.475505065917968750e+01
6.866648197174072266e+00
5.591607093811035156e+00
1.144956970214843750e+01
1.244839859008789062e+01
1.049308013916015625e+01
1.022888755798339844e+01
1.240972518920898438e+01
9.475254058837890625e+00
1.096859073638916016e+01
1.024098682403564453e+01
8.862043380737304688e+00
9.999965667724609375e+00
1.222950363159179688e+01
6.918322563171386719e+00
9.620543479919433594e+00
1.162413024902343750e+01
1.131851863861083984e+01
8.614825248718261719e+00
1.019094944000244141e+01
7.911945343017578125e+00
1.019072914123535156e+01
1.339035224914550781e+01
8.473540306091308594e+00
8.367686271667480469e+00
8.648725509643554688e+00
9.901956558227539062e+00
4.333764553070068359e+00
1.214027214050292969e+01
9.640361785888671875e+00
8.357652664184570312e+00
1.196961784362792969e+01
1.128298187255859375e+01
6.898564338684082031e+00
1.141899204254150391e+01
1.136842918395996094e+01
1.166421604156494141e+01
