1.413130474090576172e+01
1.083988571166992188e+01
1.009710025787353516e+01
9.011795997619628906e+00
3.580871105194091797e+00
1.197690963745117188e+01
4.672627925872802734e+00
9.813025474548339844e+00
8.065594673156738281e+00
1.238901996612548828e+01
8.910263061523437500e+00
9.910578727722167969e+00
3.355451345443725586e+00
1.558957195281982422e+01
1.020162487030029297e+01
9.281064033508300781e+00
1.199445438385009766e+01
1.098770332336425781e+01
1.007296752929687500e+01
1.224356460571289062e+01
4.876987457275390625e+00
7.746593952178955078e+00
1.030944824218750000e+01
3.614997386932373047e+00
9.939022064208984375e+00
8.732417106628417969e+00
9.487768173217773438e+00
1.082678794860839844e+01
1.061141681671142578e+01
1.420761966705322266e+01
1.214378547668457031e+01
1.013946247100830078e+01
1.279416942596435547e+01
8.948615074157714844e+00
1.320097446441650391e+01
1.198530864715576172e+01
9.586127281188964844e+00
8.942996025085449219e+00
8.869048118591308594e+00
1.049380111694335938e+01
9.953420639038085938e+00
1.169550323486328125e+01
1.038495635986328125e+01
1.175853252410888672e+01
1.032202148437500000e+01
1.363644027709960938e+01
9.186031341552734375e+00
8.782685279846191406e+00
9.113199234008789062e+00
1.122252368927001953e+01
9.498724937438964844e+00
4.693401813507080078e+00
1.509630298614501953e+01
8.511466026306152344e+00
5.486660003662109375e+00
1.238462448120117188e+01
1.160508251190185547e+01
9.090122222900390625e+00
4.159976482391357422e+00
9.229410171508789062e+00
1.034508323669433594e+01
8.927588462829589844e+00
1.338051605224609375e+01
1.132399940490722656e+01
1.229777622222900391e+01
1.354617023468017578e+01
1.095992755889892578e+01
1.174179172515869141e+01
1.171212863922119141e+01
9.223834037780761719e+00
9.061940193176269531e+00
9.461577415466308594e+00
1.041544723510742188e+01
4.583942890167236328e+00
1.071258926391601562e+01
3.943733692169189453e+00
1.142922401428222656e+01
1.019306755065917969e+01
1.282561874389648438e+01
1.040633583068847656e+01
1.134675693511962891e+01
8.455389976501464844e+00
1.006541061401367188e+01
9.889234542846679688e+00
1.243992137908935547e+01
1.134212875366210938e+01
1.286495018005371094e+01
9.418025016784667969e+00
1.040878009796142578e+01
9.650539398193359375e+00
4.592222213745117188e+00
1.205629539489746094e+01
1.060839366912841797e+01
1.020589923858642578e+01
1.029710197448730469e+01
1.364861202239990234e+01
1.050427436828613281e+01
9.778615951538085938e+00
6.925210475921630859e+00
9.434514999389648438e+00
7.244210720062255859e+00
9.912633895874023438e+00
1.054586124420166016e+01
1.369646453857421875e+01
1.159368038177490234e+01
1.085630226135253906e+01
1.337281131744384766e+01
3.554559707641601562e+00
1.085005950927734375e+01
1.064634227752685547e+01
1.197125148773193359e+01
1.016494464874267578e+01
1.155030822753906250e+01
1.423064327239990234e+01
4.572286605834960938e+00
9.570929527282714844e+00
1.176500129699707031e+01
1.213773059844970703e+01
1.155887699127197266e+01
1.107537937164306641e+01
1.036950778961181641e+01
8.912793159484863281e+00
8.971706390380859375e+00
4.457869529724121094e+00
9.838329315185546875e+00
1.064225292205810547e+01
1.324867916107177734e+01
1.408028125762939453e+01
3.901146650314331055e+00
1.652150154113769531e+01
1.005895996093750000e+01
1.000367164611816406e+01
6.812305927276611328e+00
1.011935901641845703e+01
1.280027389526367188e+01
1.376607322692871094e+01
1.069416046142578125e+01
1.007768344879150391e+01
1.215276622772216797e+01
1.193477535247802734e+01
1.095772743225097656e+01
9.526828765869140625e+00
7.324558258056640625e+00
1.011579322814941406e+01
1.072124195098876953e+01
9.960688591003417969e+00
1.064237213134765625e+01
9.885244369506835938e+00
1.020711898803710938e+01
4.300278663635253906e+00
9.357819557189941406e+00
1.456157493591308594e+01
1.399797916412353516e+01
1.377339935302734375e+01
1.062985038757324219e+01
1.286424350738525391e+01
1.075393104553222656e+01
9.817662239074707031e+00
1.138413238525390625e+01
1.018508625030517578e+01
9.328465461730957031e+00
9.594205856323242188e+00
1.384889125823974609e+01
1.377838516235351562e+01
1.142565345764160156e+01
9.805304527282714844e+00
1.394694423675537109e+01
1.120538234710693359e+01
5.703384876251220703e+00
4.563270568847656250e+00
1.431804656982421875e+01
1.282962799072265625e+01
9.241033554077148438e+00
1.294810581207275391e+01
8.119836807250976562e+00
1.308151531219482422e+01
3.482564926147460938e+00
1.053305625915527344e+01
7.059059143066406250e+00
9.031913757324218750e+00
1.006350040435791016e+01
8.894899368286132812e+00
1.230643177032470703e+01
1.089871311187744141e+01
1.018009662628173828e+01
7.947521209716796875e+00
1.031849384307861328e+01
9.658223152160644531e+00
1.030019950866699219e+01
4.380545139312744141e+00
8.937598228454589844e+00
1.323321819305419922e+01
1.296289634704589844e+01
1.367075061798095703e+01
1.335520267486572266e+01
1.259746837615966797e+01
1.307157897949218750e+01
9.134497642517089844e+00
1.218333435058593750e+01
1.006314849853515625e+01
1.044717025756835938e+01
7.428759574890136719e+00
9.548062324523925781e+00
1.088295173645019531e+01
4.055425167083740234e+00
1.145049667358398438e+01
7.396415710449218750e+00
1.093306064605712891e+01
9.434765815734863281e+00
7.130852222442626953e+00
1.006855678558349609e+01
1.129447174072265625e+01
8.001476287841796875e+00
8.866332054138183594e+00
8.847298622131347656e+00
1.153470897674560547e+01
1.232551574707031250e+01
1.182682418823242188e+01
9.662127494812011719e+00
7.891618728637695312e+00
1.171322345733642578e+01
3.846417188644409180e+00
9.657457351684570312e+00
8.540873527526855469e+00
7.999107837677001953e+00
3.959021329879760742e+00
1.088203620910644531e+01
1.472052192687988281e+01
1.019710159301757812e+01
9.561907768249511719e+00
9.494508743286132812e+00
9.578868865966796875e+00
9.807770729064941406e+00
7.721862316131591797e+00
4.119730472564697266e+00
4.906927585601806641e+00
1.271066188812255859e+01
4.712857246398925781e+00
1.038918781280517578e+01
5.322983264923095703e+00
1.264979457855224609e+01
1.225572299957275391e+01
7.154957294464111328e+00
1.109779739379882812e+01
8.670619010925292969e+00
4.759117126464843750e+00
1.081632328033447266e+01
1.433375358581542969e+01
1.392479991912841797e+01
8.370476722717285156e+00
