7.750865459442138672e+00
8.070721626281738281e+00
1.315447807312011719e+01
1.227848815917968750e+01
1.004371547698974609e+01
4.769375801086425781e+00
7.757588386535644531e+00
1.270417976379394531e+01
1.000441837310791016e+01
1.155619430541992188e+01
1.421681022644042969e+01
9.467933654785156250e+00
3.907787561416625977e+00
1.341463661193847656e+01
9.179234504699707031e+00
9.263811111450195312e+00
1.268066501617431641e+01
8.648071289062500000e+00
1.187277412414550781e+01
1.130931186676025391e+01
7.917898654937744141e+00
8.754276275634765625e+00
1.213286113739013672e+01
9.242733955383300781e+00
9.194371223449707031e+00
8.401410102844238281e+00
1.598517894744873047e+01
1.109671115875244141e+01
9.397928237915039062e+00
1.024925899505615234e+01
1.064586830139160156e+01
9.642524719238281250e+00
8.885388374328613281e+00
4.245006561279296875e+00
1.247463512420654297e+01
8.287895202636718750e+00
1.164625930786132812e+01
7.530020713806152344e+00
8.933485031127929688e+00
1.190300464630126953e+01
6.703602313995361328e+00
5.128296375274658203e+00
3.692368745803833008e+00
9.007374763488769531e+00
8.287109375000000000e+00
1.426202201843261719e+01
1.123612308502197266e+01
1.305084609985351562e+01
1.036591053009033203e+01
8.820942878723144531e+00
4.552541255950927734e+00
1.078730869293212891e+01
5.434462070465087891e+00
1.122021579742431641e+01
3.572478055953979492e+00
4.054605960845947266e+00
1.224810028076171875e+01
7.444037914276123047e+00
1.080972385406494141e+01
1.077550601959228516e+01
5.485286235809326172e+00
1.462158775329589844e+01
1.185711860656738281e+01
9.589365959167480469e+00
9.241595268249511719e+00
1.054489612579345703e+01
1.089977359771728516e+01
8.755172729492187500e+00
5.918414592742919922e+00
8.923270225524902344e+00
1.097593498229980469e+01
7.505300521850585938e+00
1.146595859527587891e+01
1.365525245666503906e+01
1.046412467956542969e+01
1.192174339294433594e+01
7.676231861114501953e+00
8.299651145935058594e+00
9.508047103881835938e+00
7.910662174224853516e+00
9.457988739013671875e+00
1.176660823822021484e+01
1.317053604125976562e+01
8.358686447143554688e+00
1.048248195648193359e+01
1.090180873870849609e+01
7.801158428192138672e+00
1.300222682952880859e+01
9.513424873352050781e+00
1.140884780883789062e+01
1.036214160919189453e+01
1.107021331787109375e+01
1.232961940765380859e+01
9.083196640014648438e+00
5.616633892059326172e+00
1.151880550384521484e+01
1.296339797973632812e+01
1.249809455871582031e+01
8.701213836669921875e+00
1.284874248504638672e+01
1.062980842590332031e+01
1.059138393402099609e+01
1.449781131744384766e+01
4.307382106781005859e+00
1.235353374481201172e+01
8.708888053894042969e+00
9.891710281372070312e+00
9.362679481506347656e+00
1.224314308166503906e+01
1.090082645416259766e+01
8.475978851318359375e+00
1.222785377502441406e+01
8.511285781860351562e+00
8.278114318847656250e+00
7.950117111206054688e+00
1.049993038177490234e+01
1.045930480957031250e+01
1.062394809722900391e+01
1.228856849670410156e+01
1.147246742248535156e+01
1.312302684783935547e+01
6.865196228027343750e+00
4.157913208007812500e+00
1.146265888214111328e+01
1.146260452270507812e+01
1.272539997100830078e+01
9.681789398193359375e+00
1.306572723388671875e+01
1.086091804504394531e+01
1.084101772308349609e+01
1.134296417236328125e+01
1.214193916320800781e+01
1.006308460235595703e+01
8.327624320983886719e+00
1.254572010040283203e+01
9.058528900146484375e+00
9.400228500366210938e+00
4.017317295074462891e+00
9.967322349548339844e+00
1.163138866424560547e+01
1.295407772064208984e+01
1.097848415374755859e+01
1.026226997375488281e+01
7.223346710205078125e+00
1.140199470520019531e+01
1.047351264953613281e+01
4.289550304412841797e+00
1.019869327545166016e+01
1.060346031188964844e+01
9.470973968505859375e+00
1.439649391174316406e+01
8.239793777465820312e+00
3.930742263793945312e+00
1.275368213653564453e+01
7.746482372283935547e+00
1.309534263610839844e+01
1.474501895904541016e+01
8.689994812011718750e+00
1.138867282867431641e+01
8.308600425720214844e+00
9.244323730468750000e+00
6.397803306579589844e+00
1.541475200653076172e+01
1.416334533691406250e+01
1.260379981994628906e+01
1.004720687866210938e+01
1.059447956085205078e+01
1.002803611755371094e+01
1.318659305572509766e+01
1.132056903839111328e+01
8.085209846496582031e+00
1.120891380310058594e+01
1.047403621673583984e+01
1.465930652618408203e+01
1.029268550872802734e+01
1.065442752838134766e+01
7.425048351287841797e+00
9.535310745239257812e+00
1.143907737731933594e+01
8.845633506774902344e+00
9.787749290466308594e+00
1.098062705993652344e+01
1.096540737152099609e+01
1.108077621459960938e+01
3.505943775177001953e+00
1.110258674621582031e+01
1.012926197052001953e+01
1.066298961639404297e+01
1.145933341979980469e+01
1.190850925445556641e+01
8.747890472412109375e+00
1.318756580352783203e+01
1.004796791076660156e+01
1.240395927429199219e+01
1.092249393463134766e+01
4.596587181091308594e+00
1.127876472473144531e+01
9.326433181762695312e+00
1.286649131774902344e+01
4.673154354095458984e+00
1.279448223114013672e+01
9.674015998840332031e+00
9.508997917175292969e+00
9.807587623596191406e+00
1.136163425445556641e+01
1.237981319427490234e+01
1.083648872375488281e+01
4.484004497528076172e+00
1.241092491149902344e+01
8.980460166931152344e+00
1.014590358734130859e+01
4.710918903350830078e+00
1.232035255432128906e+01
8.333572387695312500e+00
1.034011173248291016e+01
1.070422744750976562e+01
3.568937778472900391e+00
4.060625076293945312e+00
7.833040714263916016e+00
1.183531761169433594e+01
9.287775039672851562e+00
1.258194446563720703e+01
1.341007232666015625e+01
1.186391639709472656e+01
8.583886146545410156e+00
1.142325305938720703e+01
1.246585464477539062e+01
8.442025184631347656e+00
1.211706066131591797e+01
1.051546287536621094e+01
1.247384834289550781e+01
1.243598175048828125e+01
1.129726600646972656e+01
9.709994316101074219e+00
1.323726272583007812e+01
1.047026252746582031e+01
1.277469253540039062e+01
4.143218517303466797e+00
1.070095920562744141e+01
1.336457252502441406e+01
1.203602981567382812e+01
1.263321876525878906e+01
9.167742729187011719e+00
1.038934135437011719e+01
9.560056686401367188e+00
9.136999130249023438e+00
1.132560157775878906e+01
8.916433334350585938e+00
1.181545352935791016e+01
1.267433929443359375e+01
