5.501640796661376953e+00
1.071757411956787109e+01
4.673417568206787109e+00
9.785963058471679688e+00
1.020980930328369141e+01
1.305313491821289062e+01
1.228256797790527344e+01
1.028621673583984375e+01
1.049368953704833984e+01
1.071340656280517578e+01
1.006122589111328125e+01
1.326700019836425781e+01
1.351377487182617188e+01
1.165846633911132812e+01
1.211938381195068359e+01
1.082929706573486328e+01
1.033643913269042969e+01
8.023096084594726562e+00
9.567434310913085938e+00
9.030649185180664062e+00
1.087457466125488281e+01
9.364407539367675781e+00
1.041926193237304688e+01
1.194188976287841797e+01
1.456765937805175781e+01
1.092133998870849609e+01
9.033061027526855469e+00
5.119364261627197266e+00
1.309744071960449219e+01
8.715126991271972656e+00
8.716588020324707031e+00
8.305760383605957031e+00
6.357839107513427734e+00
1.210792732238769531e+01
1.279557323455810547e+01
4.589367866516113281e+00
9.815127372741699219e+00
6.242393016815185547e+00
1.303167152404785156e+01
8.629661560058593750e+00
8.679975509643554688e+00
1.020749282836914062e+01
9.317121505737304688e+00
8.339098930358886719e+00
1.122348308563232422e+01
8.651901245117187500e+00
1.138049411773681641e+01
8.953232765197753906e+00
1.144836616516113281e+01
1.013884449005126953e+01
7.411121845245361328e+00
9.236215591430664062e+00
9.891956329345703125e+00
9.937128067016601562e+00
1.048021316528320312e+01
3.851387739181518555e+00
9.348229408264160156e+00
8.938730239868164062e+00
1.025565433502197266e+01
1.129573535919189453e+01
1.042653942108154297e+01
8.247628211975097656e+00
9.348684310913085938e+00
1.094936275482177734e+01
1.415579223632812500e+01
8.964359283447265625e+00
8.651635169982910156e+00
1.250684547424316406e+01
9.901453971862792969e+00
9.990641593933105469e+00
1.257162189483642578e+01
1.058465671539306641e+01
8.613154411315917969e+00
1.312771129608154297e+01
1.116050052642822266e+01
1.144908618927001953e+01
1.087938690185546875e+01
1.268132877349853516e+01
9.130196571350097656e+00
8.317572593688964844e+00
1.292401313781738281e+01
1.032466793060302734e+01
9.600891113281250000e+00
1.135447120666503906e+01
8.993705749511718750e+00
8.942810058593750000e+00
1.111834335327148438e+01
1.597938346862792969e+01
1.142299079895019531e+01
1.218887424468994141e+01
1.388483810424804688e+01
1.005453205108642578e+01
1.464947986602783203e+01
1.093971443176269531e+01
9.021476745605468750e+00
1.053730964660644531e+01
9.072512626647949219e+00
9.673347473144531250e+00
1.217209625244140625e+01
1.120115375518798828e+01
1.175762271881103516e+01
1.202553749084472656e+01
1.045559597015380859e+01
8.395322799682617188e+00
1.398916339874267578e+01
9.357960700988769531e+00
1.187359809875488281e+01
1.251917266845703125e+01
8.869995117187500000e+00
1.184903144836425781e+01
1.134970378875732422e+01
9.551579475402832031e+00
1.567086124420166016e+01
1.102024459838867188e+01
8.987304687500000000e+00
9.642370223999023438e+00
1.158385276794433594e+01
1.205054092407226562e+01
1.149464988708496094e+01
4.424460887908935547e+00
8.575429916381835938e+00
1.400641345977783203e+01
4.318849086761474609e+00
1.146282577514648438e+01
9.387741088867187500e+00
8.505750656127929688e+00
1.042034816741943359e+01
3.584536790847778320e+00
1.055038642883300781e+01
1.115533447265625000e+01
1.223439979553222656e+01
9.658880233764648438e+00
9.264597892761230469e+00
1.111344337463378906e+01
6.023672580718994141e+00
1.081060600280761719e+01
1.013621997833251953e+01
1.072001361846923828e+01
1.026449108123779297e+01
7.724299907684326172e+00
4.062964439392089844e+00
9.298368453979492188e+00
9.231801986694335938e+00
1.039458084106445312e+01
1.254482364654541016e+01
1.097215175628662109e+01
9.929681777954101562e+00
3.828399181365966797e+00
1.338745975494384766e+01
1.254331016540527344e+01
9.323930740356445312e+00
9.968772888183593750e+00
1.048636245727539062e+01
1.073525238037109375e+01
9.083910942077636719e+00
1.242855739593505859e+01
7.028807640075683594e+00
1.213705921173095703e+01
1.242681121826171875e+01
6.695715427398681641e+00
1.067607212066650391e+01
1.164468479156494141e+01
1.164260005950927734e+01
7.181551933288574219e+00
1.454957485198974609e+01
1.418852996826171875e+01
1.160806560516357422e+01
3.707091808319091797e+00
1.212676620483398438e+01
1.193485355377197266e+01
7.194841861724853516e+00
9.769992828369140625e+00
1.064113140106201172e+01
1.148728847503662109e+01
9.533017158508300781e+00
1.265772819519042969e+01
4.725872516632080078e+00
1.118791007995605469e+01
1.282323455810546875e+01
8.209749221801757812e+00
8.386745452880859375e+00
1.139537620544433594e+01
8.418861389160156250e+00
1.189814281463623047e+01
1.119213294982910156e+01
1.037698936462402344e+01
6.248096466064453125e+00
9.948058128356933594e+00
1.226290512084960938e+01
3.995468139648437500e+00
1.116938781738281250e+01
7.130610942840576172e+00
8.073045730590820312e+00
1.151281452178955078e+01
1.356678199768066406e+01
1.051764965057373047e+01
1.204354000091552734e+01
4.245463848114013672e+00
1.303713226318359375e+01
9.538757324218750000e+00
9.788804054260253906e+00
3.767000913619995117e+00
1.050707912445068359e+01
9.215015411376953125e+00
1.144928646087646484e+01
1.029544067382812500e+01
1.008771419525146484e+01
1.216603851318359375e+01
1.210218238830566406e+01
1.330784988403320312e+01
7.688271045684814453e+00
1.089497375488281250e+01
1.285714817047119141e+01
1.088914299011230469e+01
1.494741058349609375e+01
9.123682975769042969e+00
1.508716106414794922e+01
1.100897407531738281e+01
5.885714054107666016e+00
1.022352886199951172e+01
1.082840538024902344e+01
9.742187500000000000e+00
9.642830848693847656e+00
1.172848129272460938e+01
1.058645439147949219e+01
9.898931503295898438e+00
1.201803398132324219e+01
7.064920902252197266e+00
1.296142196655273438e+01
8.961531639099121094e+00
1.022168731689453125e+01
1.035875988006591797e+01
1.252690505981445312e+01
3.814208745956420898e+00
1.448309803009033203e+01
1.063647937774658203e+01
9.364972114562988281e+00
1.224070644378662109e+01
1.037050533294677734e+01
8.952991485595703125e+00
1.160067558288574219e+01
1.043929481506347656e+01
1.404741573333740234e+01
6.146733283996582031e+00
1.087836456298828125e+01
1.285975742340087891e+01
7.066379070281982422e+00
1.244108104705810547e+01
1.192237186431884766e+01
1.087477207183837891e+01
