8.902012825012207031e+00
9.496665954589843750e+00
1.342133808135986328e+01
7.816087245941162109e+00
1.019355297088623047e+01
1.131023597717285156e+01
1.256761932373046875e+01
4.312163829803466797e+00
1.409350872039794922e+01
8.195808410644531250e+00
9.683295249938964844e+00
1.255791854858398438e+01
4.058791160583496094e+00
7.427732944488525391e+00
9.481512069702148438e+00
9.513431549072265625e+00
1.223343753814697266e+01
3.551070690155029297e+00
4.468634128570556641e+00
9.835268974304199219e+00
1.108975219726562500e+01
8.942720413208007812e+00
1.248641204833984375e+01
1.118931293487548828e+01
1.121105098724365234e+01
7.890325069427490234e+00
7.524544715881347656e+00
9.324434280395507812e+00
1.259311962127685547e+01
9.190690994262695312e+00
8.492694854736328125e+00
1.255213165283203125e+01
1.117075634002685547e+01
3.888187170028686523e+00
1.096117115020751953e+01
1.295597743988037109e+01
1.111629676818847656e+01
1.052466011047363281e+01
1.065131855010986328e+01
1.333592128753662109e+01
9.927444458007812500e+00
4.664544105529785156e+00
1.269551563262939453e+01
8.929024696350097656e+00
9.792473793029785156e+00
1.229100894927978516e+01
1.125220775604248047e+01
1.340359115600585938e+01
8.426143646240234375e+00
4.109160423278808594e+00
1.084418010711669922e+01
4.900410652160644531e+00
5.754254817962646484e+00
7.727715492248535156e+00
1.270354175567626953e+01
9.367234230041503906e+00
8.728154182434082031e+00
3.768388748168945312e+00
1.126785278320312500e+01
1.227316474914550781e+01
7.759511470794677734e+00
1.085721111297607422e+01
1.052395629882812500e+01
1.010564804077148438e+01
1.028525447845458984e+01
1.066873168945312500e+01
9.521511077880859375e+00
1.081951332092285156e+01
1.257238578796386719e+01
8.074584960937500000e+00
1.261980533599853516e+01
9.547138214111328125e+00
3.506277084350585938e+00
8.135927200317382812e+00
1.214414024353027344e+01
9.417707443237304688e+00
5.580010414123535156e+00
4.476480484008789062e+00
8.805527687072753906e+00
1.256175327301025391e+01
1.281318283081054688e+01
1.135463047027587891e+01
6.385402679443359375e+00
1.037277984619140625e+01
3.505768060684204102e+00
1.241579055786132812e+01
9.722361564636230469e+00
9.108871459960937500e+00
1.120501613616943359e+01
7.826417446136474609e+00
1.154321289062500000e+01
8.681318283081054688e+00
9.159162521362304688e+00
9.660558700561523438e+00
1.235482597351074219e+01
4.106771945953369141e+00
7.869668960571289062e+00
1.024581813812255859e+01
8.930083274841308594e+00
9.700679779052734375e+00
1.268785476684570312e+01
1.019258499145507812e+01
4.912139892578125000e+00
1.280058383941650391e+01
1.118720340728759766e+01
1.163987636566162109e+01
5.118943691253662109e+00
1.047801208496093750e+01
9.409480094909667969e+00
1.126473331451416016e+01
1.332456016540527344e+01
7.671302318572998047e+00
9.219763755798339844e+00
8.459047317504882812e+00
1.124730300903320312e+01
9.784425735473632812e+00
1.242162322998046875e+01
1.105733585357666016e+01
1.563498497009277344e+01
9.231163024902343750e+00
1.088546943664550781e+01
8.493349075317382812e+00
1.084179782867431641e+01
1.192878532409667969e+01
1.162264347076416016e+01
1.028545475006103516e+01
1.081491565704345703e+01
9.525240898132324219e+00
1.269503498077392578e+01
1.115425682067871094e+01
1.473528194427490234e+01
8.585373878479003906e+00
1.304870033264160156e+01
7.913966655731201172e+00
1.166314125061035156e+01
1.083101177215576172e+01
1.271122169494628906e+01
8.139831542968750000e+00
3.763553857803344727e+00
8.368006706237792969e+00
9.397174835205078125e+00
9.301256179809570312e+00
1.211452770233154297e+01
9.786495208740234375e+00
1.134454727172851562e+01
1.344259548187255859e+01
1.204079246520996094e+01
1.314859390258789062e+01
7.839744567871093750e+00
9.716533660888671875e+00
1.020504951477050781e+01
1.291608238220214844e+01
2.940705776214599609e+00
1.121474266052246094e+01
8.927640914916992188e+00
9.435180664062500000e+00
1.091161441802978516e+01
4.847103118896484375e+00
1.351562976837158203e+01
4.664583683013916016e+00
7.268019676208496094e+00
1.191344356536865234e+01
1.435675525665283203e+01
1.052325153350830078e+01
7.789029121398925781e+00
8.431452751159667969e+00
1.025650310516357422e+01
8.976294517517089844e+00
1.290637111663818359e+01
3.760070800781250000e+00
1.220520591735839844e+01
1.280039405822753906e+01
9.144348144531250000e+00
4.880738258361816406e+00
1.023490333557128906e+01
1.032234668731689453e+01
1.119117546081542969e+01
7.821370124816894531e+00
1.077443218231201172e+01
1.154357624053955078e+01
1.047466850280761719e+01
9.584134101867675781e+00
1.321635913848876953e+01
7.769398689270019531e+00
1.188182163238525391e+01
4.192895889282226562e+00
8.632893562316894531e+00
8.458789825439453125e+00
9.581142425537109375e+00
9.175524711608886719e+00
7.235441684722900391e+00
1.026520729064941406e+01
8.057895660400390625e+00
4.066695213317871094e+00
1.038844203948974609e+01
8.638823509216308594e+00
4.510649681091308594e+00
8.070138931274414062e+00
1.274611663818359375e+01
7.395766258239746094e+00
9.716640472412109375e+00
9.587021827697753906e+00
1.081264019012451172e+01
1.080419921875000000e+01
1.215205478668212891e+01
7.402775287628173828e+00
8.683380126953125000e+00
8.165214538574218750e+00
1.468736934661865234e+01
1.216071128845214844e+01
1.324361515045166016e+01
9.273802757263183594e+00
1.118511676788330078e+01
9.844602584838867188e+00
1.284903430938720703e+01
1.091844749450683594e+01
1.280906772613525391e+01
4.622097015380859375e+00
1.142157649993896484e+01
9.364028930664062500e+00
9.089353561401367188e+00
9.636276245117187500e+00
1.053759479522705078e+01
9.494910240173339844e+00
1.024416732788085938e+01
8.079863548278808594e+00
9.305838584899902344e+00
1.061040592193603516e+01
9.951331138610839844e+00
8.390038490295410156e+00
1.324999237060546875e+01
1.204538440704345703e+01
3.870769262313842773e+00
8.804122924804687500e+00
8.242152214050292969e+00
1.021602630615234375e+01
1.052304935455322266e+01
4.058359146118164062e+00
9.239245414733886719e+00
1.130391979217529297e+01
9.805715560913085938e+00
9.316065788269042969e+00
1.214976119995117188e+01
8.859378814697265625e+00
1.042846202850341797e+01
1.087928581237792969e+01
9.477512359619140625e+00
7.317680835723876953e+00
1.075809478759765625e+01
1.074346065521240234e+01
