1.278498172760009766e+01
1.114501857757568359e+01
1.085499858856201172e+01
1.129979228973388672e+01
1.164765548706054688e+01
4.663607597351074219e+00
9.905693054199218750e+00
1.230639457702636719e+01
7.638712406158447266e+00
1.203754711151123047e+01
9.638839721679687500e+00
9.127899169921875000e+00
8.275691986083984375e+00
9.339739799499511719e+00
3.390975713729858398e+00
9.710488319396972656e+00
1.128740787506103516e+01
8.923233032226562500e+00
1.323598194122314453e+01
1.263604640960693359e+01
1.211658382415771484e+01
9.655223846435546875e+00
3.231657981872558594e+00
8.368292808532714844e+00
1.152052783966064453e+01
9.049356460571289062e+00
1.176366710662841797e+01
9.898810386657714844e+00
1.147055816650390625e+01
9.297631263732910156e+00
1.180087947845458984e+01
9.151828765869140625e+00
6.905382633209228516e+00
7.709002017974853516e+00
8.680096626281738281e+00
8.005042076110839844e+00
8.481278419494628906e+00
4.150353908538818359e+00
1.152674388885498047e+01
7.532993793487548828e+00
1.154782676696777344e+01
1.207997989654541016e+01
1.242850685119628906e+01
9.470311164855957031e+00
9.551875114440917969e+00
9.090151786804199219e+00
3.974172592163085938e+00
7.306563854217529297e+00
1.245670318603515625e+01
4.369816780090332031e+00
8.787321090698242188e+00
9.436073303222656250e+00
8.969243049621582031e+00
9.472697257995605469e+00
1.324612140655517578e+01
1.160689449310302734e+01
1.007961845397949219e+01
3.890370130538940430e+00
4.771903038024902344e+00
8.841142654418945312e+00
1.101152992248535156e+01
1.067193031311035156e+01
1.353284645080566406e+01
7.668234348297119141e+00
8.352878570556640625e+00
1.017666053771972656e+01
1.069447612762451172e+01
1.064241218566894531e+01
9.437793731689453125e+00
3.513270378112792969e+00
1.146275806427001953e+01
1.028876781463623047e+01
8.508140563964843750e+00
1.025580406188964844e+01
9.197251319885253906e+00
9.987335205078125000e+00
7.324276447296142578e+00
9.790287017822265625e+00
9.910845756530761719e+00
8.429256439208984375e+00
1.190827178955078125e+01
8.916525840759277344e+00
8.215142250061035156e+00
9.714650154113769531e+00
1.038971805572509766e+01
8.524516105651855469e+00
1.193259620666503906e+01
1.190258312225341797e+01
1.001675224304199219e+01
8.990674972534179688e+00
1.382559871673583984e+01
9.575536727905273438e+00
9.537828445434570312e+00
1.024042224884033203e+01
4.341812133789062500e+00
3.380874395370483398e+00
1.173909854888916016e+01
1.027031898498535156e+01
7.113747119903564453e+00
8.230706214904785156e+00
1.249218845367431641e+01
4.474535465240478516e+00
8.646240234375000000e+00
1.064769935607910156e+01
1.077026462554931641e+01
1.286937618255615234e+01
9.561386108398437500e+00
1.028608512878417969e+01
1.102759647369384766e+01
3.281507015228271484e+00
8.959537506103515625e+00
1.005618095397949219e+01
1.344382190704345703e+01
1.152415084838867188e+01
9.582138061523437500e+00
8.229140281677246094e+00
1.084384346008300781e+01
9.776888847351074219e+00
1.159803295135498047e+01
8.327247619628906250e+00
1.071022510528564453e+01
1.146612548828125000e+01
7.882700443267822266e+00
9.761734962463378906e+00
1.139045047760009766e+01
8.825101852416992188e+00
1.003380107879638672e+01
9.692065238952636719e+00
1.092379188537597656e+01
8.795154571533203125e+00
1.135483264923095703e+01
1.056883049011230469e+01
9.919903755187988281e+00
9.385027885437011719e+00
8.471913337707519531e+00
8.628684043884277344e+00
1.157536983489990234e+01
7.474098682403564453e+00
9.189774513244628906e+00
1.304730987548828125e+01
9.177418708801269531e+00
9.584942817687988281e+00
1.058603954315185547e+01
8.291123390197753906e+00
1.366275024414062500e+01
8.150922775268554688e+00
7.880405902862548828e+00
9.252219200134277344e+00
1.040743541717529297e+01
1.050691509246826172e+01
9.615686416625976562e+00
1.356890201568603516e+01
1.028315162658691406e+01
1.232970428466796875e+01
1.263190746307373047e+01
8.610389709472656250e+00
1.067625904083251953e+01
7.906049728393554688e+00
1.005331707000732422e+01
1.359840011596679688e+01
3.685415029525756836e+00
1.037068367004394531e+01
9.306175231933593750e+00
1.187479019165039062e+01
1.105661487579345703e+01
1.095479106903076172e+01
1.152541923522949219e+01
8.747661590576171875e+00
1.333140373229980469e+01
3.692968606948852539e+00
4.461290836334228516e+00
1.123342704772949219e+01
1.225540637969970703e+01
1.167315483093261719e+01
1.103068065643310547e+01
9.162302017211914062e+00
1.119991207122802734e+01
1.019272613525390625e+01
1.102476501464843750e+01
1.049345874786376953e+01
1.154713344573974609e+01
7.416942596435546875e+00
1.192770195007324219e+01
1.256101894378662109e+01
1.524985408782958984e+01
1.332450962066650391e+01
1.323697090148925781e+01
7.352467536926269531e+00
6.631431579589843750e+00
1.124049854278564453e+01
3.891231775283813477e+00
1.391022396087646484e+01
4.687526226043701172e+00
3.299630880355834961e+00
9.738672256469726562e+00
1.258886051177978516e+01
7.701297760009765625e+00
3.838172197341918945e+00
1.105540180206298828e+01
1.184729003906250000e+01
1.164275932312011719e+01
9.371482849121093750e+00
9.947278022766113281e+00
3.819463014602661133e+00
8.792140007019042969e+00
1.282619953155517578e+01
8.445726394653320312e+00
1.075660514831542969e+01
1.141015052795410156e+01
8.591584205627441406e+00
1.414791107177734375e+01
1.152510070800781250e+01
1.145388889312744141e+01
9.764183044433593750e+00
9.955243110656738281e+00
1.200789451599121094e+01
1.170459938049316406e+01
1.244122123718261719e+01
1.342888450622558594e+01
8.876914024353027344e+00
4.261256694793701172e+00
8.556259155273437500e+00
3.537576913833618164e+00
3.279369354248046875e+00
9.790375709533691406e+00
1.346486377716064453e+01
1.421318626403808594e+01
1.242629432678222656e+01
9.104467391967773438e+00
9.490439414978027344e+00
7.921192169189453125e+00
9.567749977111816406e+00
1.246909904479980469e+01
1.008610725402832031e+01
1.039950275421142578e+01
1.117029285430908203e+01
1.063980102539062500e+01
1.073500251770019531e+01
9.887822151184082031e+00
1.065010261535644531e+01
1.402606868743896484e+01
9.300819396972656250e+00
1.228510570526123047e+01
5.848251819610595703e+00
9.880825042724609375e+00
1.329144287109375000e+01
8.480484962463378906e+00
1.236169242858886719e+01
1.194332885742187500e+01
1.108548831939697266e+01
