8.371843338012695312e+00
1.058679485321044922e+01
7.331898689270019531e+00
9.527587890625000000e+00
9.604039192199707031e+00
1.097234153747558594e+01
9.433172225952148438e+00
9.833460807800292969e+00
1.058664417266845703e+01
1.066752243041992188e+01
1.202904891967773438e+01
1.568841648101806641e+01
4.141243457794189453e+00
1.240143871307373047e+01
9.561009407043457031e+00
1.426167201995849609e+01
6.665301322937011719e+00
6.941610813140869141e+00
1.233565425872802734e+01
1.180432796478271484e+01
8.348756790161132812e+00
1.275841331481933594e+01
1.093347740173339844e+01
1.437926483154296875e+01
1.127215957641601562e+01
1.143157386779785156e+01
3.719524621963500977e+00
1.285698604583740234e+01
7.058801651000976562e+00
1.394779682159423828e+01
1.452638149261474609e+01
1.654892921447753906e+01
1.090807914733886719e+01
1.195495414733886719e+01
5.760254383087158203e+00
1.156616020202636719e+01
9.448262214660644531e+00
1.216843509674072266e+01
1.154798603057861328e+01
9.521094322204589844e+00
1.134325981140136719e+01
4.133467197418212891e+00
1.250802135467529297e+01
9.654828071594238281e+00
4.000907421112060547e+00
1.073560428619384766e+01
1.297830772399902344e+01
8.469281196594238281e+00
1.358173942565917969e+01
1.013762092590332031e+01
8.303589820861816406e+00
1.363677310943603516e+01
1.050231838226318359e+01
1.459625148773193359e+01
1.098667621612548828e+01
1.410504055023193359e+01
9.585777282714843750e+00
6.039572238922119141e+00
1.007028579711914062e+01
9.675853729248046875e+00
1.282750034332275391e+01
4.867758274078369141e+00
1.155402469635009766e+01
1.143169212341308594e+01
1.087655735015869141e+01
1.386662197113037109e+01
1.155288028717041016e+01
1.228458881378173828e+01
1.116324806213378906e+01
1.178749942779541016e+01
9.328052520751953125e+00
9.854648590087890625e+00
1.007689571380615234e+01
7.533287525177001953e+00
1.071321487426757812e+01
7.777339935302734375e+00
1.044295120239257812e+01
1.029303264617919922e+01
9.431900024414062500e+00
1.053378582000732422e+01
5.996846675872802734e+00
8.859794616699218750e+00
8.617106437683105469e+00
1.354347896575927734e+01
9.545578956604003906e+00
1.372356796264648438e+01
1.033248138427734375e+01
1.257662391662597656e+01
1.112052059173583984e+01
1.164557647705078125e+01
1.242287540435791016e+01
1.166394233703613281e+01
1.559954643249511719e+01
8.145916938781738281e+00
7.473497390747070312e+00
1.543860530853271484e+01
1.217673301696777344e+01
1.346992111206054688e+01
7.474587917327880859e+00
8.082817077636718750e+00
1.032219409942626953e+01
1.215167808532714844e+01
9.497705459594726562e+00
6.326602935791015625e+00
9.919541358947753906e+00
1.365963268280029297e+01
1.255141830444335938e+01
1.050884437561035156e+01
8.200861930847167969e+00
1.305735206604003906e+01
8.153064727783203125e+00
1.250249481201171875e+01
1.413666343688964844e+01
1.016163158416748047e+01
8.273762702941894531e+00
8.076980590820312500e+00
1.108096790313720703e+01
9.998200416564941406e+00
1.221531200408935547e+01
1.203148269653320312e+01
3.750471353530883789e+00
1.163000774383544922e+01
6.853407859802246094e+00
1.040000343322753906e+01
9.790137290954589844e+00
1.354494190216064453e+01
5.350658416748046875e+00
1.257386112213134766e+01
5.238158702850341797e+00
1.282911396026611328e+01
1.446228122711181641e+01
1.083443069458007812e+01
1.054213619232177734e+01
1.147980308532714844e+01
7.729784965515136719e+00
1.154197788238525391e+01
1.186902713775634766e+01
1.275149631500244141e+01
1.253504085540771484e+01
5.623239517211914062e+00
8.581488609313964844e+00
1.296789741516113281e+01
1.576660251617431641e+01
1.072846603393554688e+01
4.592101573944091797e+00
1.178434944152832031e+01
8.996947288513183594e+00
1.037484931945800781e+01
9.416780471801757812e+00
1.092260169982910156e+01
1.301716518402099609e+01
1.242265319824218750e+01
9.637735366821289062e+00
7.506210327148437500e+00
8.760004997253417969e+00
1.253201007843017578e+01
3.245362758636474609e+00
4.670593261718750000e+00
1.160353374481201172e+01
8.604271888732910156e+00
8.236085891723632812e+00
9.694812774658203125e+00
1.080762195587158203e+01
9.227076530456542969e+00
1.013859844207763672e+01
1.187731170654296875e+01
1.265147686004638672e+01
1.198099994659423828e+01
5.284959316253662109e+00
1.026587867736816406e+01
5.451533317565917969e+00
1.126979923248291016e+01
9.595167160034179688e+00
1.047729587554931641e+01
1.009714603424072266e+01
1.057341575622558594e+01
1.133508300781250000e+01
1.384887790679931641e+01
1.284799671173095703e+01
8.273200988769531250e+00
9.568521499633789062e+00
1.308256912231445312e+01
4.644104480743408203e+00
1.111881160736083984e+01
1.445011997222900391e+01
1.007928562164306641e+01
1.162417793273925781e+01
3.912483453750610352e+00
3.568937778472900391e+00
1.146926307678222656e+01
1.232541084289550781e+01
1.153067684173583984e+01
1.508393383026123047e+01
9.284657478332519531e+00
8.224777221679687500e+00
9.397446632385253906e+00
1.056875514984130859e+01
8.395531654357910156e+00
1.114728641510009766e+01
6.853416919708251953e+00
1.018440723419189453e+01
9.800811767578125000e+00
1.021410465240478516e+01
9.514530181884765625e+00
7.009645938873291016e+00
9.178442001342773438e+00
1.144219017028808594e+01
3.049165248870849609e+00
1.347972583770751953e+01
1.274541568756103516e+01
1.187847900390625000e+01
1.053154945373535156e+01
1.119432449340820312e+01
8.578420639038085938e+00
9.386217117309570312e+00
9.432936668395996094e+00
1.245679569244384766e+01
9.419303894042968750e+00
1.122806930541992188e+01
6.626397609710693359e+00
3.196355104446411133e+00
1.118908882141113281e+01
1.089101982116699219e+01
8.019530296325683594e+00
8.679263114929199219e+00
1.001880931854248047e+01
1.101448726654052734e+01
3.704743146896362305e+00
1.068188095092773438e+01
1.117344570159912109e+01
9.652980804443359375e+00
1.018435192108154297e+01
8.389265060424804688e+00
9.845095634460449219e+00
8.732440948486328125e+00
7.048035144805908203e+00
1.204351329803466797e+01
1.088662242889404297e+01
4.755069732666015625e+00
7.818746566772460938e+00
1.017150306701660156e+01
1.101519489288330078e+01
8.993314743041992188e+00
1.118801498413085938e+01
4.081341266632080078e+00
7.085795879364013672e+00
9.373452186584472656e+00
9.026142120361328125e+00
5.070665359497070312e+00
9.577947616577148438e+00
