8.836845397949218750e+00
8.840356826782226562e+00
1.115887832641601562e+01
9.733294486999511719e+00
1.282460212707519531e+01
1.049465656280517578e+01
1.220491123199462891e+01
9.543634414672851562e+00
1.316627311706542969e+01
1.212525367736816406e+01
1.062463474273681641e+01
9.339309692382812500e+00
8.803417205810546875e+00
7.954855442047119141e+00
1.114504051208496094e+01
9.204990386962890625e+00
1.244045257568359375e+01
8.464597702026367188e+00
1.181377506256103516e+01
8.627782821655273438e+00
6.997801780700683594e+00
1.011917686462402344e+01
1.344596290588378906e+01
9.769121170043945312e+00
1.313734912872314453e+01
9.362648963928222656e+00
1.276785087585449219e+01
8.866905212402343750e+00
1.372152519226074219e+01
7.967477321624755859e+00
9.914863586425781250e+00
9.410470008850097656e+00
1.182714748382568359e+01
9.955589294433593750e+00
1.251215076446533203e+01
9.219880104064941406e+00
5.063679218292236328e+00
4.108336925506591797e+00
1.033275508880615234e+01
7.758971691131591797e+00
1.433814716339111328e+01
9.549482345581054688e+00
9.254566192626953125e+00
1.012707042694091797e+01
1.006793403625488281e+01
1.071036052703857422e+01
9.071458816528320312e+00
9.662913322448730469e+00
1.189407539367675781e+01
9.858792304992675781e+00
1.228132152557373047e+01
8.254193305969238281e+00
9.955018043518066406e+00
8.196304321289062500e+00
1.308994579315185547e+01
9.931568145751953125e+00
1.214672088623046875e+01
3.497291564941406250e+00
1.133831214904785156e+01
1.031845760345458984e+01
9.243442535400390625e+00
8.246266365051269531e+00
1.117920589447021484e+01
9.439101219177246094e+00
1.478430747985839844e+01
4.260852813720703125e+00
4.464860439300537109e+00
1.120397567749023438e+01
1.135567474365234375e+01
9.827376365661621094e+00
1.185756587982177734e+01
7.415643692016601562e+00
3.337280273437500000e+00
1.101702785491943359e+01
1.135523700714111328e+01
8.709298133850097656e+00
1.320178890228271484e+01
1.107808971405029297e+01
9.559561729431152344e+00
1.077878284454345703e+01
9.680148124694824219e+00
4.500006675720214844e+00
7.198598861694335938e+00
7.994100093841552734e+00
1.161138916015625000e+01
8.781231880187988281e+00
1.026774024963378906e+01
1.038387775421142578e+01
4.044777870178222656e+00
5.765191078186035156e+00
1.236279392242431641e+01
1.237232017517089844e+01
1.073712062835693359e+01
1.250781726837158203e+01
1.120052146911621094e+01
1.248334503173828125e+01
7.727668285369873047e+00
1.029250049591064453e+01
6.321636676788330078e+00
9.294207572937011719e+00
9.038320541381835938e+00
1.156657218933105469e+01
1.131837368011474609e+01
9.453099250793457031e+00
1.036645603179931641e+01
9.074686050415039062e+00
1.248149299621582031e+01
1.095413398742675781e+01
8.806275367736816406e+00
6.298156261444091797e+00
5.716996192932128906e+00
1.160476303100585938e+01
1.019807529449462891e+01
1.392827701568603516e+01
1.043098926544189453e+01
1.448911190032958984e+01
7.606634140014648438e+00
1.171294212341308594e+01
9.440603256225585938e+00
8.849151611328125000e+00
1.069133567810058594e+01
1.055268478393554688e+01
1.339880847930908203e+01
1.395402431488037109e+01
1.015344333648681641e+01
1.317407035827636719e+01
1.202129364013671875e+01
9.563833236694335938e+00
9.311022758483886719e+00
5.650451183319091797e+00
1.265300655364990234e+01
1.107723331451416016e+01
8.271610260009765625e+00
1.175297451019287109e+01
9.095986366271972656e+00
9.543210029602050781e+00
1.157309722900390625e+01
1.260966396331787109e+01
1.158764457702636719e+01
8.786791801452636719e+00
8.694774627685546875e+00
6.952237129211425781e+00
9.830051422119140625e+00
9.813025474548339844e+00
1.081517124176025391e+01
7.489609241485595703e+00
1.349929523468017578e+01
9.497382164001464844e+00
1.052252674102783203e+01
7.451104164123535156e+00
1.172539329528808594e+01
1.006539154052734375e+01
7.126002788543701172e+00
7.445574760437011719e+00
9.967232704162597656e+00
8.684413909912109375e+00
8.759390830993652344e+00
1.003119754791259766e+01
1.080743312835693359e+01
6.831597805023193359e+00
3.902943849563598633e+00
9.661892890930175781e+00
1.095147514343261719e+01
1.075721359252929688e+01
1.114107131958007812e+01
5.031346321105957031e+00
1.197986221313476562e+01
9.063590049743652344e+00
1.173282241821289062e+01
7.280670642852783203e+00
1.211694335937500000e+01
9.563965797424316406e+00
8.626552581787109375e+00
1.309765243530273438e+01
1.450459289550781250e+01
1.020631122589111328e+01
1.027575874328613281e+01
1.008358192443847656e+01
9.229029655456542969e+00
1.175716209411621094e+01
1.315856552124023438e+01
9.169708251953125000e+00
1.004789447784423828e+01
7.447900295257568359e+00
9.241065979003906250e+00
1.403092765808105469e+01
3.559324264526367188e+00
7.688711166381835938e+00
1.215837955474853516e+01
8.006656646728515625e+00
1.226155853271484375e+01
1.048865604400634766e+01
4.564584255218505859e+00
9.806675910949707031e+00
1.021747112274169922e+01
3.798127651214599609e+00
1.199899578094482422e+01
1.110932159423828125e+01
1.253669261932373047e+01
7.251267910003662109e+00
1.207456779479980469e+01
8.305997848510742188e+00
1.200136661529541016e+01
7.771330356597900391e+00
1.119436931610107422e+01
1.148574352264404297e+01
1.019514656066894531e+01
9.049039840698242188e+00
8.089388847351074219e+00
1.132515335083007812e+01
8.920398712158203125e+00
1.143526172637939453e+01
1.020649528503417969e+01
1.261090373992919922e+01
1.127486896514892578e+01
1.168912982940673828e+01
1.087857532501220703e+01
1.010137081146240234e+01
9.426175117492675781e+00
1.079628276824951172e+01
9.086281776428222656e+00
1.191404819488525391e+01
1.154038524627685547e+01
8.607349395751953125e+00
1.318206214904785156e+01
8.512022972106933594e+00
1.173022842407226562e+01
4.107730388641357422e+00
9.884060859680175781e+00
1.237586593627929688e+01
1.109521484375000000e+01
1.281871414184570312e+01
9.295123100280761719e+00
1.001130580902099609e+01
9.465045928955078125e+00
8.089518547058105469e+00
8.311305999755859375e+00
1.130584144592285156e+01
1.071621990203857422e+01
6.107341766357421875e+00
9.473114013671875000e+00
1.038490104675292969e+01
1.130702114105224609e+01
1.210138607025146484e+01
1.115637111663818359e+01
1.108344650268554688e+01
1.080569076538085938e+01
1.188617038726806641e+01
1.057759284973144531e+01
1.338837146759033203e+01
