7.535581588745117188e+00
1.455343818664550781e+01
8.574941635131835938e+00
9.222122192382812500e+00
1.021351814270019531e+01
8.454018592834472656e+00
1.112691307067871094e+01
1.057715606689453125e+01
1.326009654998779297e+01
4.240577697753906250e+00
9.035386085510253906e+00
1.037481594085693359e+01
1.158515262603759766e+01
1.245425033569335938e+01
9.265692710876464844e+00
8.629458427429199219e+00
1.299640750885009766e+01
1.131965827941894531e+01
1.108965873718261719e+01
1.058076763153076172e+01
1.277929592132568359e+01
1.546446132659912109e+01
9.502597808837890625e+00
1.197662448883056641e+01
1.024606800079345703e+01
1.099217510223388672e+01
1.147023296356201172e+01
1.116314888000488281e+01
1.093392086029052734e+01
9.888640403747558594e+00
9.313324928283691406e+00
1.541069507598876953e+01
1.037301731109619141e+01
1.580604839324951172e+01
1.419200038909912109e+01
5.427836418151855469e+00
6.018400669097900391e+00
1.136196899414062500e+01
8.682222366333007812e+00
1.507482910156250000e+01
9.044440269470214844e+00
1.181370925903320312e+01
9.752915382385253906e+00
1.139691638946533203e+01
6.991091251373291016e+00
8.844127655029296875e+00
1.196058940887451172e+01
1.110803699493408203e+01
7.179606914520263672e+00
1.003818988800048828e+01
8.009229660034179688e+00
1.174265575408935547e+01
1.000761222839355469e+01
1.067309761047363281e+01
9.614857673645019531e+00
4.375844955444335938e+00
9.562112808227539062e+00
1.142559909820556641e+01
1.610239791870117188e+01
1.106841182708740234e+01
1.277641105651855469e+01
8.134104728698730469e+00
1.311308097839355469e+01
4.570658683776855469e+00
3.980853796005249023e+00
7.622060298919677734e+00
9.574835777282714844e+00
4.807114124298095703e+00
7.596681118011474609e+00
1.032879161834716797e+01
1.231294536590576172e+01
8.195973396301269531e+00
6.305077552795410156e+00
1.186135673522949219e+01
1.105160903930664062e+01
1.357728576660156250e+01
1.125791645050048828e+01
1.285342216491699219e+01
8.971722602844238281e+00
1.067893123626708984e+01
5.023999214172363281e+00
1.229505062103271484e+01
1.361717605590820312e+01
1.112338066101074219e+01
1.275284481048583984e+01
1.349764060974121094e+01
1.035825443267822266e+01
1.571606445312500000e+01
9.639429092407226562e+00
1.567616939544677734e+01
9.157177925109863281e+00
1.333283138275146484e+01
8.146169662475585938e+00
7.949541091918945312e+00
1.000592517852783203e+01
1.214066219329833984e+01
1.132534122467041016e+01
1.267115592956542969e+01
1.634797096252441406e+01
8.925225257873535156e+00
1.431655788421630859e+01
1.179551506042480469e+01
1.319156742095947266e+01
1.430957126617431641e+01
9.662945747375488281e+00
1.063131999969482422e+01
3.502221822738647461e+00
1.065665340423583984e+01
1.308537387847900391e+01
1.404741191864013672e+01
9.381490707397460938e+00
1.206214523315429688e+01
1.123700141906738281e+01
1.155374813079833984e+01
1.499440479278564453e+01
1.080093669891357422e+01
1.420232582092285156e+01
5.309265136718750000e+00
1.312897396087646484e+01
4.939632415771484375e+00
1.522409534454345703e+01
1.397435188293457031e+01
8.883357048034667969e+00
1.216863918304443359e+01
9.427529335021972656e+00
6.671481609344482422e+00
4.464081764221191406e+00
1.237657546997070312e+01
4.185083866119384766e+00
8.161789894104003906e+00
1.418347930908203125e+01
4.249033451080322266e+00
1.464008426666259766e+01
1.391461372375488281e+01
3.997084617614746094e+00
1.003059673309326172e+01
1.129377174377441406e+01
1.043124580383300781e+01
1.078374099731445312e+01
8.753081321716308594e+00
8.779452323913574219e+00
1.322636508941650391e+01
1.050098609924316406e+01
9.386919021606445312e+00
8.818652153015136719e+00
8.874495506286621094e+00
9.440999984741210938e+00
4.412014007568359375e+00
9.785268783569335938e+00
1.353221035003662109e+01
1.231295585632324219e+01
9.991575241088867188e+00
9.415039062500000000e+00
1.060438919067382812e+01
1.068911743164062500e+01
7.373103618621826172e+00
1.277189350128173828e+01
1.259933948516845703e+01
1.317992687225341797e+01
1.218090248107910156e+01
1.413394165039062500e+01
8.791250228881835938e+00
1.179052925109863281e+01
4.250662326812744141e+00
1.076002979278564453e+01
1.195229816436767578e+01
1.141036510467529297e+01
9.805377006530761719e+00
8.911702156066894531e+00
1.008802795410156250e+01
8.722200393676757812e+00
9.952116012573242188e+00
9.568675994873046875e+00
8.532486915588378906e+00
1.278168106079101562e+01
8.323612213134765625e+00
9.005462646484375000e+00
1.365652656555175781e+01
3.305796384811401367e+00
1.172946071624755859e+01
1.373327541351318359e+01
8.823982238769531250e+00
9.678990364074707031e+00
1.156822109222412109e+01
8.264654159545898438e+00
8.236179351806640625e+00
1.077863121032714844e+01
8.301578521728515625e+00
1.168282890319824219e+01
7.957712173461914062e+00
1.277392292022705078e+01
1.193797683715820312e+01
1.334754467010498047e+01
9.025801658630371094e+00
8.168442726135253906e+00
1.152720260620117188e+01
1.191050052642822266e+01
1.105162906646728516e+01
8.701174736022949219e+00
7.018284320831298828e+00
6.726870059967041016e+00
8.183460235595703125e+00
9.368311882019042969e+00
1.163934516906738281e+01
1.073092460632324219e+01
6.952847003936767578e+00
1.200988006591796875e+01
3.283859014511108398e+00
1.207727241516113281e+01
8.369227409362792969e+00
4.651337623596191406e+00
4.580385684967041016e+00
1.098851013183593750e+01
1.112754440307617188e+01
3.941681861877441406e+00
9.222596168518066406e+00
1.220261383056640625e+01
9.542103767395019531e+00
1.250771141052246094e+01
1.115471744537353516e+01
1.119295692443847656e+01
4.930477142333984375e+00
1.448812389373779297e+01
8.407192230224609375e+00
1.107550144195556641e+01
1.189354038238525391e+01
1.573586845397949219e+01
7.473888397216796875e+00
1.587249374389648438e+01
5.714337825775146484e+00
1.171181011199951172e+01
1.211494922637939453e+01
1.314414501190185547e+01
1.323732662200927734e+01
1.132628536224365234e+01
1.189114761352539062e+01
1.022233486175537109e+01
5.940694332122802734e+00
9.463393211364746094e+00
7.628780364990234375e+00
1.578476905822753906e+01
7.877559661865234375e+00
9.618192672729492188e+00
7.103600978851318359e+00
7.730982780456542969e+00
1.014088535308837891e+01
1.168678760528564453e+01
1.172460651397705078e+01
1.015444278717041016e+01
9.727865219116210938e+00
