9.182391166687011719e+00
1.140811538696289062e+01
1.034129714965820312e+01
8.681931495666503906e+00
1.053926467895507812e+01
4.733780384063720703e+00
1.026327133178710938e+01
1.206754207611083984e+01
1.179695415496826172e+01
1.092102909088134766e+01
8.945231437683105469e+00
9.698530197143554688e+00
1.318658542633056641e+01
8.618462562561035156e+00
1.605027198791503906e+01
1.012764358520507812e+01
1.054312801361083984e+01
1.068064308166503906e+01
1.132815361022949219e+01
9.090189933776855469e+00
1.337489700317382812e+01
3.910509824752807617e+00
1.180617523193359375e+01
1.050813293457031250e+01
1.142286396026611328e+01
7.701373577117919922e+00
1.126399898529052734e+01
1.031931877136230469e+01
1.191042423248291016e+01
1.111392211914062500e+01
4.301887512207031250e+00
3.307777404785156250e+00
1.085134887695312500e+01
1.156605148315429688e+01
9.229463577270507812e+00
7.749119281768798828e+00
1.541183471679687500e+01
3.795616865158081055e+00
1.042252635955810547e+01
1.023401069641113281e+01
1.153865146636962891e+01
9.786320686340332031e+00
1.146438121795654297e+01
9.473026275634765625e+00
1.364197444915771484e+01
9.340656280517578125e+00
1.013984775543212891e+01
1.252048492431640625e+01
1.223644638061523438e+01
1.408901214599609375e+01
1.276096343994140625e+01
9.647779464721679688e+00
4.527861595153808594e+00
8.123218536376953125e+00
1.148732376098632812e+01
7.691130638122558594e+00
1.044369602203369141e+01
8.181527137756347656e+00
9.647017478942871094e+00
1.074679279327392578e+01
1.343073368072509766e+01
1.047820568084716797e+01
3.540670633316040039e+00
1.033056163787841797e+01
1.284700202941894531e+01
1.312138843536376953e+01
1.283430194854736328e+01
1.018952178955078125e+01
8.847353935241699219e+00
3.737771272659301758e+00
8.993643760681152344e+00
7.694377422332763672e+00
1.003946971893310547e+01
1.038860130310058594e+01
1.215898513793945312e+01
3.375183820724487305e+00
8.690193176269531250e+00
9.230529785156250000e+00
1.251609420776367188e+01
7.306537628173828125e+00
1.073991298675537109e+01
9.007316589355468750e+00
1.207146263122558594e+01
1.045991420745849609e+01
7.126002788543701172e+00
1.145446872711181641e+01
5.700131893157958984e+00
7.705090999603271484e+00
7.626050949096679688e+00
1.077231502532958984e+01
1.097366809844970703e+01
7.635344982147216797e+00
1.192930507659912109e+01
1.041025447845458984e+01
6.786077022552490234e+00
9.255440711975097656e+00
1.089412879943847656e+01
8.658315658569335938e+00
1.035892868041992188e+01
9.719549179077148438e+00
8.807703971862792969e+00
1.158836174011230469e+01
1.171823215484619141e+01
8.188508987426757812e+00
9.901756286621093750e+00
8.762055397033691406e+00
7.859891891479492188e+00
1.133313560485839844e+01
1.155974960327148438e+01
8.998085021972656250e+00
1.166802406311035156e+01
1.142787647247314453e+01
1.071264076232910156e+01
1.033637714385986328e+01
3.866730213165283203e+00
3.362017393112182617e+00
4.713881969451904297e+00
8.158499717712402344e+00
8.545748710632324219e+00
4.025249004364013672e+00
9.200043678283691406e+00
9.553891181945800781e+00
3.592798948287963867e+00
1.102488136291503906e+01
9.165416717529296875e+00
9.370169639587402344e+00
8.812960624694824219e+00
3.619988203048706055e+00
1.017877388000488281e+01
8.152163505554199219e+00
1.097224617004394531e+01
1.017057132720947266e+01
1.052726364135742188e+01
7.185563564300537109e+00
1.245193290710449219e+01
7.259343624114990234e+00
9.590584754943847656e+00
1.243940925598144531e+01
1.025093269348144531e+01
9.591197967529296875e+00
1.058111286163330078e+01
1.029952621459960938e+01
1.102634716033935547e+01
1.145472621917724609e+01
1.075851249694824219e+01
1.090913009643554688e+01
1.115308761596679688e+01
1.238045406341552734e+01
3.203736782073974609e+00
1.154451751708984375e+01
1.560430717468261719e+01
9.716652870178222656e+00
1.087713432312011719e+01
8.665300369262695312e+00
4.280456066131591797e+00
9.194960594177246094e+00
1.188057041168212891e+01
3.336460113525390625e+00
1.233381366729736328e+01
1.252836608886718750e+01
1.356774997711181641e+01
1.367585945129394531e+01
1.093346595764160156e+01
9.606485366821289062e+00
1.045161533355712891e+01
1.030147552490234375e+01
1.202731990814208984e+01
8.799748420715332031e+00
5.506630897521972656e+00
7.451063156127929688e+00
6.607958316802978516e+00
1.094397544860839844e+01
1.018362426757812500e+01
1.023865413665771484e+01
1.108378696441650391e+01
4.872147560119628906e+00
9.416531562805175781e+00
1.237297058105468750e+01
8.104523658752441406e+00
1.116229248046875000e+01
7.223691463470458984e+00
1.036203670501708984e+01
1.004913711547851562e+01
1.039006710052490234e+01
1.203705120086669922e+01
8.059681892395019531e+00
1.331634616851806641e+01
7.704907417297363281e+00
1.307882595062255859e+01
1.079296875000000000e+01
1.209169864654541016e+01
9.391180038452148438e+00
8.720475196838378906e+00
3.658846616744995117e+00
1.304027366638183594e+01
1.307729434967041016e+01
8.320670127868652344e+00
1.428014469146728516e+01
1.124883079528808594e+01
9.730628013610839844e+00
1.146223735809326172e+01
6.436024188995361328e+00
1.068213748931884766e+01
1.021241855621337891e+01
1.236384201049804688e+01
9.657914161682128906e+00
1.067028236389160156e+01
9.433449745178222656e+00
1.687620162963867188e+01
9.828712463378906250e+00
4.287922859191894531e+00
1.009228324890136719e+01
1.118355464935302734e+01
1.477099323272705078e+01
9.924098014831542969e+00
4.420217990875244141e+00
1.000498104095458984e+01
1.133789157867431641e+01
8.916729927062988281e+00
1.060338783264160156e+01
9.359425544738769531e+00
9.839146614074707031e+00
1.324595355987548828e+01
1.251540660858154297e+01
7.131814479827880859e+00
1.001857280731201172e+01
1.188949966430664062e+01
1.345916748046875000e+01
1.171502399444580078e+01
1.271744537353515625e+01
7.782340526580810547e+00
3.775287389755249023e+00
8.831755638122558594e+00
1.063046073913574219e+01
1.019031524658203125e+01
7.155744552612304688e+00
7.769196987152099609e+00
1.079697608947753906e+01
1.128452777862548828e+01
1.192379856109619141e+01
1.058289432525634766e+01
3.362264156341552734e+00
8.272450447082519531e+00
9.904780387878417969e+00
1.046560287475585938e+01
4.085935592651367188e+00
1.106203746795654297e+01
1.420669460296630859e+01
9.621831893920898438e+00
8.118480682373046875e+00
