1.180597782135009766e+01
1.282664489746093750e+01
7.847520351409912109e+00
1.177532386779785156e+01
1.061532306671142578e+01
1.219881725311279297e+01
8.406625747680664062e+00
1.144883918762207031e+01
9.652576446533203125e+00
1.201488494873046875e+01
1.106071186065673828e+01
1.188157939910888672e+01
6.536854267120361328e+00
1.139471054077148438e+01
1.340524864196777344e+01
1.204369831085205078e+01
1.179120159149169922e+01
1.317298030853271484e+01
8.527167320251464844e+00
8.105339050292968750e+00
1.015355205535888672e+01
1.108057117462158203e+01
9.705121040344238281e+00
4.573611736297607422e+00
8.930788993835449219e+00
6.652445793151855469e+00
1.306250572204589844e+01
9.673491477966308594e+00
9.673131942749023438e+00
1.155088329315185547e+01
1.568025207519531250e+01
1.056887435913085938e+01
1.026305294036865234e+01
7.895094871520996094e+00
1.140832996368408203e+01
1.001832389831542969e+01
9.482495307922363281e+00
1.079368686676025391e+01
1.145548725128173828e+01
1.063038253784179688e+01
1.226572895050048828e+01
1.131338214874267578e+01
1.085640335083007812e+01
9.332813262939453125e+00
1.102705860137939453e+01
8.177760124206542969e+00
7.831697463989257812e+00
6.781529903411865234e+00
1.037498283386230469e+01
7.449143409729003906e+00
1.010700511932373047e+01
7.541840553283691406e+00
7.916239738464355469e+00
1.056782341003417969e+01
1.076930999755859375e+01
1.140148067474365234e+01
6.980982780456542969e+00
3.060914278030395508e+00
9.282249450683593750e+00
1.032967281341552734e+01
6.817427635192871094e+00
3.531067132949829102e+00
3.861795425415039062e+00
8.074695587158203125e+00
9.110668182373046875e+00
1.033556556701660156e+01
1.260560798645019531e+01
1.027729034423828125e+01
9.458755493164062500e+00
1.185011672973632812e+01
9.568392753601074219e+00
9.511969566345214844e+00
1.015012264251708984e+01
1.085865592956542969e+01
8.418120384216308594e+00
4.374298572540283203e+00
8.363726615905761719e+00
9.695279121398925781e+00
7.350040435791015625e+00
1.021903324127197266e+01
1.256590557098388672e+01
1.141409015655517578e+01
1.419533061981201172e+01
7.566538810729980469e+00
1.538631725311279297e+01
8.945517539978027344e+00
8.860770225524902344e+00
1.104619216918945312e+01
1.075781440734863281e+01
1.209602165222167969e+01
3.683219432830810547e+00
8.716312408447265625e+00
1.280052185058593750e+01
9.336216926574707031e+00
1.220957374572753906e+01
1.068423366546630859e+01
9.070130348205566406e+00
8.786851882934570312e+00
9.435811996459960938e+00
5.087216377258300781e+00
9.756787300109863281e+00
1.088307094573974609e+01
1.355372810363769531e+01
1.182012653350830078e+01
1.023651027679443359e+01
7.246451854705810547e+00
1.249336719512939453e+01
9.583485603332519531e+00
1.145046234130859375e+01
7.528153896331787109e+00
1.041796875000000000e+01
8.655782699584960938e+00
9.423652648925781250e+00
1.075577259063720703e+01
1.053821754455566406e+01
8.793583869934082031e+00
1.041358089447021484e+01
8.086239814758300781e+00
9.093992233276367188e+00
1.392658519744873047e+01
9.980681419372558594e+00
1.152587890625000000e+01
1.451586818695068359e+01
1.034972095489501953e+01
9.424204826354980469e+00
1.025671863555908203e+01
1.077694988250732422e+01
1.087150764465332031e+01
9.362856864929199219e+00
1.056019783020019531e+01
1.162668323516845703e+01
1.033342456817626953e+01
1.174288654327392578e+01
5.611489295959472656e+00
1.045163917541503906e+01
1.077425003051757812e+01
1.341558933258056641e+01
1.200051212310791016e+01
9.979701042175292969e+00
9.846820831298828125e+00
1.090474700927734375e+01
9.203215599060058594e+00
9.680954933166503906e+00
1.214840507507324219e+01
9.597408294677734375e+00
1.251610565185546875e+01
8.610064506530761719e+00
6.294033527374267578e+00
9.782221794128417969e+00
1.335684967041015625e+01
1.137725162506103516e+01
4.494103908538818359e+00
3.340126991271972656e+00
1.312352371215820312e+01
1.271041870117187500e+01
9.940392494201660156e+00
9.452292442321777344e+00
1.261057949066162109e+01
1.277055168151855469e+01
4.292668819427490234e+00
8.840138435363769531e+00
1.271772670745849609e+01
1.239424896240234375e+01
1.152205276489257812e+01
1.163171386718750000e+01
9.057014465332031250e+00
1.066646766662597656e+01
8.714187622070312500e+00
1.269897079467773438e+01
8.182775497436523438e+00
1.187218379974365234e+01
1.340643501281738281e+01
1.417090225219726562e+01
9.635605812072753906e+00
1.073312377929687500e+01
1.113420295715332031e+01
1.043971633911132812e+01
4.052435874938964844e+00
1.060720729827880859e+01
1.048085594177246094e+01
1.314414501190185547e+01
8.237314224243164062e+00
1.114119815826416016e+01
1.180730628967285156e+01
1.001383972167968750e+01
8.847389221191406250e+00
1.011646080017089844e+01
1.266085243225097656e+01
1.215430259704589844e+01
4.200473785400390625e+00
1.061265182495117188e+01
1.014218997955322266e+01
9.462809562683105469e+00
6.915975093841552734e+00
1.048810577392578125e+01
1.146520996093750000e+01
1.035033512115478516e+01
1.155267047882080078e+01
7.746542453765869141e+00
3.663249015808105469e+00
1.270470523834228516e+01
7.411001205444335938e+00
8.458872795104980469e+00
9.685808181762695312e+00
1.061044883728027344e+01
9.369013786315917969e+00
9.710900306701660156e+00
4.675891399383544922e+00
1.082395553588867188e+01
1.053595829010009766e+01
1.437869358062744141e+01
5.475498676300048828e+00
1.005011081695556641e+01
1.052670574188232422e+01
6.753860950469970703e+00
1.117901611328125000e+01
1.485844230651855469e+01
1.105116176605224609e+01
5.031872272491455078e+00
1.233820438385009766e+01
8.615282058715820312e+00
9.651865959167480469e+00
1.113760662078857422e+01
9.791911125183105469e+00
3.738544702529907227e+00
1.165062332153320312e+01
5.097412109375000000e+00
8.648149490356445312e+00
8.613725662231445312e+00
1.158149623870849609e+01
7.848892211914062500e+00
9.768809318542480469e+00
9.704534530639648438e+00
7.954588890075683594e+00
9.142581939697265625e+00
1.114521408081054688e+01
5.729061603546142578e+00
9.275010108947753906e+00
1.111686897277832031e+01
9.955666542053222656e+00
1.275332164764404297e+01
1.450264263153076172e+01
1.176938247680664062e+01
1.340772342681884766e+01
1.289551353454589844e+01
1.170753479003906250e+01
1.161528587341308594e+01
9.553301811218261719e+00
7.670885086059570312e+00
5.995907306671142578e+00
