7.511923789978027344e+00
1.101985073089599609e+01
1.145568561553955078e+01
9.386285781860351562e+00
1.032369709014892578e+01
3.416584491729736328e+00
1.148620986938476562e+01
9.052951812744140625e+00
1.217581653594970703e+01
7.217902660369873047e+00
3.855043649673461914e+00
1.155052375793457031e+01
8.060283660888671875e+00
7.667203426361083984e+00
9.441141128540039062e+00
7.726727962493896484e+00
7.666068077087402344e+00
8.813774108886718750e+00
9.358375549316406250e+00
9.140086174011230469e+00
1.409373950958251953e+01
1.075977706909179688e+01
4.838364124298095703e+00
8.326693534851074219e+00
1.045501708984375000e+01
8.424288749694824219e+00
1.084690284729003906e+01
1.077599430084228516e+01
7.867796897888183594e+00
1.173058319091796875e+01
8.846467018127441406e+00
8.306167602539062500e+00
1.019569873809814453e+01
1.305393886566162109e+01
1.473352622985839844e+01
1.197740745544433594e+01
1.165952110290527344e+01
3.636044979095458984e+00
8.454978942871093750e+00
7.153637886047363281e+00
1.133064937591552734e+01
1.019748687744140625e+01
1.526445102691650391e+01
1.061244010925292969e+01
1.171104907989501953e+01
9.898499488830566406e+00
8.570140838623046875e+00
1.002568054199218750e+01
1.202306079864501953e+01
9.923304557800292969e+00
1.061956405639648438e+01
1.014648246765136719e+01
3.978249311447143555e+00
4.321803569793701172e+00
1.220470046997070312e+01
1.016873264312744141e+01
6.747008800506591797e+00
1.353898048400878906e+01
1.074745750427246094e+01
1.020984554290771484e+01
4.044314384460449219e+00
8.736314773559570312e+00
9.812256813049316406e+00
9.886363983154296875e+00
9.922720909118652344e+00
9.342124938964843750e+00
1.540757083892822266e+01
4.721445083618164062e+00
9.045517921447753906e+00
9.702604293823242188e+00
1.598455047607421875e+01
7.892542362213134766e+00
1.091604328155517578e+01
1.026679611206054688e+01
6.840560436248779297e+00
8.860558509826660156e+00
9.737225532531738281e+00
1.041847610473632812e+01
3.526674270629882812e+00
3.837114095687866211e+00
1.353582096099853516e+01
1.283132743835449219e+01
1.360338497161865234e+01
1.137331676483154297e+01
7.055253505706787109e+00
9.964252471923828125e+00
1.349502277374267578e+01
1.052207946777343750e+01
3.608908414840698242e+00
8.871874809265136719e+00
1.414227104187011719e+01
8.774094581604003906e+00
1.066946315765380859e+01
9.884739875793457031e+00
1.098787117004394531e+01
4.503224372863769531e+00
1.029033946990966797e+01
1.304965972900390625e+01
3.598427534103393555e+00
1.334107303619384766e+01
1.317126083374023438e+01
1.068158912658691406e+01
6.734090805053710938e+00
1.045364284515380859e+01
1.120440673828125000e+01
1.194658088684082031e+01
1.285520839691162109e+01
1.193516540527343750e+01
1.170440769195556641e+01
1.362818241119384766e+01
1.309957218170166016e+01
1.097546100616455078e+01
9.414503097534179688e+00
9.687795639038085938e+00
9.001007080078125000e+00
5.148068428039550781e+00
9.192795753479003906e+00
1.407179832458496094e+01
1.081907558441162109e+01
1.538989257812500000e+01
5.460896492004394531e+00
9.776249885559082031e+00
9.876428604125976562e+00
1.041458225250244141e+01
1.217949867248535156e+01
4.322693347930908203e+00
1.074330043792724609e+01
8.714319229125976562e+00
1.148765850067138672e+01
7.121870517730712891e+00
1.071978759765625000e+01
1.096633243560791016e+01
1.285063648223876953e+01
8.558793067932128906e+00
5.405770778656005859e+00
1.036546802520751953e+01
1.095987129211425781e+01
5.342633247375488281e+00
3.613865375518798828e+00
1.004550457000732422e+01
1.311620998382568359e+01
8.995900154113769531e+00
1.012604331970214844e+01
1.045925521850585938e+01
1.344137763977050781e+01
1.155133628845214844e+01
1.244972705841064453e+01
1.084614849090576172e+01
3.792625188827514648e+00
4.670316696166992188e+00
9.729976654052734375e+00
8.390577316284179688e+00
9.154607772827148438e+00
1.539903354644775391e+01
1.170183181762695312e+01
1.236437129974365234e+01
1.086497974395751953e+01
9.848149299621582031e+00
1.218380069732666016e+01
9.065679550170898438e+00
1.058478641510009766e+01
1.223098659515380859e+01
6.951281547546386719e+00
5.130820751190185547e+00
1.026808738708496094e+01
8.754937171936035156e+00
1.273283958435058594e+01
1.285287284851074219e+01
9.257380485534667969e+00
1.232873058319091797e+01
1.021977615356445312e+01
8.873295783996582031e+00
1.139782142639160156e+01
1.059259986877441406e+01
1.182900047302246094e+01
9.507580757141113281e+00
9.715937614440917969e+00
8.840287208557128906e+00
1.131112861633300781e+01
9.426103591918945312e+00
1.241118144989013672e+01
1.137030982971191406e+01
1.184754467010498047e+01
1.044920253753662109e+01
1.018182086944580078e+01
1.191544723510742188e+01
1.114617156982421875e+01
1.180517482757568359e+01
1.250139617919921875e+01
1.451727390289306641e+01
1.041256713867187500e+01
1.253085994720458984e+01
1.329537773132324219e+01
8.419924736022949219e+00
1.071951484680175781e+01
1.040008354187011719e+01
1.329470062255859375e+01
1.106374454498291016e+01
1.288795757293701172e+01
8.844792366027832031e+00
1.026417446136474609e+01
5.158048152923583984e+00
8.831156730651855469e+00
1.023316669464111328e+01
1.375460433959960938e+01
1.109732055664062500e+01
9.438146591186523438e+00
9.421331405639648438e+00
1.101747226715087891e+01
1.527471637725830078e+01
1.217954063415527344e+01
4.433322429656982422e+00
1.196766853332519531e+01
5.410895347595214844e+00
8.499663352966308594e+00
1.100853824615478516e+01
1.441934680938720703e+01
1.247809219360351562e+01
1.315456867218017578e+01
7.853989124298095703e+00
1.242891311645507812e+01
7.907796382904052734e+00
9.021401405334472656e+00
1.120438480377197266e+01
4.808847427368164062e+00
1.152005481719970703e+01
1.308414840698242188e+01
9.856471061706542969e+00
1.006277275085449219e+01
1.036230373382568359e+01
9.936954498291015625e+00
1.350595760345458984e+01
1.193680191040039062e+01
1.135032463073730469e+01
9.916968345642089844e+00
1.402542972564697266e+01
1.166405105590820312e+01
7.021680355072021484e+00
3.422943115234375000e+00
1.393524074554443359e+01
7.017583370208740234e+00
8.107213020324707031e+00
1.283570098876953125e+01
1.239175987243652344e+01
1.116697216033935547e+01
9.206640243530273438e+00
1.267536449432373047e+01
1.053902626037597656e+01
7.620050907135009766e+00
1.030918312072753906e+01
