1.163386058807373047e+01
9.190406799316406250e+00
1.488652420043945312e+01
9.135643005371093750e+00
4.491030216217041016e+00
9.647013664245605469e+00
1.192039775848388672e+01
4.901672363281250000e+00
8.752800941467285156e+00
1.204620456695556641e+01
1.296728515625000000e+01
1.122970771789550781e+01
1.080091094970703125e+01
1.082912254333496094e+01
1.187668228149414062e+01
1.233074474334716797e+01
8.170279502868652344e+00
9.501222610473632812e+00
1.141169834136962891e+01
9.624456405639648438e+00
9.592974662780761719e+00
9.178599357604980469e+00
9.893078804016113281e+00
7.826613903045654297e+00
4.009960651397705078e+00
1.007268333435058594e+01
9.714785575866699219e+00
9.760746955871582031e+00
1.120484542846679688e+01
1.413159847259521484e+01
1.185733222961425781e+01
9.057539939880371094e+00
1.052769660949707031e+01
1.115514755249023438e+01
4.439423561096191406e+00
1.037764739990234375e+01
7.510642528533935547e+00
1.176030540466308594e+01
1.210529804229736328e+01
9.702096939086914062e+00
9.873746871948242188e+00
1.155973529815673828e+01
1.373939228057861328e+01
1.025308132171630859e+01
1.171024799346923828e+01
8.936596870422363281e+00
1.042704010009765625e+01
8.842169761657714844e+00
9.440980911254882812e+00
1.171861743927001953e+01
1.010718154907226562e+01
7.177999973297119141e+00
1.052372264862060547e+01
4.079607963562011719e+00
3.558563709259033203e+00
8.011990547180175781e+00
9.373237609863281250e+00
3.598017215728759766e+00
1.060419464111328125e+01
7.415129661560058594e+00
9.421175003051757812e+00
4.265643119812011719e+00
1.305887317657470703e+01
8.815065383911132812e+00
1.198763942718505859e+01
9.061847686767578125e+00
4.559433460235595703e+00
8.461491584777832031e+00
8.510504722595214844e+00
5.412708282470703125e+00
1.101938247680664062e+01
9.061838150024414062e+00
8.672616004943847656e+00
1.088934803009033203e+01
1.425344848632812500e+01
6.362447738647460938e+00
1.329104518890380859e+01
5.531769752502441406e+00
1.033357715606689453e+01
9.507034301757812500e+00
1.108671283721923828e+01
1.201368141174316406e+01
9.963374137878417969e+00
9.513308525085449219e+00
1.017717742919921875e+01
3.242869377136230469e+00
1.025263404846191406e+01
9.926397323608398438e+00
1.072985935211181641e+01
9.004467964172363281e+00
1.484895992279052734e+01
8.440370559692382812e+00
1.049269294738769531e+01
1.011059188842773438e+01
8.333317756652832031e+00
1.093745708465576172e+01
1.156910037994384766e+01
1.078556823730468750e+01
9.790673255920410156e+00
1.156175041198730469e+01
1.292484092712402344e+01
1.207863521575927734e+01
5.233588695526123047e+00
1.296051883697509766e+01
7.099559783935546875e+00
9.828796386718750000e+00
1.106872844696044922e+01
1.110951519012451172e+01
1.085595035552978516e+01
9.185381889343261719e+00
1.203598117828369141e+01
9.843325614929199219e+00
9.033659934997558594e+00
1.227907657623291016e+01
1.069155693054199219e+01
1.115134239196777344e+01
9.915532112121582031e+00
1.199823188781738281e+01
1.199212741851806641e+01
1.099720859527587891e+01
9.216302871704101562e+00
1.068955421447753906e+01
1.145992088317871094e+01
4.748285770416259766e+00
9.568434715270996094e+00
1.275150394439697266e+01
1.070586776733398438e+01
8.745965957641601562e+00
1.124704551696777344e+01
1.030858039855957031e+01
9.257789611816406250e+00
1.046156024932861328e+01
1.161727237701416016e+01
1.102117919921875000e+01
1.022986602783203125e+01
9.581097602844238281e+00
9.420264244079589844e+00
1.136343193054199219e+01
9.737263679504394531e+00
4.062835693359375000e+00
1.192881107330322266e+01
1.195407676696777344e+01
1.237889099121093750e+01
7.517396450042724609e+00
4.190019607543945312e+00
1.297427082061767578e+01
1.456139278411865234e+01
8.654463768005371094e+00
1.163392162322998047e+01
1.067130565643310547e+01
1.123167610168457031e+01
1.086747932434082031e+01
1.173307037353515625e+01
1.056925582885742188e+01
1.066339397430419922e+01
1.060888004302978516e+01
1.248785114288330078e+01
5.693760871887207031e+00
9.651355743408203125e+00
9.087380409240722656e+00
9.583296775817871094e+00
6.854462146759033203e+00
1.433827781677246094e+01
1.142811775207519531e+01
1.294444656372070312e+01
1.203184032440185547e+01
1.159083843231201172e+01
7.917051792144775391e+00
1.032548618316650391e+01
9.126611709594726562e+00
1.310952186584472656e+01
7.967801570892333984e+00
9.102281570434570312e+00
1.020928573608398438e+01
9.959442138671875000e+00
1.110617256164550781e+01
7.381646633148193359e+00
1.052618885040283203e+01
1.278568267822265625e+01
1.190679359436035156e+01
9.169861793518066406e+00
1.193000793457031250e+01
1.129881477355957031e+01
1.046380043029785156e+01
1.277827835083007812e+01
5.497211456298828125e+00
1.060285472869873047e+01
1.127304744720458984e+01
1.362823295593261719e+01
1.076981925964355469e+01
9.280953407287597656e+00
1.040722560882568359e+01
1.517104721069335938e+01
1.040097332000732422e+01
1.490968227386474609e+01
9.686353683471679688e+00
3.822787284851074219e+00
1.143364524841308594e+01
1.202001094818115234e+01
1.055312061309814453e+01
1.205307769775390625e+01
1.166846656799316406e+01
7.373858928680419922e+00
1.179880046844482422e+01
1.022072982788085938e+01
9.934583663940429688e+00
9.703849792480468750e+00
1.016581726074218750e+01
5.004843711853027344e+00
9.184129714965820312e+00
1.014823722839355469e+01
9.996529579162597656e+00
9.501329421997070312e+00
1.233413505554199219e+01
1.186995315551757812e+01
7.812855243682861328e+00
1.094782924652099609e+01
1.278090286254882812e+01
8.366268157958984375e+00
1.477560520172119141e+01
9.609932899475097656e+00
1.181598281860351562e+01
1.168995952606201172e+01
1.504993820190429688e+01
9.953535079956054688e+00
1.234552955627441406e+01
1.189102363586425781e+01
1.618448638916015625e+01
1.144076919555664062e+01
1.576208019256591797e+01
1.211531162261962891e+01
4.398734092712402344e+00
1.049140644073486328e+01
1.326576709747314453e+01
9.654892921447753906e+00
1.272139644622802734e+01
1.173746681213378906e+01
9.440178871154785156e+00
1.271603584289550781e+01
1.335498332977294922e+01
9.077922821044921875e+00
1.544205284118652344e+01
9.547833442687988281e+00
1.123226833343505859e+01
1.122638988494873047e+01
1.369772243499755859e+01
1.117067718505859375e+01
8.956760406494140625e+00
1.016841793060302734e+01
1.283382511138916016e+01
