1.163140869140625000e+01
1.249077320098876953e+01
8.886254310607910156e+00
3.224931716918945312e+00
3.189361572265625000e+00
1.025346755981445312e+01
1.410959911346435547e+01
1.013294982910156250e+01
7.459141254425048828e+00
1.137770557403564453e+01
1.134969425201416016e+01
1.165472984313964844e+01
1.339763069152832031e+01
9.830949783325195312e+00
9.022220611572265625e+00
9.483897209167480469e+00
1.350796031951904297e+01
1.030425930023193359e+01
1.378201484680175781e+01
9.936778068542480469e+00
1.375180339813232422e+01
1.109064292907714844e+01
1.219592952728271484e+01
1.294174480438232422e+01
1.504378700256347656e+01
1.195512866973876953e+01
9.821781158447265625e+00
3.800435066223144531e+00
7.957252502441406250e+00
1.018600082397460938e+01
1.052961921691894531e+01
1.194643306732177734e+01
1.406206130981445312e+01
1.170436859130859375e+01
5.524274826049804688e+00
9.539538383483886719e+00
1.105072689056396484e+01
1.240196990966796875e+01
1.063786983489990234e+01
1.189317226409912109e+01
4.387055873870849609e+00
1.090659523010253906e+01
9.855915069580078125e+00
1.311311626434326172e+01
1.311101531982421875e+01
1.256134033203125000e+01
9.155340194702148438e+00
4.188206195831298828e+00
1.237984752655029297e+01
8.570766448974609375e+00
1.207091426849365234e+01
8.596632957458496094e+00
3.719846963882446289e+00
9.210822105407714844e+00
1.129773330688476562e+01
1.089226531982421875e+01
1.054423332214355469e+01
9.389038085937500000e+00
7.973824977874755859e+00
9.628354072570800781e+00
1.018967247009277344e+01
1.253008460998535156e+01
9.889530181884765625e+00
1.115773296356201172e+01
1.106494617462158203e+01
1.013101387023925781e+01
8.511881828308105469e+00
1.090037536621093750e+01
9.540650367736816406e+00
1.076704692840576172e+01
5.368087291717529297e+00
1.227952766418457031e+01
8.191657066345214844e+00
8.913627624511718750e+00
1.089316558837890625e+01
9.221295356750488281e+00
1.218844985961914062e+01
1.065923595428466797e+01
9.936218261718750000e+00
1.017431163787841797e+01
1.321558570861816406e+01
4.043295383453369141e+00
1.538576507568359375e+01
9.499320983886718750e+00
1.140249061584472656e+01
9.660516738891601562e+00
1.123195838928222656e+01
9.042399406433105469e+00
1.173652267456054688e+01
9.696341514587402344e+00
1.346950435638427734e+01
1.215986728668212891e+01
1.076387977600097656e+01
8.406200408935546875e+00
1.155502033233642578e+01
7.570001125335693359e+00
1.237264823913574219e+01
1.251902103424072266e+01
1.229617500305175781e+01
9.160498619079589844e+00
1.067106342315673828e+01
1.214756965637207031e+01
8.345116615295410156e+00
1.024183750152587891e+01
1.165646171569824219e+01
9.219017028808593750e+00
1.045794677734375000e+01
9.443052291870117188e+00
1.119349479675292969e+01
9.482910156250000000e+00
1.126549816131591797e+01
8.756996154785156250e+00
1.217086887359619141e+01
4.174708366394042969e+00
1.069137477874755859e+01
1.026366424560546875e+01
3.872159242630004883e+00
1.163430500030517578e+01
9.192769050598144531e+00
9.276797294616699219e+00
8.792810440063476562e+00
1.047166347503662109e+01
7.056008338928222656e+00
3.767376422882080078e+00
6.907676219940185547e+00
1.268144226074218750e+01
1.259549808502197266e+01
1.038726997375488281e+01
1.116678047180175781e+01
1.106328678131103516e+01
8.411464691162109375e+00
7.888722419738769531e+00
9.590517997741699219e+00
9.223979949951171875e+00
1.026320552825927734e+01
4.759711742401123047e+00
1.056568717956542969e+01
1.318387985229492188e+01
8.260305404663085938e+00
1.192574977874755859e+01
1.356639957427978516e+01
1.059396266937255859e+01
7.651083946228027344e+00
1.096187305450439453e+01
1.100640678405761719e+01
9.858736038208007812e+00
9.726900100708007812e+00
1.000070762634277344e+01
1.094521522521972656e+01
1.147473526000976562e+01
1.020434665679931641e+01
9.203299522399902344e+00
1.067465496063232422e+01
5.854291439056396484e+00
1.148544120788574219e+01
1.424568557739257812e+01
9.862894058227539062e+00
1.304685306549072266e+01
1.127211666107177734e+01
9.168577194213867188e+00
9.857337951660156250e+00
9.813279151916503906e+00
9.807770729064941406e+00
1.105393886566162109e+01
1.161413955688476562e+01
9.464333534240722656e+00
9.400140762329101562e+00
1.182869434356689453e+01
9.506724357604980469e+00
1.209007835388183594e+01
1.163716506958007812e+01
8.364352226257324219e+00
1.370230007171630859e+01
1.135210609436035156e+01
1.378681182861328125e+01
8.257992744445800781e+00
1.087371444702148438e+01
1.121986198425292969e+01
9.512135505676269531e+00
9.688566207885742188e+00
1.206625556945800781e+01
8.173745155334472656e+00
1.063367176055908203e+01
4.917221546173095703e+00
1.221105480194091797e+01
8.640496253967285156e+00
1.020554637908935547e+01
8.857500076293945312e+00
5.346977710723876953e+00
1.366731357574462891e+01
9.995821952819824219e+00
1.227047443389892578e+01
1.129267692565917969e+01
1.455924034118652344e+01
4.730140209197998047e+00
1.007606029510498047e+01
1.060351848602294922e+01
9.391465187072753906e+00
9.503087043762207031e+00
9.552995681762695312e+00
9.308713912963867188e+00
4.216056823730468750e+00
1.269439125061035156e+01
1.231109619140625000e+01
1.211824893951416016e+01
1.226786041259765625e+01
1.345721054077148438e+01
9.586611747741699219e+00
9.976338386535644531e+00
1.423514938354492188e+01
1.173254013061523438e+01
8.868413925170898438e+00
1.359987354278564453e+01
1.169244766235351562e+01
1.408635330200195312e+01
1.096888828277587891e+01
8.575397491455078125e+00
9.747596740722656250e+00
9.672032356262207031e+00
8.514284133911132812e+00
1.043775463104248047e+01
4.636872768402099609e+00
8.569265365600585938e+00
1.388162612915039062e+01
1.233117961883544922e+01
1.005168628692626953e+01
1.057006168365478516e+01
1.219927597045898438e+01
1.181348800659179688e+01
8.558889389038085938e+00
1.156928348541259766e+01
1.114415740966796875e+01
1.333949184417724609e+01
1.049730300903320312e+01
1.324217700958251953e+01
1.082449054718017578e+01
1.333080959320068359e+01
9.010549545288085938e+00
1.344435501098632812e+01
6.897650241851806641e+00
1.301066303253173828e+01
1.369249153137207031e+01
1.039151096343994141e+01
1.093455696105957031e+01
1.158493995666503906e+01
4.119185447692871094e+00
1.053918552398681641e+01
1.140245437622070312e+01
1.179187679290771484e+01
5.175044059753417969e+00
