7.737790584564208984e+00
1.048216152191162109e+01
1.195441341400146484e+01
1.324318408966064453e+01
1.140890216827392578e+01
1.002050590515136719e+01
1.238190841674804688e+01
1.187678718566894531e+01
9.597667694091796875e+00
4.521199226379394531e+00
1.047566318511962891e+01
1.072264480590820312e+01
1.305307483673095703e+01
8.312748908996582031e+00
8.389708518981933594e+00
9.980869293212890625e+00
8.511820793151855469e+00
1.171174430847167969e+01
1.020187759399414062e+01
9.363711357116699219e+00
8.734212875366210938e+00
7.953923702239990234e+00
1.045738220214843750e+01
8.177632331848144531e+00
1.095551013946533203e+01
9.519135475158691406e+00
9.747432708740234375e+00
9.147909164428710938e+00
1.115362262725830078e+01
3.505382299423217773e+00
1.237694072723388672e+01
8.835526466369628906e+00
9.268471717834472656e+00
1.116769123077392578e+01
9.789228439331054688e+00
1.016440391540527344e+01
1.068686103820800781e+01
8.830925941467285156e+00
1.160702705383300781e+01
3.379664182662963867e+00
3.583438396453857422e+00
1.261318397521972656e+01
1.107182025909423828e+01
1.043152904510498047e+01
1.416530132293701172e+01
7.692526340484619141e+00
1.054126453399658203e+01
1.122743701934814453e+01
7.491087436676025391e+00
8.871829032897949219e+00
1.249409866333007812e+01
1.288554573059082031e+01
1.166050815582275391e+01
1.231997776031494141e+01
5.815642833709716797e+00
1.089829826354980469e+01
3.922109603881835938e+00
9.202814102172851562e+00
1.117152214050292969e+01
1.222707080841064453e+01
9.054881095886230469e+00
1.037904357910156250e+01
1.236951351165771484e+01
3.480038166046142578e+00
4.429067611694335938e+00
1.028939819335937500e+01
4.283853530883789062e+00
1.211969852447509766e+01
9.939476966857910156e+00
1.202737712860107422e+01
1.407855796813964844e+01
1.050543403625488281e+01
1.232001304626464844e+01
1.022645854949951172e+01
9.298118591308593750e+00
1.264440917968750000e+01
1.344252014160156250e+01
7.648172855377197266e+00
9.963343620300292969e+00
9.055869102478027344e+00
1.056215858459472656e+01
9.562907218933105469e+00
8.461632728576660156e+00
7.066379070281982422e+00
1.399850845336914062e+01
9.847338676452636719e+00
7.830244064331054688e+00
9.471373558044433594e+00
1.151190280914306641e+01
1.309171295166015625e+01
9.706568717956542969e+00
8.016342163085937500e+00
1.141637802124023438e+01
1.039381980895996094e+01
4.132209300994873047e+00
1.070275974273681641e+01
1.240141868591308594e+01
9.998926162719726562e+00
9.975687026977539062e+00
1.148153018951416016e+01
1.504136180877685547e+01
9.836029052734375000e+00
1.211414623260498047e+01
3.248933792114257812e+00
8.236499786376953125e+00
1.077026081085205078e+01
4.041430950164794922e+00
1.094029331207275391e+01
1.047836685180664062e+01
8.061184883117675781e+00
1.235963726043701172e+01
1.049509143829345703e+01
1.249322128295898438e+01
1.073625564575195312e+01
1.258757972717285156e+01
1.261487579345703125e+01
1.124024772644042969e+01
1.294115543365478516e+01
1.100460338592529297e+01
1.014454555511474609e+01
1.383786869049072266e+01
7.715793609619140625e+00
1.186978149414062500e+01
1.171176910400390625e+01
7.855245590209960938e+00
9.213106155395507812e+00
1.239915370941162109e+01
1.057510948181152344e+01
1.241781234741210938e+01
9.750669479370117188e+00
1.092940330505371094e+01
5.401359558105468750e+00
1.102249622344970703e+01
1.299903869628906250e+01
9.301695823669433594e+00
1.278127288818359375e+01
6.996821403503417969e+00
9.509813308715820312e+00
1.237259292602539062e+01
1.050759410858154297e+01
1.062772941589355469e+01
1.320931434631347656e+01
1.117045879364013672e+01
6.960402488708496094e+00
8.095186233520507812e+00
9.034984588623046875e+00
1.234456729888916016e+01
8.598947525024414062e+00
1.142785739898681641e+01
1.321707344055175781e+01
1.073572254180908203e+01
4.735417366027832031e+00
1.153276538848876953e+01
1.165452003479003906e+01
7.796997547149658203e+00
1.074415111541748047e+01
9.805047988891601562e+00
9.707162857055664062e+00
1.182307910919189453e+01
9.977857589721679688e+00
1.451100730895996094e+01
8.753531455993652344e+00
9.128471374511718750e+00
7.607548236846923828e+00
8.851831436157226562e+00
9.800181388854980469e+00
4.520335674285888672e+00
9.086551666259765625e+00
1.337641239166259766e+01
1.073759841918945312e+01
1.200520229339599609e+01
4.776503086090087891e+00
3.886676073074340820e+00
1.317559337615966797e+01
1.229512310028076172e+01
1.173034477233886719e+01
1.019854545593261719e+01
9.023638725280761719e+00
9.732280731201171875e+00
1.292941856384277344e+01
8.844885826110839844e+00
1.011424160003662109e+01
1.078146743774414062e+01
7.748106956481933594e+00
9.508801460266113281e+00
9.705599784851074219e+00
1.251198196411132812e+01
8.621009826660156250e+00
8.454709053039550781e+00
7.831403255462646484e+00
1.057021522521972656e+01
6.983775615692138672e+00
1.408563899993896484e+01
7.609132766723632812e+00
8.524667739868164062e+00
9.940757751464843750e+00
9.842712402343750000e+00
8.047700881958007812e+00
1.325249195098876953e+01
1.278887176513671875e+01
9.302582740783691406e+00
1.109030437469482422e+01
1.188134098052978516e+01
1.123512554168701172e+01
9.385355949401855469e+00
9.631937980651855469e+00
1.205375957489013672e+01
1.029194736480712891e+01
1.320843982696533203e+01
9.252335548400878906e+00
3.921929359436035156e+00
9.532680511474609375e+00
9.166238784790039062e+00
8.777798652648925781e+00
4.231450557708740234e+00
9.574488639831542969e+00
9.522079467773437500e+00
1.071830081939697266e+01
1.209905052185058594e+01
1.259731388092041016e+01
1.378457069396972656e+01
1.115983390808105469e+01
1.180253219604492188e+01
8.597799301147460938e+00
5.305220127105712891e+00
9.797990798950195312e+00
1.109210205078125000e+01
1.099190425872802734e+01
1.215538501739501953e+01
8.090678215026855469e+00
1.405823135375976562e+01
8.568935394287109375e+00
1.152625560760498047e+01
9.757744789123535156e+00
7.883161067962646484e+00
1.215380859375000000e+01
1.333455848693847656e+01
1.079272079467773438e+01
1.245553398132324219e+01
4.838713645935058594e+00
1.258780574798583984e+01
5.595725536346435547e+00
3.574741601943969727e+00
1.298974514007568359e+01
1.111434555053710938e+01
8.462548255920410156e+00
1.107356357574462891e+01
9.551366806030273438e+00
1.167503643035888672e+01
3.460974931716918945e+00
