1.096487712860107422e+01
1.120388221740722656e+01
4.040570735931396484e+00
7.417443275451660156e+00
1.114104557037353516e+01
9.306962013244628906e+00
1.145584106445312500e+01
5.715532779693603516e+00
8.982836723327636719e+00
1.299493217468261719e+01
1.018731784820556641e+01
9.017698287963867188e+00
1.011734294891357422e+01
8.056138992309570312e+00
1.026976108551025391e+01
1.059129428863525391e+01
4.507613658905029297e+00
1.145755386352539062e+01
1.066360759735107422e+01
1.061498165130615234e+01
9.691337585449218750e+00
1.163793182373046875e+01
1.091548824310302734e+01
1.133127880096435547e+01
1.139007663726806641e+01
1.033304119110107422e+01
9.626712799072265625e+00
3.843177556991577148e+00
1.153242111206054688e+01
4.622317314147949219e+00
9.677510261535644531e+00
1.060178947448730469e+01
9.265331268310546875e+00
1.147899627685546875e+01
9.953477859497070312e+00
1.055483531951904297e+01
1.104604434967041016e+01
8.976775169372558594e+00
1.173866653442382812e+01
4.098735332489013672e+00
1.218789005279541016e+01
9.421054840087890625e+00
1.399228096008300781e+01
8.596028327941894531e+00
1.083091545104980469e+01
7.701817035675048828e+00
8.222960472106933594e+00
7.979636192321777344e+00
1.051112079620361328e+01
1.013203430175781250e+01
1.222928428649902344e+01
9.349961280822753906e+00
9.480024337768554688e+00
1.076631641387939453e+01
1.000107002258300781e+01
9.439517974853515625e+00
4.707195758819580078e+00
8.354822158813476562e+00
1.174402713775634766e+01
1.106268405914306641e+01
1.090480136871337891e+01
1.288585472106933594e+01
1.064441490173339844e+01
1.066730403900146484e+01
1.346531867980957031e+01
1.202969264984130859e+01
1.109985733032226562e+01
1.052987861633300781e+01
1.153448772430419922e+01
1.294832801818847656e+01
1.291478443145751953e+01
1.078327751159667969e+01
8.756752967834472656e+00
9.993160247802734375e+00
1.051109123229980469e+01
8.957758903503417969e+00
8.599445343017578125e+00
4.946738243103027344e+00
9.967017173767089844e+00
8.945919036865234375e+00
1.559562683105468750e+01
3.754995584487915039e+00
1.449404907226562500e+01
9.453023910522460938e+00
1.022621250152587891e+01
1.281900691986083984e+01
1.061091232299804688e+01
7.321492195129394531e+00
7.867636680603027344e+00
1.001207160949707031e+01
1.458763027191162109e+01
8.615396499633789062e+00
1.228966236114501953e+01
8.836998939514160156e+00
1.045792865753173828e+01
4.151146888732910156e+00
6.847220420837402344e+00
4.585553169250488281e+00
9.021762847900390625e+00
9.377624511718750000e+00
1.136005306243896484e+01
8.527709007263183594e+00
1.292618465423583984e+01
9.996483802795410156e+00
1.026008892059326172e+01
5.262306690216064453e+00
1.255216026306152344e+01
1.469369792938232422e+01
1.055690479278564453e+01
1.127716064453125000e+01
9.095252990722656250e+00
1.020860481262207031e+01
1.378660678863525391e+01
1.104366302490234375e+01
9.487732887268066406e+00
1.180508327484130859e+01
1.111221504211425781e+01
7.800649642944335938e+00
9.311201095581054688e+00
1.088584518432617188e+01
1.111337184906005859e+01
8.332679748535156250e+00
1.281256866455078125e+01
1.006952571868896484e+01
1.141490173339843750e+01
4.381387233734130859e+00
1.233773899078369141e+01
1.266133308410644531e+01
1.119198131561279297e+01
1.134959125518798828e+01
1.087315654754638672e+01
1.058639717102050781e+01
1.084111404418945312e+01
9.435109138488769531e+00
1.465507602691650391e+01
1.085655307769775391e+01
9.849496841430664062e+00
1.009918975830078125e+01
9.062927246093750000e+00
1.022060680389404297e+01
9.769814491271972656e+00
4.745979309082031250e+00
1.193145942687988281e+01
1.458357906341552734e+01
9.509479522705078125e+00
1.336054611206054688e+01
1.089083576202392578e+01
1.183266067504882812e+01
1.285858726501464844e+01
8.515934944152832031e+00
1.417734718322753906e+01
1.201240634918212891e+01
1.038866424560546875e+01
8.448107719421386719e+00
1.110994148254394531e+01
9.791656494140625000e+00
1.102070522308349609e+01
1.043820762634277344e+01
1.526712131500244141e+01
3.577399492263793945e+00
4.662717342376708984e+00
1.087641525268554688e+01
9.187488555908203125e+00
4.478128910064697266e+00
5.218651771545410156e+00
1.261048984527587891e+01
1.055248641967773438e+01
1.274828815460205078e+01
9.858720779418945312e+00
1.134151554107666016e+01
1.159195899963378906e+01
1.507598304748535156e+01
9.967954635620117188e+00
1.165331840515136719e+01
1.175234699249267578e+01
9.788653373718261719e+00
8.976634979248046875e+00
9.294348716735839844e+00
7.917587757110595703e+00
9.404026985168457031e+00
1.089935111999511719e+01
9.411575317382812500e+00
1.166448593139648438e+01
1.032703495025634766e+01
1.138449954986572266e+01
1.026818752288818359e+01
7.751393318176269531e+00
1.075475978851318359e+01
1.210094165802001953e+01
8.350414276123046875e+00
8.323822975158691406e+00
7.860725879669189453e+00
8.741647720336914062e+00
1.158715915679931641e+01
1.223032760620117188e+01
1.451799106597900391e+01
4.540614604949951172e+00
1.403752899169921875e+01
1.258973312377929688e+01
1.374527263641357422e+01
1.104405117034912109e+01
8.703762054443359375e+00
1.265800476074218750e+01
9.609283447265625000e+00
8.832751274108886719e+00
8.936100959777832031e+00
5.523345470428466797e+00
4.128791809082031250e+00
1.152750682830810547e+01
1.010385227203369141e+01
1.131208229064941406e+01
1.157518196105957031e+01
9.132086753845214844e+00
8.794301986694335938e+00
9.973941802978515625e+00
9.615222930908203125e+00
1.166334724426269531e+01
1.013601303100585938e+01
1.222756671905517578e+01
1.145591640472412109e+01
7.929214000701904297e+00
1.341174030303955078e+01
9.118371963500976562e+00
1.592902374267578125e+01
1.229987049102783203e+01
3.643210887908935547e+00
3.153223991394042969e+00
1.145209217071533203e+01
1.044461250305175781e+01
9.628684043884277344e+00
1.121009635925292969e+01
1.089506912231445312e+01
9.273613929748535156e+00
7.272123813629150391e+00
9.658207893371582031e+00
3.733052968978881836e+00
1.020839405059814453e+01
1.086779785156250000e+01
1.160283184051513672e+01
1.213542461395263672e+01
1.176991844177246094e+01
1.179141521453857422e+01
1.457563400268554688e+01
7.682676315307617188e+00
6.947469711303710938e+00
1.124244213104248047e+01
1.111771106719970703e+01
1.005135917663574219e+01
8.219028472900390625e+00
1.206719112396240234e+01
