9.713820457458496094e+00
1.176021957397460938e+01
1.095316028594970703e+01
1.151158046722412109e+01
9.657705307006835938e+00
1.193827819824218750e+01
1.231659984588623047e+01
8.754234313964843750e+00
1.153847885131835938e+01
9.751678466796875000e+00
9.271092414855957031e+00
9.756031036376953125e+00
4.038179874420166016e+00
7.612903118133544922e+00
1.010621643066406250e+01
8.068190574645996094e+00
1.038037681579589844e+01
9.957591056823730469e+00
8.438137054443359375e+00
1.178021144866943359e+01
1.149026012420654297e+01
9.706609725952148438e+00
8.135438919067382812e+00
1.213034439086914062e+01
1.107273769378662109e+01
1.091018676757812500e+01
9.305059432983398438e+00
4.265830516815185547e+00
7.762788295745849609e+00
1.076220226287841797e+01
1.001128482818603516e+01
7.337162017822265625e+00
9.958875656127929688e+00
9.577270507812500000e+00
1.325449562072753906e+01
1.085825634002685547e+01
8.888053894042968750e+00
9.299122810363769531e+00
1.057875537872314453e+01
1.444354820251464844e+01
1.197963237762451172e+01
1.186650085449218750e+01
8.583445549011230469e+00
1.051053047180175781e+01
7.549772262573242188e+00
9.006333351135253906e+00
1.023133277893066406e+01
1.123100090026855469e+01
1.166668987274169922e+01
1.061101150512695312e+01
9.282806396484375000e+00
1.213184261322021484e+01
1.268326091766357422e+01
5.056999206542968750e+00
1.039110374450683594e+01
1.137447547912597656e+01
1.177835273742675781e+01
1.489626502990722656e+01
1.392745971679687500e+01
1.130743503570556641e+01
8.260763168334960938e+00
6.774128437042236328e+00
1.015835285186767578e+01
1.142646884918212891e+01
1.306915664672851562e+01
1.041852951049804688e+01
1.110298538208007812e+01
1.112971973419189453e+01
4.361306190490722656e+00
9.462542533874511719e+00
1.159425830841064453e+01
1.116808509826660156e+01
1.057211494445800781e+01
1.086068153381347656e+01
1.321759510040283203e+01
1.039360713958740234e+01
1.095998668670654297e+01
1.502172183990478516e+01
8.317143440246582031e+00
1.039115333557128906e+01
9.618855476379394531e+00
9.462191581726074219e+00
9.201009750366210938e+00
9.535852432250976562e+00
7.882099628448486328e+00
9.273978233337402344e+00
1.058706760406494141e+01
8.577753067016601562e+00
8.921298980712890625e+00
9.034086227416992188e+00
1.055087947845458984e+01
9.085136413574218750e+00
1.027015686035156250e+01
9.438863754272460938e+00
1.266347312927246094e+01
1.558530044555664062e+01
1.094822788238525391e+01
1.136498260498046875e+01
1.194532108306884766e+01
1.214185142517089844e+01
1.114076995849609375e+01
9.640655517578125000e+00
1.067954254150390625e+01
1.100729179382324219e+01
1.203164672851562500e+01
1.107494926452636719e+01
4.809947490692138672e+00
8.867349624633789062e+00
1.007570266723632812e+01
1.345648765563964844e+01
9.645757675170898438e+00
8.003362655639648438e+00
1.283127403259277344e+01
1.169861698150634766e+01
1.436587429046630859e+01
4.600259304046630859e+00
3.236565351486206055e+00
9.208370208740234375e+00
1.337525653839111328e+01
9.812827110290527344e+00
1.085122108459472656e+01
4.565258502960205078e+00
4.148634433746337891e+00
7.880870342254638672e+00
1.011549758911132812e+01
1.106494617462158203e+01
9.134807586669921875e+00
1.346192169189453125e+01
1.137314128875732422e+01
8.617744445800781250e+00
3.814507246017456055e+00
8.947589874267578125e+00
8.220244407653808594e+00
1.109520435333251953e+01
3.249123334884643555e+00
1.103956604003906250e+01
1.278808593750000000e+01
1.073691177368164062e+01
8.485792160034179688e+00
1.047548389434814453e+01
1.054784202575683594e+01
1.289705181121826172e+01
8.408802032470703125e+00
1.008934497833251953e+01
1.080004310607910156e+01
4.864326000213623047e+00
9.187675476074218750e+00
9.663658142089843750e+00
1.007293128967285156e+01
1.268189430236816406e+01
1.107260513305664062e+01
1.230855178833007812e+01
9.477366447448730469e+00
1.033865070343017578e+01
9.723145484924316406e+00
1.046731567382812500e+01
1.316549587249755859e+01
1.309733200073242188e+01
4.365289211273193359e+00
9.392696380615234375e+00
1.065786266326904297e+01
3.906283855438232422e+00
1.097028636932373047e+01
4.964625358581542969e+00
1.142413139343261719e+01
1.013129997253417969e+01
9.790881156921386719e+00
1.036391544342041016e+01
1.240717411041259766e+01
4.824536800384521484e+00
1.324814987182617188e+01
1.024603748321533203e+01
9.981827735900878906e+00
5.247017860412597656e+00
1.339689445495605469e+01
1.219637393951416016e+01
1.093793773651123047e+01
9.894885063171386719e+00
1.545723247528076172e+01
9.176265716552734375e+00
1.371526336669921875e+01
1.028791522979736328e+01
1.086985778808593750e+01
9.568932533264160156e+00
1.034169292449951172e+01
7.138732910156250000e+00
4.132566928863525391e+00
9.360083580017089844e+00
9.978770256042480469e+00
7.709604740142822266e+00
1.180515956878662109e+01
9.414748191833496094e+00
1.236825656890869141e+01
5.646824836730957031e+00
1.135283279418945312e+01
1.087752056121826172e+01
1.043933010101318359e+01
1.090240669250488281e+01
1.309347820281982422e+01
9.085748672485351562e+00
1.344624614715576172e+01
8.478029251098632812e+00
1.081011390686035156e+01
9.660290718078613281e+00
9.239864349365234375e+00
8.088978767395019531e+00
8.567500114440917969e+00
1.228556823730468750e+01
5.315246105194091797e+00
8.987071990966796875e+00
8.242644309997558594e+00
1.004354667663574219e+01
1.275230503082275391e+01
6.282969474792480469e+00
7.795316696166992188e+00
1.165912914276123047e+01
1.354939842224121094e+01
1.289158248901367188e+01
1.296956825256347656e+01
1.016887474060058594e+01
1.209224033355712891e+01
8.909812927246093750e+00
1.276034069061279297e+01
9.717761039733886719e+00
1.353368663787841797e+01
6.786580085754394531e+00
9.036862373352050781e+00
9.881503105163574219e+00
1.154887771606445312e+01
7.187802314758300781e+00
1.236452579498291016e+01
6.889596939086914062e+00
8.601869583129882812e+00
7.995204448699951172e+00
1.169266891479492188e+01
7.026465892791748047e+00
1.030097866058349609e+01
6.648241996765136719e+00
3.445209026336669922e+00
1.038828468322753906e+01
8.544722557067871094e+00
7.589303970336914062e+00
1.033221340179443359e+01
1.129075622558593750e+01
1.112065124511718750e+01
1.162902355194091797e+01
1.238761520385742188e+01
1.007707023620605469e+01
1.136299514770507812e+01
4.788933753967285156e+00
