1.181730461120605469e+01
1.020145893096923828e+01
1.217365837097167969e+01
1.186040401458740234e+01
6.461379051208496094e+00
6.413993835449218750e+00
1.346985721588134766e+01
1.283374214172363281e+01
9.972856521606445312e+00
1.224922847747802734e+01
1.408364391326904297e+01
9.804671287536621094e+00
1.011660766601562500e+01
1.036914062500000000e+01
1.349457645416259766e+01
1.182951068878173828e+01
6.180834770202636719e+00
4.538879871368408203e+00
1.214607810974121094e+01
9.944031715393066406e+00
1.029202270507812500e+01
3.759080648422241211e+00
1.159853458404541016e+01
1.407880592346191406e+01
1.181391525268554688e+01
9.139620780944824219e+00
7.843059062957763672e+00
1.197022914886474609e+01
1.065864753723144531e+01
8.983111381530761719e+00
9.179234504699707031e+00
8.731317520141601562e+00
1.647128868103027344e+01
1.255944347381591797e+01
9.269201278686523438e+00
8.625518798828125000e+00
8.503523826599121094e+00
1.163191223144531250e+01
1.238418483734130859e+01
9.042779922485351562e+00
1.293725204467773438e+01
7.644890308380126953e+00
1.257715225219726562e+01
1.109982681274414062e+01
9.037833213806152344e+00
8.632558822631835938e+00
1.153501319885253906e+01
8.369597434997558594e+00
9.622433662414550781e+00
9.065713882446289062e+00
7.341054916381835938e+00
8.813351631164550781e+00
4.768949985504150391e+00
1.087664413452148438e+01
1.047258567810058594e+01
8.191126823425292969e+00
9.524703979492187500e+00
1.238573741912841797e+01
1.155587005615234375e+01
1.021132469177246094e+01
1.084755039215087891e+01
1.088428974151611328e+01
1.155281066894531250e+01
9.577373504638671875e+00
8.965392112731933594e+00
9.346100807189941406e+00
1.153783321380615234e+01
1.032154560089111328e+01
1.094227790832519531e+01
9.098177909851074219e+00
1.237988948822021484e+01
3.542563915252685547e+00
7.993862152099609375e+00
1.414796352386474609e+01
1.164298534393310547e+01
1.271302604675292969e+01
9.108324050903320312e+00
1.087416172027587891e+01
8.473638534545898438e+00
3.824082374572753906e+00
9.821747779846191406e+00
8.560029029846191406e+00
9.517135620117187500e+00
1.279060173034667969e+01
1.159270381927490234e+01
1.189014339447021484e+01
1.120874309539794922e+01
1.008638763427734375e+01
1.124058341979980469e+01
9.670664787292480469e+00
9.979620933532714844e+00
1.123469638824462891e+01
1.277307510375976562e+01
1.160954380035400391e+01
9.763026237487792969e+00
1.012990570068359375e+01
1.181701660156250000e+01
1.362416076660156250e+01
1.174184989929199219e+01
4.079163074493408203e+00
7.752139091491699219e+00
1.170065402984619141e+01
1.358650493621826172e+01
3.176954746246337891e+00
1.243119430541992188e+01
1.241828536987304688e+01
1.198465347290039062e+01
4.564355850219726562e+00
1.265730953216552734e+01
7.919285297393798828e+00
1.057229042053222656e+01
1.218461894989013672e+01
9.713041305541992188e+00
3.200442075729370117e+00
3.612188100814819336e+00
1.152525043487548828e+01
1.127070903778076172e+01
1.189634609222412109e+01
9.900891304016113281e+00
1.212211799621582031e+01
1.256472301483154297e+01
9.145347595214843750e+00
9.765666007995605469e+00
8.663599967956542969e+00
1.251261138916015625e+01
1.261650562286376953e+01
1.331089973449707031e+01
9.664318084716796875e+00
1.358261108398437500e+01
9.943972587585449219e+00
8.982022285461425781e+00
4.423717021942138672e+00
1.464283657073974609e+01
1.192989635467529297e+01
9.507234573364257812e+00
1.178795146942138672e+01
1.044700908660888672e+01
7.750849246978759766e+00
1.071300220489501953e+01
9.860670089721679688e+00
1.508512878417968750e+01
1.041844367980957031e+01
1.053347682952880859e+01
8.640666961669921875e+00
4.677601337432861328e+00
9.720029830932617188e+00
7.324595928192138672e+00
4.214269161224365234e+00
1.463847064971923828e+01
1.156096267700195312e+01
9.882216453552246094e+00
1.158706378936767578e+01
8.408417701721191406e+00
9.268470764160156250e+00
1.009758090972900391e+01
9.507662773132324219e+00
8.121158599853515625e+00
1.029723262786865234e+01
1.153008937835693359e+01
1.298480510711669922e+01
1.142271518707275391e+01
3.771587133407592773e+00
1.283511924743652344e+01
1.039661026000976562e+01
1.002793502807617188e+01
1.056683731079101562e+01
1.223523426055908203e+01
1.020267677307128906e+01
1.066253757476806641e+01
1.230485820770263672e+01
1.270427417755126953e+01
1.105510234832763672e+01
1.167683219909667969e+01
4.198350429534912109e+00
9.129172325134277344e+00
9.561016082763671875e+00
7.505534172058105469e+00
8.475743293762207031e+00
1.079030418395996094e+01
1.156370735168457031e+01
1.042032146453857422e+01
1.123548793792724609e+01
1.068465995788574219e+01
1.191177082061767578e+01
5.143758773803710938e+00
1.179573440551757812e+01
1.056982612609863281e+01
9.934038162231445312e+00
9.078021049499511719e+00
1.175348854064941406e+01
1.379704189300537109e+01
9.457871437072753906e+00
7.707039356231689453e+00
1.060808849334716797e+01
1.238651466369628906e+01
1.172845363616943359e+01
1.128856849670410156e+01
1.164286994934082031e+01
1.161538696289062500e+01
1.025466728210449219e+01
1.125535011291503906e+01
1.196871757507324219e+01
1.164419841766357422e+01
8.674010276794433594e+00
1.034614753723144531e+01
1.124522113800048828e+01
1.320027732849121094e+01
1.023584365844726562e+01
9.795253753662109375e+00
9.212799072265625000e+00
1.271061134338378906e+01
5.045045852661132812e+00
8.581177711486816406e+00
1.021512317657470703e+01
1.115681743621826172e+01
4.578786849975585938e+00
1.223852443695068359e+01
1.228203105926513672e+01
9.303789138793945312e+00
8.481249809265136719e+00
1.197702121734619141e+01
8.454104423522949219e+00
4.335701942443847656e+00
8.276922225952148438e+00
9.947900772094726562e+00
9.979202270507812500e+00
1.184013748168945312e+01
1.195077419281005859e+01
1.416536903381347656e+01
1.151591014862060547e+01
9.873503684997558594e+00
1.286069774627685547e+01
1.275281524658203125e+01
9.944375038146972656e+00
9.429891586303710938e+00
1.075463771820068359e+01
1.371360397338867188e+01
1.330014801025390625e+01
3.862982034683227539e+00
1.161939811706542969e+01
4.111337661743164062e+00
1.227377319335937500e+01
1.181340694427490234e+01
1.003457927703857422e+01
9.260224342346191406e+00
9.328026771545410156e+00
8.892904281616210938e+00
9.192552566528320312e+00
6.949825286865234375e+00
3.929787397384643555e+00
