1.274892425537109375e+01
1.377710914611816406e+01
1.067794418334960938e+01
1.278882122039794922e+01
9.755759239196777344e+00
7.625320911407470703e+00
9.245888710021972656e+00
1.236061859130859375e+01
9.302546501159667969e+00
1.593309497833251953e+01
1.156080436706542969e+01
1.026059532165527344e+01
1.096921920776367188e+01
1.301262760162353516e+01
1.045395469665527344e+01
1.378028964996337891e+01
1.166500473022460938e+01
1.125543498992919922e+01
1.113587093353271484e+01
1.184634971618652344e+01
1.180809402465820312e+01
1.639391708374023438e+01
1.098359680175781250e+01
1.096915626525878906e+01
1.122880935668945312e+01
1.121211528778076172e+01
9.117139816284179688e+00
1.364057922363281250e+01
8.302273750305175781e+00
1.277848911285400391e+01
1.205636787414550781e+01
8.749195098876953125e+00
7.353948116302490234e+00
9.064152717590332031e+00
1.080009078979492188e+01
1.213683319091796875e+01
8.670818328857421875e+00
1.061804389953613281e+01
4.056934356689453125e+00
1.367460155487060547e+01
1.369542312622070312e+01
5.429366111755371094e+00
1.645239830017089844e+01
1.032258224487304688e+01
1.125644588470458984e+01
1.295327854156494141e+01
8.894439697265625000e+00
1.367623424530029297e+01
9.608775138854980469e+00
1.490959835052490234e+01
7.772430419921875000e+00
1.204068470001220703e+01
8.251505851745605469e+00
1.525072002410888672e+01
3.360114097595214844e+00
1.343702125549316406e+01
9.799707412719726562e+00
1.065934848785400391e+01
1.267989158630371094e+01
1.348571300506591797e+01
4.609076023101806641e+00
1.155281829833984375e+01
9.729771614074707031e+00
1.283839797973632812e+01
1.019638252258300781e+01
9.900913238525390625e+00
1.186948204040527344e+01
1.086562728881835938e+01
1.026907825469970703e+01
1.269921493530273438e+01
8.535264968872070312e+00
9.512633323669433594e+00
1.013672065734863281e+01
9.947472572326660156e+00
1.114622402191162109e+01
1.217617130279541016e+01
1.205460834503173828e+01
1.137726783752441406e+01
1.090737438201904297e+01
1.225655269622802734e+01
1.339663314819335938e+01
1.163552856445312500e+01
1.214759922027587891e+01
1.184776878356933594e+01
1.027683544158935547e+01
1.268092918395996094e+01
4.384432792663574219e+00
7.492569446563720703e+00
1.217272758483886719e+01
1.426961803436279297e+01
1.234574604034423828e+01
9.091942787170410156e+00
1.520936107635498047e+01
1.638028717041015625e+01
8.556761741638183594e+00
1.411199378967285156e+01
1.201111888885498047e+01
9.994225502014160156e+00
1.084953975677490234e+01
3.565048933029174805e+00
1.105400848388671875e+01
1.349730777740478516e+01
1.512280750274658203e+01
1.506898593902587891e+01
1.036938953399658203e+01
5.781131744384765625e+00
8.629404067993164062e+00
7.687123298645019531e+00
1.174322605133056641e+01
1.364057922363281250e+01
1.114465713500976562e+01
1.165813446044921875e+01
9.649740219116210938e+00
1.071998214721679688e+01
9.703432083129882812e+00
1.101395130157470703e+01
9.248848915100097656e+00
1.120908069610595703e+01
3.579702854156494141e+00
1.384086418151855469e+01
1.100918960571289062e+01
1.386588859558105469e+01
1.090247821807861328e+01
1.077779769897460938e+01
1.030029106140136719e+01
1.297516536712646484e+01
1.126666831970214844e+01
6.348117351531982422e+00
1.031235122680664062e+01
1.374469661712646484e+01
6.953086376190185547e+00
1.474468708038330078e+01
9.990180015563964844e+00
1.119601154327392578e+01
1.185112571716308594e+01
1.398508358001708984e+01
7.487407207489013672e+00
5.034873008728027344e+00
3.520502805709838867e+00
7.200465679168701172e+00
9.888075828552246094e+00
1.431727027893066406e+01
1.102762985229492188e+01
1.515526199340820312e+01
1.136628055572509766e+01
1.232616329193115234e+01
1.116657257080078125e+01
1.468056011199951172e+01
1.237551116943359375e+01
1.081480503082275391e+01
3.767123460769653320e+00
1.258949851989746094e+01
1.090237236022949219e+01
1.323861885070800781e+01
1.229236316680908203e+01
1.239319229125976562e+01
9.440967559814453125e+00
1.461046981811523438e+01
1.224241352081298828e+01
1.069048976898193359e+01
1.303390312194824219e+01
6.705648422241210938e+00
5.077454566955566406e+00
1.353622245788574219e+01
4.465170383453369141e+00
1.397028541564941406e+01
1.215710067749023438e+01
1.400747680664062500e+01
1.271977901458740234e+01
5.294861316680908203e+00
1.042610549926757812e+01
1.327339363098144531e+01
9.176839828491210938e+00
1.494735527038574219e+01
1.210673809051513672e+01
1.335262680053710938e+01
1.042682170867919922e+01
1.440959835052490234e+01
1.278302669525146484e+01
1.420725345611572266e+01
1.098611450195312500e+01
1.292282009124755859e+01
1.176628780364990234e+01
1.062875270843505859e+01
1.235266780853271484e+01
5.875002384185791016e+00
8.786470413208007812e+00
1.005167961120605469e+01
1.138082504272460938e+01
1.185983943939208984e+01
9.784049034118652344e+00
1.344099712371826172e+01
7.725283622741699219e+00
1.013430786132812500e+01
9.083761215209960938e+00
3.502503156661987305e+00
7.830016613006591797e+00
1.226539516448974609e+01
1.116174125671386719e+01
1.032714843750000000e+01
1.436732196807861328e+01
8.236164093017578125e+00
9.648738861083984375e+00
6.991548538208007812e+00
5.329872131347656250e+00
1.022307395935058594e+01
9.967763900756835938e+00
8.503487586975097656e+00
8.699620246887207031e+00
1.211658573150634766e+01
1.391110801696777344e+01
2.895424604415893555e+00
1.335024261474609375e+01
1.180794334411621094e+01
1.226550769805908203e+01
1.160181331634521484e+01
1.166459846496582031e+01
9.987523078918457031e+00
7.748277664184570312e+00
8.882375717163085938e+00
9.283038139343261719e+00
1.075843524932861328e+01
1.013809490203857422e+01
8.081043243408203125e+00
8.693508148193359375e+00
1.053686046600341797e+01
9.013034820556640625e+00
3.769588232040405273e+00
1.500960731506347656e+01
1.116627216339111328e+01
1.318439769744873047e+01
1.062536430358886719e+01
1.197196102142333984e+01
8.456629753112792969e+00
9.494810104370117188e+00
7.356181144714355469e+00
1.415240859985351562e+01
8.069646835327148438e+00
1.110999202728271484e+01
1.241318607330322266e+01
1.047573661804199219e+01
1.032702064514160156e+01
1.205668067932128906e+01
1.092108917236328125e+01
1.047251796722412109e+01
1.021944522857666016e+01
1.101063919067382812e+01
1.177391529083251953e+01
3.890970945358276367e+00
9.158339500427246094e+00
