9.221154212951660156e+00
8.152914047241210938e+00
1.287264823913574219e+01
9.806529045104980469e+00
1.217876338958740234e+01
8.347818374633789062e+00
1.539925098419189453e+01
1.070455741882324219e+01
1.255720806121826172e+01
1.388341903686523438e+01
1.451047229766845703e+01
9.250926971435546875e+00
8.618759155273437500e+00
1.069202327728271484e+01
1.111758899688720703e+01
1.075501155853271484e+01
1.369407081604003906e+01
1.253549194335937500e+01
1.468806838989257812e+01
1.398254585266113281e+01
8.345893859863281250e+00
9.517792701721191406e+00
4.606886863708496094e+00
1.056106281280517578e+01
3.450793504714965820e+00
1.105901050567626953e+01
1.174538803100585938e+01
3.787122964859008789e+00
8.874741554260253906e+00
1.417223262786865234e+01
1.380246448516845703e+01
1.219910717010498047e+01
1.107914733886718750e+01
9.328751564025878906e+00
1.125259304046630859e+01
8.028047561645507812e+00
8.547249794006347656e+00
1.571194839477539062e+01
1.428752422332763672e+01
1.195551967620849609e+01
5.871953964233398438e+00
4.300021171569824219e+00
8.371688842773437500e+00
1.454756069183349609e+01
3.649352073669433594e+00
1.288648891448974609e+01
1.282392501831054688e+01
1.110153579711914062e+01
1.067986488342285156e+01
1.458492946624755859e+01
7.642528533935546875e+00
8.727691650390625000e+00
9.028347015380859375e+00
1.153040409088134766e+01
9.390541076660156250e+00
1.462949180603027344e+01
1.185950851440429688e+01
7.991734027862548828e+00
1.435707855224609375e+01
1.229385948181152344e+01
1.179678153991699219e+01
3.843161106109619141e+00
1.200029277801513672e+01
1.287684345245361328e+01
1.229759311676025391e+01
1.028612709045410156e+01
9.982666015625000000e+00
9.778231620788574219e+00
8.739226341247558594e+00
1.173998928070068359e+01
1.015432548522949219e+01
8.211940765380859375e+00
1.102745628356933594e+01
8.739124298095703125e+00
4.310230255126953125e+00
1.090231132507324219e+01
9.741075515747070312e+00
8.561872482299804688e+00
1.320883560180664062e+01
4.992974758148193359e+00
8.571332931518554688e+00
9.720690727233886719e+00
1.101874256134033203e+01
1.072312355041503906e+01
1.094410037994384766e+01
4.411309719085693359e+00
9.576592445373535156e+00
1.103654289245605469e+01
9.796612739562988281e+00
7.998204708099365234e+00
9.986971855163574219e+00
1.169430446624755859e+01
1.245738792419433594e+01
7.066414356231689453e+00
1.207498359680175781e+01
9.032491683959960938e+00
1.124176406860351562e+01
7.668903827667236328e+00
1.273371028900146484e+01
4.331372261047363281e+00
8.322296142578125000e+00
1.289579772949218750e+01
1.321549606323242188e+01
1.019912815093994141e+01
1.109707736968994141e+01
7.781937599182128906e+00
8.874117851257324219e+00
1.357898235321044922e+01
7.769810676574707031e+00
1.241231727600097656e+01
1.051160049438476562e+01
1.049538326263427734e+01
7.122437000274658203e+00
1.224171257019042969e+01
9.050667762756347656e+00
1.341132164001464844e+01
8.515866279602050781e+00
8.952332496643066406e+00
1.127699947357177734e+01
5.156932830810546875e+00
1.023052406311035156e+01
1.050251483917236328e+01
7.787456989288330078e+00
1.262851524353027344e+01
8.679508209228515625e+00
7.401540756225585938e+00
3.826197385787963867e+00
4.574627399444580078e+00
1.003309535980224609e+01
1.262504196166992188e+01
8.592259407043457031e+00
4.046633243560791016e+00
1.063731765747070312e+01
9.292594909667968750e+00
1.036728000640869141e+01
1.124888610839843750e+01
1.043770122528076172e+01
1.292335319519042969e+01
1.157061576843261719e+01
1.362249755859375000e+01
1.198655605316162109e+01
9.163346290588378906e+00
9.743181228637695312e+00
1.195792675018310547e+01
9.154738426208496094e+00
1.117563629150390625e+01
6.347032070159912109e+00
1.324395656585693359e+01
9.747540473937988281e+00
1.474398422241210938e+01
1.087906742095947266e+01
8.043094635009765625e+00
8.390474319458007812e+00
1.056431579589843750e+01
1.093365955352783203e+01
1.209669876098632812e+01
8.530106544494628906e+00
7.884499073028564453e+00
1.364815902709960938e+01
9.544224739074707031e+00
9.826434135437011719e+00
1.314072418212890625e+01
1.097902774810791016e+01
1.224500083923339844e+01
9.794562339782714844e+00
7.582882404327392578e+00
1.279046916961669922e+01
1.074328136444091797e+01
9.707284927368164062e+00
1.026066780090332031e+01
1.233229541778564453e+01
8.220308303833007812e+00
9.121579170227050781e+00
1.055280399322509766e+01
1.121768283843994141e+01
4.773719787597656250e+00
1.417162227630615234e+01
4.720734596252441406e+00
1.074873256683349609e+01
1.172027683258056641e+01
1.067000007629394531e+01
1.442275905609130859e+01
8.717434883117675781e+00
4.978644371032714844e+00
3.841776609420776367e+00
9.218069076538085938e+00
7.660336494445800781e+00
1.168892383575439453e+01
9.961029052734375000e+00
6.053982257843017578e+00
9.041752815246582031e+00
1.387899208068847656e+01
1.367523765563964844e+01
1.055774307250976562e+01
9.173255920410156250e+00
9.405537605285644531e+00
1.065166473388671875e+01
1.125338363647460938e+01
8.338682174682617188e+00
1.031033134460449219e+01
1.158332824707031250e+01
7.825918197631835938e+00
1.089970970153808594e+01
1.242100143432617188e+01
1.159802246093750000e+01
9.640086174011230469e+00
1.225460433959960938e+01
1.192086029052734375e+01
7.943049907684326172e+00
6.442524909973144531e+00
9.538405418395996094e+00
1.296070480346679688e+01
1.228896713256835938e+01
9.930428504943847656e+00
1.049785709381103516e+01
9.603571891784667969e+00
1.245916652679443359e+01
1.064606475830078125e+01
1.202448654174804688e+01
9.648298263549804688e+00
1.281730365753173828e+01
1.133896255493164062e+01
9.224333763122558594e+00
9.928135871887207031e+00
8.614825248718261719e+00
9.865747451782226562e+00
5.581966876983642578e+00
1.213773536682128906e+01
9.168027877807617188e+00
4.730211734771728516e+00
1.414344406127929688e+01
1.347971057891845703e+01
3.598085880279541016e+00
1.336530590057373047e+01
1.050132274627685547e+01
1.030134487152099609e+01
4.614564895629882812e+00
1.370645904541015625e+01
1.239183902740478516e+01
1.070361328125000000e+01
1.124588012695312500e+01
1.127939414978027344e+01
9.660737037658691406e+00
1.076198196411132812e+01
9.060887336730957031e+00
1.035616493225097656e+01
9.399485588073730469e+00
7.215728759765625000e+00
1.201699161529541016e+01
1.244946765899658203e+01
