3.798751354217529297e+00
1.419511032104492188e+01
7.863996028900146484e+00
1.154567337036132812e+01
1.559582614898681641e+01
7.459895610809326172e+00
1.105072402954101562e+01
9.649679183959960938e+00
1.003444194793701172e+01
1.022416591644287109e+01
1.165199851989746094e+01
9.892656326293945312e+00
8.148902893066406250e+00
1.376267528533935547e+01
1.307479095458984375e+01
9.929232597351074219e+00
8.760878562927246094e+00
1.049783992767333984e+01
1.463345146179199219e+01
1.217159652709960938e+01
1.011721611022949219e+01
9.015531539916992188e+00
1.239112854003906250e+01
1.077656745910644531e+01
1.201039600372314453e+01
1.181380748748779297e+01
9.228197097778320312e+00
8.845303535461425781e+00
9.218846321105957031e+00
1.041296672821044922e+01
9.611744880676269531e+00
9.487530708312988281e+00
1.395906448364257812e+01
9.874812126159667969e+00
1.043328380584716797e+01
4.042922019958496094e+00
1.349248313903808594e+01
1.384675025939941406e+01
1.403725242614746094e+01
4.398672103881835938e+00
1.108233928680419922e+01
1.024751472473144531e+01
9.962788581848144531e+00
8.902599334716796875e+00
1.431276321411132812e+01
8.138146400451660156e+00
1.367779064178466797e+01
1.170580291748046875e+01
1.122572803497314453e+01
1.110293865203857422e+01
7.645429611206054688e+00
8.571095466613769531e+00
9.393600463867187500e+00
3.463479995727539062e+00
9.240873336791992188e+00
8.660687446594238281e+00
9.399825096130371094e+00
1.136625385284423828e+01
1.169856166839599609e+01
9.721042633056640625e+00
1.490957927703857422e+01
9.354420661926269531e+00
1.060770893096923828e+01
9.869449615478515625e+00
1.055722045898437500e+01
9.504590988159179688e+00
1.296361923217773438e+01
3.738495349884033203e+00
1.023035621643066406e+01
1.006632995605468750e+01
4.488379001617431641e+00
9.249170303344726562e+00
1.273585224151611328e+01
1.094741725921630859e+01
1.307380867004394531e+01
1.453965950012207031e+01
1.218870925903320312e+01
3.535463333129882812e+00
3.887135028839111328e+00
9.943996429443359375e+00
1.129557418823242188e+01
7.932537078857421875e+00
7.948275566101074219e+00
4.631815910339355469e+00
7.745247840881347656e+00
1.058477497100830078e+01
8.754051208496093750e+00
1.002876281738281250e+01
1.360436439514160156e+01
1.030414581298828125e+01
1.367358207702636719e+01
8.779681205749511719e+00
1.214163780212402344e+01
1.025886821746826172e+01
9.576239585876464844e+00
4.328352928161621094e+00
1.175061321258544922e+01
1.169319438934326172e+01
7.372164726257324219e+00
9.702300071716308594e+00
8.789424896240234375e+00
1.103492641448974609e+01
1.100940513610839844e+01
9.827817916870117188e+00
1.461655139923095703e+01
8.338730812072753906e+00
1.247064971923828125e+01
8.455757141113281250e+00
1.085999202728271484e+01
1.203520107269287109e+01
1.218577671051025391e+01
8.664845466613769531e+00
9.622433662414550781e+00
9.680370330810546875e+00
1.123778152465820312e+01
4.633256435394287109e+00
3.770265579223632812e+00
1.243396854400634766e+01
1.208689308166503906e+01
1.165440273284912109e+01
7.897458553314208984e+00
9.914137840270996094e+00
1.037017631530761719e+01
1.172686481475830078e+01
1.221880912780761719e+01
8.557056427001953125e+00
1.377659702301025391e+01
7.447705745697021484e+00
8.981913566589355469e+00
1.077980422973632812e+01
1.268381881713867188e+01
1.078212547302246094e+01
1.058541965484619141e+01
4.322942256927490234e+00
1.050740146636962891e+01
1.215950012207031250e+01
1.425062179565429688e+01
1.044577789306640625e+01
1.137848949432373047e+01
1.035086727142333984e+01
7.952898502349853516e+00
1.073740768432617188e+01
1.032350349426269531e+01
1.059667968750000000e+01
1.098146820068359375e+01
7.327232360839843750e+00
8.542113304138183594e+00
8.899154663085937500e+00
1.504551792144775391e+01
1.264644813537597656e+01
1.108897018432617188e+01
1.053531074523925781e+01
3.787869930267333984e+00
3.793987512588500977e+00
8.753180503845214844e+00
1.038941574096679688e+01
1.289288425445556641e+01
8.621619224548339844e+00
1.033436870574951172e+01
9.161388397216796875e+00
1.045097923278808594e+01
9.019154548645019531e+00
1.047199249267578125e+01
8.741221427917480469e+00
4.624040126800537109e+00
8.733036994934082031e+00
9.815105438232421875e+00
6.690624237060546875e+00
1.135699081420898438e+01
9.303617477416992188e+00
1.066009330749511719e+01
4.582882881164550781e+00
1.324378299713134766e+01
9.476492881774902344e+00
1.137917041778564453e+01
8.943147659301757812e+00
1.181858444213867188e+01
9.462650299072265625e+00
9.207399368286132812e+00
8.166422843933105469e+00
1.103260135650634766e+01
1.065236091613769531e+01
1.060573768615722656e+01
1.335027503967285156e+01
3.285207271575927734e+00
8.810109138488769531e+00
1.183177947998046875e+01
9.518925666809082031e+00
9.998779296875000000e+00
1.160099983215332031e+01
1.213825035095214844e+01
1.050117206573486328e+01
1.364484786987304688e+01
7.841670513153076172e+00
1.004233360290527344e+01
1.084060001373291016e+01
1.286661911010742188e+01
7.653133869171142578e+00
1.364852619171142578e+01
1.080164051055908203e+01
1.206954097747802734e+01
1.098410606384277344e+01
1.066119194030761719e+01
9.746047973632812500e+00
3.091410160064697266e+00
3.443396329879760742e+00
9.623753547668457031e+00
9.424017906188964844e+00
7.956018924713134766e+00
1.008352375030517578e+01
8.831863403320312500e+00
1.194607639312744141e+01
9.603215217590332031e+00
1.000115299224853516e+01
5.224077224731445312e+00
4.354283809661865234e+00
1.538768196105957031e+01
1.258727550506591797e+01
7.802592754364013672e+00
9.224617004394531250e+00
1.287504005432128906e+01
9.108030319213867188e+00
1.133824729919433594e+01
8.140885353088378906e+00
1.030418395996093750e+01
7.913360118865966797e+00
7.657103061676025391e+00
1.015967559814453125e+01
1.029804897308349609e+01
9.408411026000976562e+00
1.007378292083740234e+01
1.077994060516357422e+01
1.084084415435791016e+01
1.033165359497070312e+01
7.916092395782470703e+00
8.836288452148437500e+00
8.725838661193847656e+00
1.125634479522705078e+01
9.994275093078613281e+00
1.145997524261474609e+01
1.234499740600585938e+01
1.355808639526367188e+01
1.240717411041259766e+01
1.105473709106445312e+01
9.496154785156250000e+00
1.260748863220214844e+01
5.316687107086181641e+00
1.091561031341552734e+01
1.193695926666259766e+01
9.190908432006835938e+00
