1.024764919281005859e+01
1.177173614501953125e+01
1.085462188720703125e+01
8.015057563781738281e+00
1.245096778869628906e+01
9.164084434509277344e+00
8.673144340515136719e+00
1.136411571502685547e+01
7.267156600952148438e+00
8.727679252624511719e+00
1.193638706207275391e+01
1.140212059020996094e+01
1.259187507629394531e+01
5.452808380126953125e+00
1.261155033111572266e+01
1.143070030212402344e+01
1.059819126129150391e+01
1.257075595855712891e+01
9.099867820739746094e+00
9.682094573974609375e+00
5.329900741577148438e+00
1.152893066406250000e+01
9.996754646301269531e+00
1.077277183532714844e+01
1.204255104064941406e+01
9.617587089538574219e+00
1.144459342956542969e+01
1.131438827514648438e+01
1.004227924346923828e+01
8.283794403076171875e+00
1.276863861083984375e+01
1.063773441314697266e+01
8.947444915771484375e+00
8.678717613220214844e+00
1.131439590454101562e+01
1.175573825836181641e+01
1.290075874328613281e+01
1.074189758300781250e+01
1.186089038848876953e+01
8.896016120910644531e+00
1.137826824188232422e+01
9.509648323059082031e+00
1.139243507385253906e+01
1.098114299774169922e+01
1.040546131134033203e+01
9.994080543518066406e+00
1.158976936340332031e+01
9.056191444396972656e+00
1.361242389678955078e+01
7.761758327484130859e+00
1.512312030792236328e+01
9.788341522216796875e+00
1.165049076080322266e+01
8.855003356933593750e+00
7.603233337402343750e+00
1.060321426391601562e+01
1.061828994750976562e+01
8.660692214965820312e+00
8.528368949890136719e+00
1.125537014007568359e+01
1.381140804290771484e+01
8.130928039550781250e+00
1.141868209838867188e+01
1.252238655090332031e+01
6.023744106292724609e+00
8.502131462097167969e+00
1.242742252349853516e+01
1.055799579620361328e+01
1.336192607879638672e+01
8.458338737487792969e+00
9.110852241516113281e+00
8.058395385742187500e+00
1.075246620178222656e+01
1.007047176361083984e+01
1.162702941894531250e+01
1.079557704925537109e+01
1.288106822967529297e+01
1.296463108062744141e+01
1.536638927459716797e+01
8.147796630859375000e+00
4.159791946411132812e+00
1.100895690917968750e+01
8.756026268005371094e+00
4.885676383972167969e+00
1.151241683959960938e+01
9.227554321289062500e+00
4.152554035186767578e+00
8.769395828247070312e+00
6.983660697937011719e+00
1.182286262512207031e+01
4.501441478729248047e+00
7.867132186889648438e+00
1.036320018768310547e+01
1.116160297393798828e+01
8.122385978698730469e+00
1.054717063903808594e+01
1.240115070343017578e+01
1.039847946166992188e+01
1.441056060791015625e+01
1.082381629943847656e+01
1.162089633941650391e+01
1.150117683410644531e+01
6.540960311889648438e+00
1.202976512908935547e+01
1.045821380615234375e+01
1.081738471984863281e+01
1.326830291748046875e+01
1.042686080932617188e+01
1.375147342681884766e+01
9.811049461364746094e+00
1.319382381439208984e+01
1.187554836273193359e+01
1.098376083374023438e+01
8.842579841613769531e+00
1.202092838287353516e+01
4.002336978912353516e+00
1.284754943847656250e+01
1.016470241546630859e+01
1.384697818756103516e+01
1.134846591949462891e+01
9.424344062805175781e+00
9.837952613830566406e+00
6.284340381622314453e+00
9.233457565307617188e+00
9.740093231201171875e+00
1.139154338836669922e+01
3.290567636489868164e+00
7.744493484497070312e+00
1.105048561096191406e+01
1.070794296264648438e+01
1.177540397644042969e+01
8.811425209045410156e+00
1.078977108001708984e+01
4.912240028381347656e+00
1.631848716735839844e+01
4.092817783355712891e+00
5.467999935150146484e+00
1.005180263519287109e+01
1.057355880737304688e+01
3.992896556854248047e+00
8.356850624084472656e+00
8.646517753601074219e+00
1.283968353271484375e+01
4.100085735321044922e+00
1.032668113708496094e+01
1.216731739044189453e+01
8.629807472229003906e+00
1.206851959228515625e+01
9.357125282287597656e+00
9.431991577148437500e+00
1.130685901641845703e+01
1.102002143859863281e+01
1.154778099060058594e+01
8.003867149353027344e+00
1.123726749420166016e+01
1.112868499755859375e+01
9.656918525695800781e+00
9.189325332641601562e+00
8.995360374450683594e+00
8.793006896972656250e+00
1.384723186492919922e+01
1.034000396728515625e+01
9.082299232482910156e+00
4.944375038146972656e+00
8.453410148620605469e+00
7.660637378692626953e+00
1.296337223052978516e+01
8.384046554565429688e+00
4.766737461090087891e+00
8.778689384460449219e+00
1.046729183197021484e+01
8.793006896972656250e+00
8.748076438903808594e+00
1.099367046356201172e+01
1.094917106628417969e+01
7.954932689666748047e+00
1.231643867492675781e+01
1.163473320007324219e+01
8.238012313842773438e+00
1.030495166778564453e+01
1.111859035491943359e+01
1.134746932983398438e+01
1.141402339935302734e+01
4.376343727111816406e+00
9.268521308898925781e+00
8.046642303466796875e+00
7.363886833190917969e+00
9.151624679565429688e+00
9.275934219360351562e+00
8.903038978576660156e+00
1.246788501739501953e+01
8.912126541137695312e+00
9.471666336059570312e+00
1.111557483673095703e+01
8.992080688476562500e+00
8.862533569335937500e+00
1.016132831573486328e+01
8.095420837402343750e+00
1.161039733886718750e+01
8.016692161560058594e+00
8.542879104614257812e+00
8.921026229858398438e+00
1.084619712829589844e+01
1.119000720977783203e+01
1.084183979034423828e+01
1.107411003112792969e+01
1.190048027038574219e+01
1.029576683044433594e+01
3.876033544540405273e+00
4.524816989898681641e+00
1.215740489959716797e+01
1.046032238006591797e+01
1.062066268920898438e+01
1.333097457885742188e+01
1.036235523223876953e+01
1.236340522766113281e+01
4.138746738433837891e+00
1.270446872711181641e+01
9.802469253540039062e+00
1.259392261505126953e+01
9.745999336242675781e+00
1.251995372772216797e+01
9.866196632385253906e+00
1.417302227020263672e+01
7.494728088378906250e+00
1.130517196655273438e+01
9.899456024169921875e+00
4.698392868041992188e+00
9.118409156799316406e+00
1.105009269714355469e+01
1.101669597625732422e+01
1.103552341461181641e+01
9.824518203735351562e+00
1.055208683013916016e+01
1.056800079345703125e+01
9.498282432556152344e+00
6.939563274383544922e+00
1.022372722625732422e+01
1.193611907958984375e+01
7.302407264709472656e+00
1.265799903869628906e+01
1.116337203979492188e+01
9.243696212768554688e+00
9.346696853637695312e+00
1.144525814056396484e+01
1.056077480316162109e+01
9.731178283691406250e+00
5.957352161407470703e+00
1.072549247741699219e+01
1.175274944305419922e+01
