1.079947853088378906e+01
1.039542961120605469e+01
1.286792659759521484e+01
5.003626346588134766e+00
1.025684452056884766e+01
1.408989906311035156e+01
7.708738327026367188e+00
1.235419082641601562e+01
4.892961502075195312e+00
9.953228950500488281e+00
1.048249340057373047e+01
1.243573570251464844e+01
8.962654113769531250e+00
1.013332176208496094e+01
1.067283248901367188e+01
9.577507972717285156e+00
4.322080612182617188e+00
1.184140777587890625e+01
1.290676689147949219e+01
1.340888500213623047e+01
1.095513057708740234e+01
7.553877353668212891e+00
1.553990745544433594e+01
8.456399917602539062e+00
7.609868049621582031e+00
7.186818122863769531e+00
1.172267246246337891e+01
7.587597846984863281e+00
1.340771579742431641e+01
9.358236312866210938e+00
8.255959510803222656e+00
8.330770492553710938e+00
9.552082061767578125e+00
1.123989963531494141e+01
9.912472724914550781e+00
3.756535291671752930e+00
1.205637931823730469e+01
9.524756431579589844e+00
1.286738586425781250e+01
1.106031990051269531e+01
1.209930706024169922e+01
1.253547382354736328e+01
8.984166145324707031e+00
8.197463035583496094e+00
9.293253898620605469e+00
1.010528278350830078e+01
1.253402805328369141e+01
1.243142318725585938e+01
1.022426891326904297e+01
1.112158489227294922e+01
1.164617443084716797e+01
1.038742637634277344e+01
1.226492691040039062e+01
1.130184650421142578e+01
8.210108757019042969e+00
1.112208271026611328e+01
3.702749967575073242e+00
1.202502632141113281e+01
3.823857307434082031e+00
9.725749015808105469e+00
1.001736354827880859e+01
8.139287948608398438e+00
1.097826004028320312e+01
9.336225509643554688e+00
8.749099731445312500e+00
9.742411613464355469e+00
1.128342056274414062e+01
3.877057075500488281e+00
1.078992271423339844e+01
1.289159297943115234e+01
1.124216270446777344e+01
7.439847469329833984e+00
1.395752048492431641e+01
1.007006072998046875e+01
1.201134109497070312e+01
1.120474720001220703e+01
1.082235336303710938e+01
4.635413646697998047e+00
1.002348041534423828e+01
1.390378570556640625e+01
4.319660663604736328e+00
1.027928924560546875e+01
8.588375091552734375e+00
1.498194694519042969e+01
1.135132884979248047e+01
8.368480682373046875e+00
3.975518941879272461e+00
9.849307060241699219e+00
1.089327144622802734e+01
9.963615417480468750e+00
9.099421501159667969e+00
1.229577541351318359e+01
8.401028633117675781e+00
1.548927307128906250e+01
1.109669494628906250e+01
1.001398277282714844e+01
8.883317947387695312e+00
7.432087421417236328e+00
1.458372211456298828e+01
8.274279594421386719e+00
6.638542652130126953e+00
1.224778175354003906e+01
1.115363979339599609e+01
1.077901077270507812e+01
8.395546913146972656e+00
1.141773319244384766e+01
8.556129455566406250e+00
1.160718345642089844e+01
1.003741359710693359e+01
1.350937366485595703e+01
1.446300411224365234e+01
1.285042190551757812e+01
1.035140228271484375e+01
5.374186038970947266e+00
1.139534378051757812e+01
8.875967979431152344e+00
8.554824829101562500e+00
1.264982318878173828e+01
8.124828338623046875e+00
8.573513984680175781e+00
1.205902099609375000e+01
1.317943572998046875e+01
1.110258960723876953e+01
5.617766857147216797e+00
1.057110595703125000e+01
8.913805007934570312e+00
9.879520416259765625e+00
7.701022624969482422e+00
4.456641674041748047e+00
9.617285728454589844e+00
1.434940338134765625e+01
1.304607772827148438e+01
1.020640754699707031e+01
1.292065906524658203e+01
4.524103641510009766e+00
6.549376487731933594e+00
1.159762382507324219e+01
8.906098365783691406e+00
9.792383193969726562e+00
9.131958007812500000e+00
9.633882522583007812e+00
1.007892036437988281e+01
1.158778858184814453e+01
9.065954208374023438e+00
1.374864196777343750e+01
1.169502258300781250e+01
4.930202484130859375e+00
1.052394485473632812e+01
5.635587692260742188e+00
1.204351711273193359e+01
9.260324478149414062e+00
8.157759666442871094e+00
5.066144943237304688e+00
8.735956192016601562e+00
5.231748580932617188e+00
1.064565753936767578e+01
1.237294101715087891e+01
8.786669731140136719e+00
3.825433492660522461e+00
1.428027057647705078e+01
8.502880096435546875e+00
1.177191925048828125e+01
9.944486618041992188e+00
4.976524353027343750e+00
1.197192382812500000e+01
9.869684219360351562e+00
1.233543491363525391e+01
4.057374000549316406e+00
9.866868972778320312e+00
1.007431697845458984e+01
9.378876686096191406e+00
1.081491088867187500e+01
1.180543994903564453e+01
1.114441394805908203e+01
1.136538028717041016e+01
4.250112056732177734e+00
8.757683753967285156e+00
1.011914539337158203e+01
1.239103221893310547e+01
9.193214416503906250e+00
1.374307155609130859e+01
8.839794158935546875e+00
8.587762832641601562e+00
9.732325553894042969e+00
3.784953832626342773e+00
1.377388286590576172e+01
1.077519798278808594e+01
9.439191818237304688e+00
1.191040229797363281e+01
8.575074195861816406e+00
1.148661422729492188e+01
1.196910667419433594e+01
1.167854499816894531e+01
9.836263656616210938e+00
1.385562801361083984e+01
1.210325241088867188e+01
9.482242584228515625e+00
1.464585113525390625e+01
1.159458160400390625e+01
8.048454284667968750e+00
1.307910823822021484e+01
9.418497085571289062e+00
9.358753204345703125e+00
9.427891731262207031e+00
9.043494224548339844e+00
4.752067565917968750e+00
4.418784618377685547e+00
1.061139106750488281e+01
9.318037033081054688e+00
1.182576370239257812e+01
9.270034790039062500e+00
9.883037567138671875e+00
8.340250015258789062e+00
1.014595317840576172e+01
9.510876655578613281e+00
8.048809051513671875e+00
1.072715568542480469e+01
7.566887855529785156e+00
1.172960281372070312e+01
9.381851196289062500e+00
1.155109882354736328e+01
8.432572364807128906e+00
1.341606903076171875e+01
9.551859855651855469e+00
8.467116355895996094e+00
3.371244668960571289e+00
7.607354164123535156e+00
1.088587284088134766e+01
7.188114643096923828e+00
1.012154388427734375e+01
9.738615036010742188e+00
1.004512691497802734e+01
8.901577949523925781e+00
1.093934345245361328e+01
1.008764648437500000e+01
7.766203880310058594e+00
9.051363945007324219e+00
7.794243812561035156e+00
1.025139713287353516e+01
9.340623855590820312e+00
1.287870216369628906e+01
6.649870395660400391e+00
1.157783126831054688e+01
1.315521907806396484e+01
8.792035102844238281e+00
1.019117927551269531e+01
8.993801116943359375e+00
9.124377250671386719e+00
1.149199771881103516e+01
1.191117191314697266e+01
