1.449312877655029297e+01
7.208645343780517578e+00
1.250645351409912109e+01
8.317121505737304688e+00
9.658628463745117188e+00
9.205685615539550781e+00
4.032302856445312500e+00
9.413362503051757812e+00
8.187743186950683594e+00
7.415839195251464844e+00
9.378438949584960938e+00
8.978425979614257812e+00
9.126173973083496094e+00
7.824664592742919922e+00
1.173208332061767578e+01
1.143394947052001953e+01
1.075103092193603516e+01
1.375297641754150391e+01
1.292429351806640625e+01
1.083884143829345703e+01
1.060112571716308594e+01
1.120306777954101562e+01
1.349427700042724609e+01
9.807710647583007812e+00
9.115220069885253906e+00
9.196916580200195312e+00
1.183871555328369141e+01
9.529354095458984375e+00
1.362881469726562500e+01
1.011365127563476562e+01
1.121176910400390625e+01
7.769239902496337891e+00
1.161968135833740234e+01
8.199585914611816406e+00
9.630121231079101562e+00
9.578985214233398438e+00
5.062749385833740234e+00
8.178883552551269531e+00
1.276055145263671875e+01
9.772838592529296875e+00
1.204208469390869141e+01
8.212409019470214844e+00
1.154515933990478516e+01
7.972174167633056641e+00
1.256211090087890625e+01
1.064018917083740234e+01
9.462585449218750000e+00
1.236822795867919922e+01
1.095018005371093750e+01
9.181764602661132812e+00
1.022161483764648438e+01
9.587959289550781250e+00
9.953742027282714844e+00
9.223989486694335938e+00
8.909621238708496094e+00
9.793748855590820312e+00
3.839109659194946289e+00
9.737300872802734375e+00
7.606403827667236328e+00
8.845501899719238281e+00
1.187411117553710938e+01
9.669548034667968750e+00
1.076660537719726562e+01
3.690635681152343750e+00
1.114801979064941406e+01
1.129913616180419922e+01
9.124609947204589844e+00
9.889851570129394531e+00
1.262786388397216797e+01
1.282623195648193359e+01
9.877051353454589844e+00
9.161717414855957031e+00
1.274259281158447266e+01
1.017036914825439453e+01
1.218788242340087891e+01
1.145161437988281250e+01
6.211918354034423828e+00
8.536227226257324219e+00
1.227952766418457031e+01
8.169933319091796875e+00
1.125058555603027344e+01
1.331260299682617188e+01
9.864144325256347656e+00
7.497259616851806641e+00
9.185094833374023438e+00
1.123922920227050781e+01
1.389286804199218750e+01
1.107399559020996094e+01
1.101668643951416016e+01
3.761444568634033203e+00
1.007648658752441406e+01
1.028624439239501953e+01
1.166768360137939453e+01
4.378985881805419922e+00
8.830630302429199219e+00
1.322920799255371094e+01
9.809893608093261719e+00
1.060865402221679688e+01
1.018627834320068359e+01
1.146055412292480469e+01
1.141480255126953125e+01
1.026698493957519531e+01
9.350197792053222656e+00
9.464291572570800781e+00
4.421923160552978516e+00
7.188696384429931641e+00
1.231022548675537109e+01
1.122621822357177734e+01
1.008486843109130859e+01
1.124923515319824219e+01
9.531613349914550781e+00
4.876419544219970703e+00
1.245327186584472656e+01
1.249414443969726562e+01
1.377199459075927734e+01
1.215232372283935547e+01
1.094106483459472656e+01
1.029410839080810547e+01
1.247695827484130859e+01
7.958982944488525391e+00
9.727207183837890625e+00
1.062649917602539062e+01
9.918111801147460938e+00
9.466016769409179688e+00
1.200358104705810547e+01
1.104980850219726562e+01
1.162352085113525391e+01
5.352025985717773438e+00
1.025812530517578125e+01
1.311806583404541016e+01
1.069884681701660156e+01
1.192013549804687500e+01
8.287131309509277344e+00
1.278000926971435547e+01
9.860289573669433594e+00
1.387262535095214844e+01
1.462529373168945312e+01
9.833107948303222656e+00
8.804853439331054688e+00
1.031927490234375000e+01
1.205966949462890625e+01
1.415905284881591797e+01
1.124534702301025391e+01
4.275812149047851562e+00
8.056226730346679688e+00
9.514597892761230469e+00
1.031699085235595703e+01
1.042269706726074219e+01
1.502250099182128906e+01
1.039516353607177734e+01
1.318585777282714844e+01
9.779074668884277344e+00
9.533575057983398438e+00
1.092355346679687500e+01
4.211122035980224609e+00
1.237975311279296875e+01
9.083818435668945312e+00
9.789976119995117188e+00
8.088548660278320312e+00
6.684056282043457031e+00
1.357357025146484375e+01
9.087969779968261719e+00
1.083036994934082031e+01
1.154772663116455078e+01
9.590114593505859375e+00
1.003760433197021484e+01
8.732074737548828125e+00
7.553120136260986328e+00
1.102137184143066406e+01
8.011003494262695312e+00
1.093176651000976562e+01
1.227373313903808594e+01
1.419884777069091797e+01
1.043298816680908203e+01
4.125922679901123047e+00
1.189850521087646484e+01
1.269111728668212891e+01
7.166142463684082031e+00
5.241416931152343750e+00
1.208386516571044922e+01
8.727023124694824219e+00
1.271104526519775391e+01
8.375244140625000000e+00
8.814950942993164062e+00
8.065644264221191406e+00
1.123293590545654297e+01
4.751083374023437500e+00
1.128363704681396484e+01
1.013029193878173828e+01
7.997385025024414062e+00
1.240121555328369141e+01
4.813252449035644531e+00
1.255930042266845703e+01
9.210918426513671875e+00
8.581029891967773438e+00
1.149978637695312500e+01
9.307424545288085938e+00
1.079507541656494141e+01
8.428716659545898438e+00
4.453431606292724609e+00
1.059207248687744141e+01
7.248968601226806641e+00
8.381437301635742188e+00
7.992226123809814453e+00
7.376023769378662109e+00
1.022913742065429688e+01
4.185965538024902344e+00
7.539943218231201172e+00
9.646433830261230469e+00
1.170273876190185547e+01
1.080513381958007812e+01
1.152122974395751953e+01
1.247165393829345703e+01
1.073918914794921875e+01
1.140183353424072266e+01
1.299288845062255859e+01
1.077950382232666016e+01
9.751976013183593750e+00
1.118966388702392578e+01
1.067597389221191406e+01
7.132775783538818359e+00
1.077413082122802734e+01
1.083298778533935547e+01
6.905539035797119141e+00
1.076204490661621094e+01
1.064629840850830078e+01
1.322360229492187500e+01
1.048172760009765625e+01
1.193465137481689453e+01
6.798316955566406250e+00
1.117583751678466797e+01
8.938785552978515625e+00
9.716345787048339844e+00
7.600238800048828125e+00
1.023436546325683594e+01
1.301116657257080078e+01
8.705595970153808594e+00
1.013930797576904297e+01
9.929756164550781250e+00
1.289293289184570312e+01
9.534952163696289062e+00
1.120325088500976562e+01
1.196799087524414062e+01
1.011845874786376953e+01
9.829914093017578125e+00
8.810667037963867188e+00
7.924798488616943359e+00
9.997351646423339844e+00
1.190477561950683594e+01
3.124710321426391602e+00
