1.033663368225097656e+01
9.580282211303710938e+00
1.245315170288085938e+01
9.856939315795898438e+00
7.672212123870849609e+00
8.112223625183105469e+00
6.933333396911621094e+00
8.404417991638183594e+00
8.804466247558593750e+00
1.156816768646240234e+01
1.433030891418457031e+01
1.236165904998779297e+01
1.245750236511230469e+01
8.905591964721679688e+00
1.185217285156250000e+01
1.126279735565185547e+01
1.152489471435546875e+01
6.876566410064697266e+00
1.109909534454345703e+01
1.321878337860107422e+01
8.466567039489746094e+00
1.231877803802490234e+01
8.503437042236328125e+00
1.132831668853759766e+01
1.410672569274902344e+01
1.043428611755371094e+01
1.266640949249267578e+01
1.012397480010986328e+01
9.493092536926269531e+00
1.411523342132568359e+01
1.025094699859619141e+01
1.369191074371337891e+01
7.348918914794921875e+00
1.059045505523681641e+01
8.982316970825195312e+00
4.220081806182861328e+00
9.586319923400878906e+00
1.225506496429443359e+01
4.172291278839111328e+00
7.850831508636474609e+00
4.556889533996582031e+00
7.671273708343505859e+00
1.038122081756591797e+01
1.184354019165039062e+01
8.601186752319335938e+00
1.167424583435058594e+01
1.111848640441894531e+01
9.180331230163574219e+00
1.070845603942871094e+01
9.851273536682128906e+00
1.299393844604492188e+01
8.103809356689453125e+00
8.348406791687011719e+00
1.229475402832031250e+01
1.216670322418212891e+01
9.731513023376464844e+00
7.529530525207519531e+00
9.550358772277832031e+00
9.582664489746093750e+00
8.754118919372558594e+00
7.857939243316650391e+00
8.686479568481445312e+00
1.197185230255126953e+01
1.064857482910156250e+01
6.345752716064453125e+00
7.723204612731933594e+00
1.294026470184326172e+01
1.153497791290283203e+01
1.163191223144531250e+01
6.997450351715087891e+00
1.175892162322998047e+01
1.074320411682128906e+01
9.176618576049804688e+00
1.138879394531250000e+01
1.238943386077880859e+01
4.575043678283691406e+00
1.029259300231933594e+01
1.292961692810058594e+01
8.698326110839843750e+00
1.176695919036865234e+01
1.182903671264648438e+01
1.496674251556396484e+01
7.459792613983154297e+00
1.011699390411376953e+01
7.544673919677734375e+00
4.088140487670898438e+00
1.138423442840576172e+01
1.067293357849121094e+01
1.146888446807861328e+01
1.144186115264892578e+01
4.443516254425048828e+00
8.738508224487304688e+00
1.012005710601806641e+01
9.233101844787597656e+00
1.107336616516113281e+01
1.163574504852294922e+01
8.724347114562988281e+00
7.815186023712158203e+00
1.180049514770507812e+01
1.050506687164306641e+01
1.058628368377685547e+01
6.622028350830078125e+00
8.810612678527832031e+00
1.005128192901611328e+01
1.158302211761474609e+01
4.298697471618652344e+00
8.641155242919921875e+00
1.163761520385742188e+01
1.137890815734863281e+01
9.801966667175292969e+00
1.036371135711669922e+01
9.593015670776367188e+00
1.042903137207031250e+01
8.966829299926757812e+00
1.132311344146728516e+01
1.079469013214111328e+01
1.206947708129882812e+01
1.090812873840332031e+01
1.102167034149169922e+01
1.138277530670166016e+01
1.079627132415771484e+01
8.751528739929199219e+00
9.865941047668457031e+00
9.660898208618164062e+00
9.915742874145507812e+00
5.102905750274658203e+00
1.175762176513671875e+01
1.176753234863281250e+01
9.733699798583984375e+00
9.729362487792968750e+00
1.127985191345214844e+01
1.129719257354736328e+01
3.957467079162597656e+00
1.037815284729003906e+01
3.615694761276245117e+00
9.876584053039550781e+00
1.010929012298583984e+01
1.021735382080078125e+01
1.048153686523437500e+01
8.769859313964843750e+00
1.430186176300048828e+01
7.314947605133056641e+00
3.296255111694335938e+00
1.003778457641601562e+01
1.207940101623535156e+01
1.243168449401855469e+01
1.285289287567138672e+01
8.813446044921875000e+00
9.164232254028320312e+00
1.129789161682128906e+01
9.760446548461914062e+00
8.578535079956054688e+00
1.420601558685302734e+01
6.418021202087402344e+00
1.305199337005615234e+01
1.015752601623535156e+01
9.365244865417480469e+00
1.077406406402587891e+01
8.562364578247070312e+00
1.154371833801269531e+01
1.326947879791259766e+01
1.080889034271240234e+01
1.362206649780273438e+01
1.018742084503173828e+01
1.377494907379150391e+01
8.289973258972167969e+00
8.327875137329101562e+00
1.050038528442382812e+01
1.128620338439941406e+01
1.085226917266845703e+01
1.122369384765625000e+01
9.108564376831054688e+00
1.205289363861083984e+01
4.642435073852539062e+00
1.073181056976318359e+01
1.115458297729492188e+01
1.087208461761474609e+01
1.136367130279541016e+01
1.292789077758789062e+01
1.086163234710693359e+01
1.265621185302734375e+01
1.221687698364257812e+01
9.232441902160644531e+00
8.289973258972167969e+00
1.157860183715820312e+01
9.984553337097167969e+00
1.205622386932373047e+01
9.947741508483886719e+00
1.066652488708496094e+01
9.507293701171875000e+00
1.140980815887451172e+01
1.092184162139892578e+01
1.264238452911376953e+01
1.004050254821777344e+01
1.281095790863037109e+01
1.139064121246337891e+01
1.056613540649414062e+01
6.024810791015625000e+00
1.094763755798339844e+01
1.023700332641601562e+01
4.550087928771972656e+00
1.033784198760986328e+01
1.189728164672851562e+01
1.208521842956542969e+01
1.152864456176757812e+01
9.960410118103027344e+00
3.484595775604248047e+00
1.019802665710449219e+01
1.258306884765625000e+01
1.337368965148925781e+01
1.133890628814697266e+01
5.108110904693603516e+00
1.020865058898925781e+01
9.614829063415527344e+00
8.666663169860839844e+00
1.124945163726806641e+01
1.152017402648925781e+01
4.246412754058837891e+00
9.549766540527343750e+00
1.600294876098632812e+01
1.277753257751464844e+01
9.562495231628417969e+00
9.381614685058593750e+00
7.204659461975097656e+00
4.808399677276611328e+00
9.007029533386230469e+00
1.026191711425781250e+01
1.128893184661865234e+01
8.211600303649902344e+00
1.146683216094970703e+01
1.114082527160644531e+01
1.098238372802734375e+01
8.275431632995605469e+00
1.408761119842529297e+01
1.091468524932861328e+01
6.886225700378417969e+00
1.421079444885253906e+01
9.190225601196289062e+00
1.211664772033691406e+01
9.391206741333007812e+00
1.059647369384765625e+01
1.203120899200439453e+01
7.266060352325439453e+00
1.048520660400390625e+01
1.156645965576171875e+01
1.168252563476562500e+01
1.136321926116943359e+01
1.095935821533203125e+01
1.405466365814208984e+01
1.114333724975585938e+01
