9.202055931091308594e+00
1.064798831939697266e+01
1.034694385528564453e+01
8.140979766845703125e+00
8.510295867919921875e+00
8.114554405212402344e+00
1.375753784179687500e+01
1.053133869171142578e+01
1.296711158752441406e+01
1.109652042388916016e+01
1.278633975982666016e+01
9.712122917175292969e+00
9.827607154846191406e+00
9.399072647094726562e+00
1.124943733215332031e+01
4.885040283203125000e+00
1.032973003387451172e+01
9.843205451965332031e+00
1.090695095062255859e+01
1.275345706939697266e+01
1.298879241943359375e+01
9.725875854492187500e+00
1.168968772888183594e+01
7.395217895507812500e+00
1.162818336486816406e+01
1.142332172393798828e+01
8.828648567199707031e+00
1.044559288024902344e+01
1.166143512725830078e+01
4.046853542327880859e+00
4.269160270690917969e+00
9.720099449157714844e+00
1.088529396057128906e+01
4.126600742340087891e+00
1.201735496520996094e+01
8.341470718383789062e+00
7.719137668609619141e+00
9.384246826171875000e+00
1.248392200469970703e+01
9.770132064819335938e+00
1.249078178405761719e+01
9.413362503051757812e+00
1.512724685668945312e+01
9.250816345214843750e+00
9.680213928222656250e+00
7.811036109924316406e+00
1.040940284729003906e+01
1.010543727874755859e+01
7.037090778350830078e+00
1.016013813018798828e+01
9.176914215087890625e+00
1.355764007568359375e+01
9.366931915283203125e+00
8.006287574768066406e+00
1.175853729248046875e+01
1.018220233917236328e+01
7.987587451934814453e+00
1.212387657165527344e+01
9.973189353942871094e+00
3.698793888092041016e+00
9.598174095153808594e+00
1.006351566314697266e+01
8.557954788208007812e+00
1.194702148437500000e+01
1.183745288848876953e+01
1.071273517608642578e+01
8.808530807495117188e+00
9.940752029418945312e+00
9.955938339233398438e+00
9.246906280517578125e+00
9.745605468750000000e+00
5.404223442077636719e+00
8.077981948852539062e+00
9.079813003540039062e+00
7.169803142547607422e+00
9.825412750244140625e+00
1.352890300750732422e+01
8.289888381958007812e+00
1.499445819854736328e+01
9.330729484558105469e+00
1.173644924163818359e+01
9.366525650024414062e+00
1.034047698974609375e+01
3.940729618072509766e+00
9.156039237976074219e+00
4.896473884582519531e+00
1.266055107116699219e+01
1.024649620056152344e+01
4.258296489715576172e+00
7.337593078613281250e+00
1.010101604461669922e+01
8.946905136108398438e+00
1.254735755920410156e+01
1.200578880310058594e+01
1.253719329833984375e+01
1.115042495727539062e+01
1.296554660797119141e+01
1.028887557983398438e+01
1.205287647247314453e+01
9.656933784484863281e+00
1.165736389160156250e+01
1.151592350006103516e+01
8.079307556152343750e+00
7.142553329467773438e+00
1.236382961273193359e+01
1.037989997863769531e+01
8.498114585876464844e+00
1.108266925811767578e+01
1.180318164825439453e+01
1.076490783691406250e+01
8.221378326416015625e+00
1.111228370666503906e+01
1.176936912536621094e+01
1.199788093566894531e+01
8.591519355773925781e+00
1.056217575073242188e+01
1.433080291748046875e+01
1.010571956634521484e+01
9.251158714294433594e+00
1.032833385467529297e+01
6.505200386047363281e+00
3.586004018783569336e+00
1.281250572204589844e+01
1.374610328674316406e+01
1.157650279998779297e+01
1.467851066589355469e+01
1.061249828338623047e+01
9.267230033874511719e+00
9.143530845642089844e+00
9.225776672363281250e+00
6.506429672241210938e+00
8.647057533264160156e+00
1.153731060028076172e+01
8.234670639038085938e+00
8.586190223693847656e+00
1.011041927337646484e+01
1.442279434204101562e+01
9.501658439636230469e+00
7.995819568634033203e+00
1.089987277984619141e+01
1.096905040740966797e+01
3.654001474380493164e+00
1.179629230499267578e+01
1.442605209350585938e+01
1.190018749237060547e+01
1.321426486968994141e+01
1.186044692993164062e+01
1.058595180511474609e+01
9.446020126342773438e+00
9.523787498474121094e+00
7.652471065521240234e+00
8.793447494506835938e+00
1.053448677062988281e+01
1.148462963104248047e+01
9.024390220642089844e+00
4.531847476959228516e+00
1.239628124237060547e+01
1.300080490112304688e+01
9.007863044738769531e+00
1.195137500762939453e+01
1.272109508514404297e+01
8.458542823791503906e+00
9.055659294128417969e+00
1.122440052032470703e+01
9.542016983032226562e+00
8.519885063171386719e+00
1.330540370941162109e+01
1.247511196136474609e+01
9.754664421081542969e+00
3.905055522918701172e+00
4.396986007690429688e+00
9.333508491516113281e+00
7.988576889038085938e+00
9.667458534240722656e+00
1.341846466064453125e+01
9.634080886840820312e+00
1.132706260681152344e+01
8.482877731323242188e+00
8.994792938232421875e+00
1.035551071166992188e+01
1.050347805023193359e+01
1.236732482910156250e+01
9.249200820922851562e+00
1.148697853088378906e+01
1.099489784240722656e+01
1.162094688415527344e+01
7.411835193634033203e+00
8.824331283569335938e+00
9.453339576721191406e+00
1.053343868255615234e+01
8.562274932861328125e+00
3.735400676727294922e+00
1.180855464935302734e+01
1.185689449310302734e+01
1.275950622558593750e+01
7.333211421966552734e+00
1.198330211639404297e+01
8.225417137145996094e+00
9.983851432800292969e+00
9.432046890258789062e+00
1.103311729431152344e+01
3.660376071929931641e+00
9.212852478027343750e+00
1.201889610290527344e+01
1.107382965087890625e+01
9.185844421386718750e+00
1.136620807647705078e+01
1.050676059722900391e+01
1.081639766693115234e+01
5.271235942840576172e+00
1.042139339447021484e+01
3.778504133224487305e+00
8.139952659606933594e+00
9.501662254333496094e+00
1.168399047851562500e+01
1.074820423126220703e+01
1.372112369537353516e+01
1.015081691741943359e+01
9.223702430725097656e+00
1.037753200531005859e+01
1.157193946838378906e+01
1.075609588623046875e+01
1.283010768890380859e+01
7.837417125701904297e+00
1.360113430023193359e+01
1.095053958892822266e+01
1.067074680328369141e+01
9.345307350158691406e+00
4.774802684783935547e+00
8.451616287231445312e+00
8.122900962829589844e+00
1.040601062774658203e+01
7.979049682617187500e+00
1.123980998992919922e+01
1.262279129028320312e+01
9.620677947998046875e+00
1.080428886413574219e+01
8.749313354492187500e+00
1.150580024719238281e+01
1.277669334411621094e+01
1.224127292633056641e+01
1.245137500762939453e+01
1.130635261535644531e+01
3.470701217651367188e+00
8.552861213684082031e+00
1.274076461791992188e+01
7.973670959472656250e+00
9.896295547485351562e+00
1.050485038757324219e+01
8.590076446533203125e+00
