1.096404075622558594e+01
9.809444427490234375e+00
1.034913825988769531e+01
1.038900661468505859e+01
1.011882591247558594e+01
9.548929214477539062e+00
8.633068084716796875e+00
1.055435371398925781e+01
5.354990959167480469e+00
3.598154067993164062e+00
9.936758995056152344e+00
1.456177902221679688e+01
1.147796726226806641e+01
1.042236709594726562e+01
7.259373664855957031e+00
7.829534053802490234e+00
1.077866554260253906e+01
9.355695724487304688e+00
1.001721858978271484e+01
8.850444793701171875e+00
8.675268173217773438e+00
7.771520137786865234e+00
1.068566417694091797e+01
1.069143581390380859e+01
7.661255359649658203e+00
3.675905466079711914e+00
9.086716651916503906e+00
1.013434410095214844e+01
1.255965805053710938e+01
9.696531295776367188e+00
1.232978057861328125e+01
8.963875770568847656e+00
1.384047126770019531e+01
1.230795097351074219e+01
1.186266994476318359e+01
1.012921333312988281e+01
4.389467239379882812e+00
7.482168197631835938e+00
8.754670143127441406e+00
1.087936687469482422e+01
1.021474647521972656e+01
7.831076622009277344e+00
9.146026611328125000e+00
1.019875431060791016e+01
1.018476581573486328e+01
4.478822708129882812e+00
4.075240135192871094e+00
1.156074714660644531e+01
7.638458728790283203e+00
1.084039878845214844e+01
1.299223232269287109e+01
1.205555248260498047e+01
1.462833213806152344e+01
1.205925083160400391e+01
1.171309280395507812e+01
8.909482955932617188e+00
1.045537281036376953e+01
7.140034198760986328e+00
1.363838291168212891e+01
1.189020919799804688e+01
1.292604064941406250e+01
7.902750015258789062e+00
6.071221828460693359e+00
1.105459022521972656e+01
9.937508583068847656e+00
3.980080842971801758e+00
9.224499702453613281e+00
1.272776603698730469e+01
8.240972518920898438e+00
1.089567852020263672e+01
8.379415512084960938e+00
1.023711776733398438e+01
1.572959613800048828e+01
1.240778827667236328e+01
1.264853668212890625e+01
1.062295246124267578e+01
1.224602127075195312e+01
8.639571189880371094e+00
1.071936225891113281e+01
1.056856822967529297e+01
7.607576370239257812e+00
8.677172660827636719e+00
1.066929912567138672e+01
9.299259185791015625e+00
1.168875122070312500e+01
9.817233085632324219e+00
9.733927726745605469e+00
1.002597808837890625e+01
1.071763801574707031e+01
9.260639190673828125e+00
1.410999774932861328e+01
4.430657863616943359e+00
1.297909641265869141e+01
1.141459178924560547e+01
5.999882221221923828e+00
8.878210067749023438e+00
8.188941001892089844e+00
9.453854560852050781e+00
1.494628143310546875e+01
8.998492240905761719e+00
1.016297531127929688e+01
8.908202171325683594e+00
1.160540199279785156e+01
1.198730564117431641e+01
1.076832485198974609e+01
1.191971588134765625e+01
1.063327884674072266e+01
1.055105113983154297e+01
3.214069366455078125e+00
7.993380546569824219e+00
4.056881427764892578e+00
1.071709537506103516e+01
1.292985820770263672e+01
8.223173141479492188e+00
3.440143585205078125e+00
8.691633224487304688e+00
9.977571487426757812e+00
8.815400123596191406e+00
1.036972141265869141e+01
1.110764694213867188e+01
1.261433506011962891e+01
9.315748214721679688e+00
8.310402870178222656e+00
1.045998668670654297e+01
1.308188724517822266e+01
1.074357509613037109e+01
1.025297260284423828e+01
1.409112834930419922e+01
1.265279579162597656e+01
1.199410057067871094e+01
8.685140609741210938e+00
1.078410911560058594e+01
7.775615215301513672e+00
1.232659053802490234e+01
1.254252529144287109e+01
8.991461753845214844e+00
4.440165042877197266e+00
1.158921909332275391e+01
1.280402469635009766e+01
1.083963012695312500e+01
9.912508964538574219e+00
7.698386192321777344e+00
1.142399787902832031e+01
3.743781805038452148e+00
9.839386940002441406e+00
1.134689426422119141e+01
1.120090389251708984e+01
1.176373100280761719e+01
1.013801574707031250e+01
1.101728248596191406e+01
1.278094482421875000e+01
3.593800544738769531e+00
1.022429561614990234e+01
9.051248550415039062e+00
1.071001052856445312e+01
1.236213111877441406e+01
3.630389928817749023e+00
1.069833469390869141e+01
8.941779136657714844e+00
1.247266864776611328e+01
4.771599769592285156e+00
7.989405155181884766e+00
1.320628452301025391e+01
1.066480636596679688e+01
1.317494869232177734e+01
4.391008377075195312e+00
9.927790641784667969e+00
1.030452442169189453e+01
8.370990753173828125e+00
1.133978557586669922e+01
3.839790582656860352e+00
1.193613433837890625e+01
1.068742179870605469e+01
8.563746452331542969e+00
3.148226022720336914e+00
1.069439888000488281e+01
1.671470451354980469e+01
1.013455963134765625e+01
1.328238296508789062e+01
1.088085651397705078e+01
8.799454689025878906e+00
1.165128612518310547e+01
1.235307884216308594e+01
1.070450973510742188e+01
1.059132289886474609e+01
9.037833213806152344e+00
7.631264209747314453e+00
8.082695007324218750e+00
1.371573257446289062e+01
1.110257816314697266e+01
1.281092357635498047e+01
3.405583858489990234e+00
1.486165046691894531e+01
1.012321090698242188e+01
3.218745470046997070e+00
1.069257259368896484e+01
6.877997398376464844e+00
1.066921234130859375e+01
1.305223178863525391e+01
3.850796699523925781e+00
1.102815341949462891e+01
1.053858470916748047e+01
9.938793182373046875e+00
9.370947837829589844e+00
8.992702484130859375e+00
1.077536296844482422e+01
8.812402725219726562e+00
1.028596210479736328e+01
1.150792980194091797e+01
9.764445304870605469e+00
9.963029861450195312e+00
7.267694473266601562e+00
8.687063217163085938e+00
4.310965061187744141e+00
5.175323486328125000e+00
1.125021171569824219e+01
1.314511203765869141e+01
6.929850101470947266e+00
4.254936218261718750e+00
1.121717166900634766e+01
4.963435649871826172e+00
7.782625675201416016e+00
6.178252220153808594e+00
8.621438026428222656e+00
1.087298774719238281e+01
1.083987426757812500e+01
8.520316123962402344e+00
8.158311843872070312e+00
1.236263084411621094e+01
1.216065979003906250e+01
9.925442695617675781e+00
1.010016727447509766e+01
1.016345500946044922e+01
1.224138927459716797e+01
1.137356662750244141e+01
3.866905450820922852e+00
1.190008354187011719e+01
1.222277450561523438e+01
9.053515434265136719e+00
9.191588401794433594e+00
1.038178157806396484e+01
1.280110454559326172e+01
4.188822746276855469e+00
9.955505371093750000e+00
1.151547813415527344e+01
1.326028919219970703e+01
1.185918998718261719e+01
1.156952571868896484e+01
1.317339801788330078e+01
1.196430778503417969e+01
