1.075582122802734375e+01
1.379819202423095703e+01
8.616656303405761719e+00
4.818233966827392578e+00
1.059010887145996094e+01
1.162050628662109375e+01
1.113415527343750000e+01
1.053424167633056641e+01
1.067852973937988281e+01
1.037389469146728516e+01
9.264615058898925781e+00
9.052604675292968750e+00
5.381232738494873047e+00
1.041618251800537109e+01
9.711457252502441406e+00
1.232924652099609375e+01
1.187848758697509766e+01
1.008321285247802734e+01
1.003097438812255859e+01
1.182186508178710938e+01
1.264992332458496094e+01
1.180502128601074219e+01
1.074928283691406250e+01
9.667108535766601562e+00
1.376757144927978516e+01
1.255666446685791016e+01
1.352439117431640625e+01
9.332839012145996094e+00
1.405191326141357422e+01
1.108231735229492188e+01
3.367109298706054688e+00
1.210469722747802734e+01
8.331364631652832031e+00
1.145179748535156250e+01
4.688871383666992188e+00
1.240623474121093750e+01
4.141726016998291016e+00
6.808538913726806641e+00
1.172602748870849609e+01
1.443904590606689453e+01
1.308111000061035156e+01
1.506552124023437500e+01
1.481999778747558594e+01
1.001031112670898438e+01
8.791904449462890625e+00
5.593295574188232422e+00
9.936926841735839844e+00
1.051863288879394531e+01
1.114718437194824219e+01
1.140972423553466797e+01
1.496898365020751953e+01
9.173010826110839844e+00
1.077034473419189453e+01
1.073220634460449219e+01
6.464757919311523438e+00
1.138524818420410156e+01
3.448082685470581055e+00
1.166034507751464844e+01
1.017644596099853516e+01
1.003511619567871094e+01
1.051546764373779297e+01
9.141798019409179688e+00
1.058319091796875000e+01
1.068971061706542969e+01
1.179839611053466797e+01
1.192692565917968750e+01
1.010029220581054688e+01
1.090148162841796875e+01
9.536426544189453125e+00
1.144232559204101562e+01
1.160545730590820312e+01
1.223591041564941406e+01
9.572230339050292969e+00
7.406542778015136719e+00
9.625967979431152344e+00
7.859403133392333984e+00
1.004759120941162109e+01
1.139650058746337891e+01
1.193690395355224609e+01
1.345533943176269531e+01
1.442353630065917969e+01
1.274403667449951172e+01
1.018873596191406250e+01
1.149720764160156250e+01
8.518008232116699219e+00
1.010018920898437500e+01
1.573065662384033203e+01
1.424365043640136719e+01
1.003863334655761719e+01
1.352296543121337891e+01
9.758455276489257812e+00
1.121485519409179688e+01
1.077036190032958984e+01
8.935502052307128906e+00
1.221424007415771484e+01
1.015442752838134766e+01
1.248560905456542969e+01
3.973236083984375000e+00
9.164963722229003906e+00
1.110355472564697266e+01
1.156740760803222656e+01
1.142178916931152344e+01
1.313508892059326172e+01
9.212231636047363281e+00
1.653262901306152344e+01
1.161464691162109375e+01
1.260427474975585938e+01
9.244303703308105469e+00
1.002978134155273438e+01
1.383030700683593750e+01
1.500381183624267578e+01
1.369731521606445312e+01
1.430621147155761719e+01
1.054532718658447266e+01
1.309126091003417969e+01
7.192293643951416016e+00
1.042751884460449219e+01
1.240784549713134766e+01
4.682904720306396484e+00
1.006869220733642578e+01
1.100247287750244141e+01
1.149743461608886719e+01
8.392450332641601562e+00
1.458602333068847656e+01
1.214541435241699219e+01
1.197790336608886719e+01
9.404588699340820312e+00
7.830648899078369141e+00
9.888140678405761719e+00
1.342639923095703125e+01
1.072776317596435547e+01
1.244776916503906250e+01
4.939239978790283203e+00
4.613038539886474609e+00
3.583644628524780273e+00
1.020148849487304688e+01
1.404463005065917969e+01
1.449485397338867188e+01
1.107579231262207031e+01
1.007901668548583984e+01
1.413442611694335938e+01
8.205986976623535156e+00
4.415470600128173828e+00
1.255082321166992188e+01
1.020624256134033203e+01
9.043763160705566406e+00
1.084724521636962891e+01
1.185715579986572266e+01
1.067682647705078125e+01
6.396442413330078125e+00
8.619446754455566406e+00
8.800279617309570312e+00
1.135472583770751953e+01
7.844705581665039062e+00
1.185191535949707031e+01
8.842924118041992188e+00
1.220962333679199219e+01
1.055869197845458984e+01
1.083238983154296875e+01
8.179080009460449219e+00
4.516080856323242188e+00
1.222272396087646484e+01
1.221939373016357422e+01
1.108570766448974609e+01
6.509557723999023438e+00
1.108905601501464844e+01
6.988798618316650391e+00
6.312001228332519531e+00
1.139016342163085938e+01
1.163060379028320312e+01
9.206610679626464844e+00
1.127125644683837891e+01
9.770704269409179688e+00
7.624804496765136719e+00
9.373608589172363281e+00
1.298339462280273438e+01
3.978303194046020508e+00
1.094265842437744141e+01
7.959949493408203125e+00
1.172112178802490234e+01
1.127234268188476562e+01
4.601836681365966797e+00
4.573242187500000000e+00
1.244812583923339844e+01
8.278032302856445312e+00
1.211330795288085938e+01
9.091691017150878906e+00
9.168090820312500000e+00
1.122704792022705078e+01
1.245603561401367188e+01
1.473963642120361328e+01
1.169085884094238281e+01
1.058220100402832031e+01
1.186795997619628906e+01
1.199414539337158203e+01
1.071869659423828125e+01
1.156729316711425781e+01
9.497971534729003906e+00
7.364020824432373047e+00
8.604590415954589844e+00
1.141341400146484375e+01
9.380011558532714844e+00
1.114832592010498047e+01
4.654464244842529297e+00
4.081069946289062500e+00
1.453555965423583984e+01
1.173192787170410156e+01
7.443252563476562500e+00
1.080244350433349609e+01
1.230465793609619141e+01
9.491116523742675781e+00
1.239605998992919922e+01
1.128626346588134766e+01
4.769046783447265625e+00
3.353837728500366211e+00
1.371990489959716797e+01
1.561442279815673828e+01
8.026162147521972656e+00
1.241344451904296875e+01
3.978311300277709961e+00
7.632581710815429688e+00
9.606482505798339844e+00
1.042103290557861328e+01
1.059877204895019531e+01
1.033145141601562500e+01
1.014599800109863281e+01
1.265539741516113281e+01
1.044882869720458984e+01
8.807504653930664062e+00
1.307829284667968750e+01
9.702394485473632812e+00
1.260486984252929688e+01
1.146607112884521484e+01
1.244354248046875000e+01
1.124656963348388672e+01
1.291718292236328125e+01
7.305338382720947266e+00
1.058096694946289062e+01
3.357623100280761719e+00
9.998993873596191406e+00
3.131160974502563477e+00
1.075569534301757812e+01
9.475023269653320312e+00
1.488021087646484375e+01
1.033648109436035156e+01
3.872993230819702148e+00
6.957994461059570312e+00
1.160354518890380859e+01
6.559428691864013672e+00
1.309982109069824219e+01
