1.311085891723632812e+01
8.742998123168945312e+00
1.026201915740966797e+01
1.082511520385742188e+01
1.230684566497802734e+01
1.113616371154785156e+01
1.272680377960205078e+01
1.258877563476562500e+01
1.367167854309082031e+01
1.005628204345703125e+01
1.030974006652832031e+01
5.114862442016601562e+00
9.120975494384765625e+00
1.328189182281494141e+01
1.209341049194335938e+01
1.206276321411132812e+01
1.134212017059326172e+01
1.211062717437744141e+01
1.329313945770263672e+01
8.307792663574218750e+00
9.124538421630859375e+00
1.126803874969482422e+01
9.864497184753417969e+00
1.075899791717529297e+01
1.262195491790771484e+01
1.328309917449951172e+01
9.667556762695312500e+00
1.239260768890380859e+01
9.981969833374023438e+00
1.016097450256347656e+01
8.513544082641601562e+00
1.282248878479003906e+01
1.180144691467285156e+01
8.666308403015136719e+00
1.076700782775878906e+01
1.080304431915283203e+01
1.120355319976806641e+01
1.083432292938232422e+01
1.235051918029785156e+01
1.008308410644531250e+01
1.192797565460205078e+01
8.966329574584960938e+00
9.711260795593261719e+00
8.731307983398437500e+00
8.101576805114746094e+00
9.951063156127929688e+00
6.657618045806884766e+00
1.286220264434814453e+01
1.250480461120605469e+01
1.192026519775390625e+01
1.223306941986083984e+01
9.474379539489746094e+00
1.005113601684570312e+01
1.145482349395751953e+01
1.199389553070068359e+01
1.464053726196289062e+01
8.523138046264648438e+00
1.063233470916748047e+01
1.119084072113037109e+01
1.084692001342773438e+01
4.638928890228271484e+00
1.255550765991210938e+01
9.200230598449707031e+00
1.086935424804687500e+01
5.230331897735595703e+00
9.401206016540527344e+00
1.178291893005371094e+01
1.195857048034667969e+01
6.579420089721679688e+00
1.096585941314697266e+01
1.129946804046630859e+01
1.222459793090820312e+01
1.014600944519042969e+01
4.053710937500000000e+00
1.159817028045654297e+01
1.007677745819091797e+01
1.212356758117675781e+01
1.373979568481445312e+01
1.023791122436523438e+01
1.141562557220458984e+01
1.033324337005615234e+01
9.097468376159667969e+00
1.278024005889892578e+01
1.125676250457763672e+01
1.080844974517822266e+01
1.293143939971923828e+01
3.462751626968383789e+00
1.067024230957031250e+01
9.762803077697753906e+00
1.130200958251953125e+01
9.224332809448242188e+00
1.114044666290283203e+01
1.239261150360107422e+01
9.971817016601562500e+00
1.005741977691650391e+01
1.419552326202392578e+01
1.201486015319824219e+01
1.103971099853515625e+01
7.477282524108886719e+00
1.189931869506835938e+01
1.040972232818603516e+01
9.679540634155273438e+00
1.293640041351318359e+01
1.179239654541015625e+01
1.445286560058593750e+01
1.131202602386474609e+01
3.616052150726318359e+00
9.541656494140625000e+00
1.427462673187255859e+01
1.023368644714355469e+01
8.879467010498046875e+00
1.420003795623779297e+01
3.966006994247436523e+00
1.051893901824951172e+01
7.791378021240234375e+00
5.239450454711914062e+00
1.091963577270507812e+01
6.279208660125732422e+00
1.176235580444335938e+01
1.191216087341308594e+01
1.196005630493164062e+01
6.724007606506347656e+00
1.232569599151611328e+01
7.637560844421386719e+00
1.085892200469970703e+01
8.026549339294433594e+00
1.338270378112792969e+01
1.400478363037109375e+01
1.148984813690185547e+01
1.335095214843750000e+01
8.113918304443359375e+00
1.178466987609863281e+01
3.505812406539916992e+00
5.777432918548583984e+00
9.594105720520019531e+00
1.272747611999511719e+01
1.034113407135009766e+01
9.709664344787597656e+00
5.085516929626464844e+00
1.171300029754638672e+01
7.425417423248291016e+00
1.011086654663085938e+01
1.039915180206298828e+01
1.101783561706542969e+01
5.963074684143066406e+00
1.264912223815917969e+01
1.233180904388427734e+01
1.240149307250976562e+01
1.060619926452636719e+01
8.130660057067871094e+00
1.046627521514892578e+01
1.161853790283203125e+01
8.492966651916503906e+00
6.968860149383544922e+00
1.372820472717285156e+01
9.442791938781738281e+00
1.053325462341308594e+01
3.704743146896362305e+00
1.006556320190429688e+01
1.209969615936279297e+01
9.075560569763183594e+00
9.921116828918457031e+00
5.331389904022216797e+00
1.058560085296630859e+01
9.242614746093750000e+00
4.574109077453613281e+00
1.461029529571533203e+01
9.633310317993164062e+00
1.197082710266113281e+01
1.105616474151611328e+01
1.245021438598632812e+01
9.351352691650390625e+00
1.345377349853515625e+01
9.805041313171386719e+00
1.364914226531982422e+01
1.100550079345703125e+01
1.355693244934082031e+01
1.032616615295410156e+01
7.308373451232910156e+00
1.152477836608886719e+01
1.237527847290039062e+01
8.872948646545410156e+00
8.251576423645019531e+00
9.323930740356445312e+00
4.108928680419921875e+00
1.324785995483398438e+01
3.879174947738647461e+00
9.553649902343750000e+00
1.260593509674072266e+01
8.463334083557128906e+00
1.060436820983886719e+01
4.394075393676757812e+00
9.866124153137207031e+00
1.068468475341796875e+01
1.369703006744384766e+01
1.304527568817138672e+01
9.445339202880859375e+00
1.382523536682128906e+01
1.076025581359863281e+01
8.301325798034667969e+00
9.903782844543457031e+00
1.123000621795654297e+01
8.876266479492187500e+00
1.177191162109375000e+01
1.209697055816650391e+01
1.051170825958251953e+01
9.591557502746582031e+00
8.905228614807128906e+00
1.319798278808593750e+01
4.555364131927490234e+00
9.824678421020507812e+00
1.404668235778808594e+01
8.527106285095214844e+00
1.107499599456787109e+01
1.136959266662597656e+01
1.136197471618652344e+01
1.301341915130615234e+01
1.193955326080322266e+01
1.171803855895996094e+01
1.078029155731201172e+01
1.482717227935791016e+01
9.193073272705078125e+00
1.024171066284179688e+01
1.299082851409912109e+01
1.257843875885009766e+01
9.504178047180175781e+00
1.152403545379638672e+01
1.044339942932128906e+01
7.875791072845458984e+00
4.601428985595703125e+00
1.060063457489013672e+01
1.396908569335937500e+01
1.230335903167724609e+01
1.084776782989501953e+01
1.188009071350097656e+01
1.208141613006591797e+01
3.501229763031005859e+00
1.218489265441894531e+01
1.020494937896728516e+01
1.358749389648437500e+01
1.071335220336914062e+01
7.562891006469726562e+00
8.198329925537109375e+00
1.504898548126220703e+01
1.340275859832763672e+01
8.268895149230957031e+00
8.417857170104980469e+00
1.250872516632080078e+01
1.089846801757812500e+01
4.326683044433593750e+00
