1.124592685699462891e+01
1.404290485382080078e+01
1.044996738433837891e+01
3.627236843109130859e+00
1.548512744903564453e+01
1.411618995666503906e+01
1.075103282928466797e+01
8.740869522094726562e+00
6.285460948944091797e+00
1.082552719116210938e+01
9.684055328369140625e+00
1.149978446960449219e+01
1.095198822021484375e+01
9.205738067626953125e+00
1.114184951782226562e+01
7.334553718566894531e+00
8.216553688049316406e+00
7.500471115112304688e+00
8.237385749816894531e+00
8.065560340881347656e+00
1.260332870483398438e+01
1.024853134155273438e+01
4.354926586151123047e+00
9.974663734436035156e+00
1.201841640472412109e+01
1.090544700622558594e+01
1.223855400085449219e+01
7.667857170104980469e+00
1.062033843994140625e+01
1.275712013244628906e+01
1.206833553314208984e+01
5.310910224914550781e+00
1.012741851806640625e+01
1.155491638183593750e+01
1.011883544921875000e+01
1.281315803527832031e+01
1.051783752441406250e+01
1.177295970916748047e+01
4.752863883972167969e+00
1.428637981414794922e+01
9.782483100891113281e+00
1.224372577667236328e+01
3.559281110763549805e+00
1.094200801849365234e+01
1.018498611450195312e+01
1.439760780334472656e+01
9.359334945678710938e+00
1.148457336425781250e+01
9.671427726745605469e+00
1.123393630981445312e+01
1.047630691528320312e+01
6.267755985260009766e+00
7.750737667083740234e+00
1.200701808929443359e+01
1.377727699279785156e+01
1.291971206665039062e+01
1.368013191223144531e+01
1.367076587677001953e+01
1.029527664184570312e+01
1.296624755859375000e+01
1.101644515991210938e+01
1.214067745208740234e+01
1.069983005523681641e+01
1.020554924011230469e+01
1.011594772338867188e+01
1.606744766235351562e+01
9.647374153137207031e+00
1.019484519958496094e+01
7.509122848510742188e+00
1.194587802886962891e+01
1.309915161132812500e+01
6.125555992126464844e+00
8.762290954589843750e+00
1.167216682434082031e+01
1.189427757263183594e+01
1.344389820098876953e+01
9.796348571777343750e+00
1.219408416748046875e+01
1.232595634460449219e+01
1.317512416839599609e+01
1.004055118560791016e+01
1.048903751373291016e+01
9.207358360290527344e+00
1.161039257049560547e+01
5.564212322235107422e+00
1.137224674224853516e+01
7.500557899475097656e+00
1.194973754882812500e+01
1.288773250579833984e+01
1.137263011932373047e+01
9.254838943481445312e+00
1.418273925781250000e+01
4.613551616668701172e+00
1.190484333038330078e+01
9.278809547424316406e+00
9.899789810180664062e+00
1.161047935485839844e+01
1.127501678466796875e+01
8.783518791198730469e+00
1.198309326171875000e+01
1.122507286071777344e+01
1.012223625183105469e+01
6.990123748779296875e+00
1.230381774902343750e+01
9.840156555175781250e+00
1.220571327209472656e+01
1.364273166656494141e+01
6.185625076293945312e+00
1.117361068725585938e+01
1.259000968933105469e+01
1.328413295745849609e+01
1.096908760070800781e+01
3.996053218841552734e+00
1.131678009033203125e+01
3.554049015045166016e+00
1.238831901550292969e+01
1.221390533447265625e+01
7.417510032653808594e+00
9.888945579528808594e+00
1.062598037719726562e+01
1.438603496551513672e+01
1.302700042724609375e+01
1.260110855102539062e+01
1.226505851745605469e+01
8.837072372436523438e+00
1.261500644683837891e+01
5.093633174896240234e+00
1.005654811859130859e+01
1.057414054870605469e+01
3.637922525405883789e+00
9.954696655273437500e+00
1.212010192871093750e+01
1.261417007446289062e+01
1.364727973937988281e+01
1.014869594573974609e+01
1.411734199523925781e+01
8.825687408447265625e+00
8.894945144653320312e+00
9.993410110473632812e+00
1.347262859344482422e+01
1.327022361755371094e+01
3.832036733627319336e+00
1.066164207458496094e+01
1.077284812927246094e+01
4.860011577606201172e+00
1.479644012451171875e+01
1.056088924407958984e+01
1.182325649261474609e+01
4.495917320251464844e+00
1.443248653411865234e+01
9.221778869628906250e+00
4.387392044067382812e+00
8.979721069335937500e+00
9.996825218200683594e+00
1.050914287567138672e+01
8.929217338562011719e+00
1.137894153594970703e+01
1.174890995025634766e+01
1.142604064941406250e+01
6.708981990814208984e+00
1.007132434844970703e+01
9.911045074462890625e+00
7.472596168518066406e+00
9.587050437927246094e+00
1.154737567901611328e+01
1.349996757507324219e+01
1.093287467956542969e+01
1.108662319183349609e+01
8.520116806030273438e+00
1.201232624053955078e+01
1.335329723358154297e+01
1.463149547576904297e+01
1.001282596588134766e+01
1.021078300476074219e+01
5.258553028106689453e+00
1.232871341705322266e+01
1.238991355895996094e+01
4.923728942871093750e+00
1.264065742492675781e+01
9.592266082763671875e+00
8.673091888427734375e+00
1.191125011444091797e+01
1.243470954895019531e+01
1.383952713012695312e+01
1.011809062957763672e+01
1.113957214355468750e+01
1.406673145294189453e+01
7.761758327484130859e+00
1.222777557373046875e+01
1.228879928588867188e+01
1.125002002716064453e+01
1.083665275573730469e+01
1.059052658081054688e+01
1.167216682434082031e+01
1.054648590087890625e+01
1.205640983581542969e+01
3.484604358673095703e+00
1.263298130035400391e+01
1.057837104797363281e+01
1.015046882629394531e+01
1.133127403259277344e+01
1.332214069366455078e+01
1.281722545623779297e+01
1.126939010620117188e+01
1.063125896453857422e+01
1.239244461059570312e+01
7.958658695220947266e+00
1.387184047698974609e+01
1.039342021942138672e+01
8.193195343017578125e+00
4.278746128082275391e+00
1.157824325561523438e+01
1.073987293243408203e+01
7.273122310638427734e+00
6.878136634826660156e+00
3.456430435180664062e+00
9.105470657348632812e+00
1.534350872039794922e+01
9.133437156677246094e+00
9.507810592651367188e+00
1.034512805938720703e+01
9.772908210754394531e+00
1.156493949890136719e+01
1.203914928436279297e+01
4.465811252593994141e+00
1.402475738525390625e+01
3.786115646362304688e+00
3.405231475830078125e+00
7.315002918243408203e+00
4.461669921875000000e+00
1.140003204345703125e+01
1.487049865722656250e+01
1.081811428070068359e+01
9.792042732238769531e+00
1.151404094696044922e+01
8.867240905761718750e+00
1.032607936859130859e+01
1.355764007568359375e+01
1.081229877471923828e+01
1.181348514556884766e+01
8.753527641296386719e+00
1.125938224792480469e+01
4.123193740844726562e+00
1.157842350006103516e+01
1.214819908142089844e+01
1.070722103118896484e+01
1.120967674255371094e+01
1.078814315795898438e+01
3.790807962417602539e+00
1.179620838165283203e+01
