1.025809860229492188e+01
7.560438632965087891e+00
7.220633506774902344e+00
1.159306716918945312e+01
6.536049365997314453e+00
9.973680496215820312e+00
8.784407615661621094e+00
1.218828105926513672e+01
1.283313846588134766e+01
6.928767204284667969e+00
1.125210094451904297e+01
1.482854747772216797e+01
4.255239963531494141e+00
9.825469017028808594e+00
1.049585819244384766e+01
1.349736976623535156e+01
1.013347339630126953e+01
1.185372257232666016e+01
1.081773853302001953e+01
1.247987174987792969e+01
8.620200157165527344e+00
1.235488796234130859e+01
1.206719303131103516e+01
1.361423397064208984e+01
5.391591072082519531e+00
1.367421245574951172e+01
1.089021873474121094e+01
1.237593650817871094e+01
1.195892524719238281e+01
1.261614704132080078e+01
1.126831722259521484e+01
7.245331764221191406e+00
8.648833274841308594e+00
1.316741943359375000e+01
1.282746028900146484e+01
4.845453262329101562e+00
8.984905242919921875e+00
1.100140857696533203e+01
1.150233745574951172e+01
1.270540809631347656e+01
1.049853420257568359e+01
8.596901893615722656e+00
9.993237495422363281e+00
1.457097053527832031e+01
1.073721504211425781e+01
1.358721923828125000e+01
1.161445999145507812e+01
1.055659675598144531e+01
1.130714416503906250e+01
6.951210498809814453e+00
4.675141334533691406e+00
1.135648345947265625e+01
1.295770549774169922e+01
9.768399238586425781e+00
8.943757057189941406e+00
1.036233043670654297e+01
6.257801055908203125e+00
1.157602691650390625e+01
6.944773674011230469e+00
1.274242401123046875e+01
7.525174617767333984e+00
1.330950355529785156e+01
7.942632198333740234e+00
1.356867027282714844e+01
4.466940402984619141e+00
9.771179199218750000e+00
1.405790710449218750e+01
3.345950603485107422e+00
1.350368213653564453e+01
1.179112052917480469e+01
1.171184730529785156e+01
1.011732769012451172e+01
1.041136550903320312e+01
9.005649566650390625e+00
1.271127033233642578e+01
1.188992977142333984e+01
7.659473419189453125e+00
8.683989524841308594e+00
1.102038383483886719e+01
8.696226119995117188e+00
1.195449638366699219e+01
9.124442100524902344e+00
1.109270668029785156e+01
8.441927909851074219e+00
1.151123809814453125e+01
9.161640167236328125e+00
1.250794029235839844e+01
3.247759819030761719e+00
1.137562084197998047e+01
1.207799625396728516e+01
9.276701927185058594e+00
9.788558959960937500e+00
3.949726343154907227e+00
9.257902145385742188e+00
1.143129444122314453e+01
9.674003601074218750e+00
1.093901443481445312e+01
9.741135597229003906e+00
8.354097366333007812e+00
9.214829444885253906e+00
1.067410278320312500e+01
1.084995651245117188e+01
1.190316486358642578e+01
8.279396057128906250e+00
1.351773834228515625e+01
1.036242294311523438e+01
2.962142229080200195e+00
3.809230327606201172e+00
1.089214611053466797e+01
1.220521450042724609e+01
9.611409187316894531e+00
1.054770469665527344e+01
3.440080881118774414e+00
8.733539581298828125e+00
7.791887760162353516e+00
9.905577659606933594e+00
4.353266239166259766e+00
9.694276809692382812e+00
1.370253181457519531e+01
8.453977584838867188e+00
7.161247730255126953e+00
9.358940124511718750e+00
1.161844539642333984e+01
1.002614307403564453e+01
1.036169052124023438e+01
8.621851921081542969e+00
1.133010578155517578e+01
7.664021015167236328e+00
4.540221691131591797e+00
8.120776176452636719e+00
9.843059539794921875e+00
9.579864501953125000e+00
1.070254611968994141e+01
8.810786247253417969e+00
1.105273151397705078e+01
8.465880393981933594e+00
1.034173202514648438e+01
9.400097846984863281e+00
1.456462764739990234e+01
4.453645229339599609e+00
1.180702209472656250e+01
9.376039505004882812e+00
1.098764705657958984e+01
9.255387306213378906e+00
1.265143299102783203e+01
1.138820552825927734e+01
1.496337699890136719e+01
9.275963783264160156e+00
1.336142063140869141e+01
4.542463302612304688e+00
1.002171897888183594e+01
1.154812622070312500e+01
1.166859531402587891e+01
1.123703193664550781e+01
1.355959129333496094e+01
1.251590728759765625e+01
9.218181610107421875e+00
7.350626468658447266e+00
9.172323226928710938e+00
8.547166824340820312e+00
1.128503704071044922e+01
9.863574028015136719e+00
1.140063571929931641e+01
1.207180690765380859e+01
6.969420909881591797e+00
9.824205398559570312e+00
9.343477249145507812e+00
3.724210500717163086e+00
1.020465660095214844e+01
1.214226341247558594e+01
7.573929309844970703e+00
1.125279235839843750e+01
1.319029712677001953e+01
9.564630508422851562e+00
9.792583465576171875e+00
1.090411376953125000e+01
1.005169868469238281e+01
7.485369205474853516e+00
1.109253120422363281e+01
1.130320453643798828e+01
8.929073333740234375e+00
1.046834087371826172e+01
8.497263908386230469e+00
9.936412811279296875e+00
4.488468170166015625e+00
9.173916816711425781e+00
9.521937370300292969e+00
1.037929534912109375e+01
1.303443527221679688e+01
1.016942501068115234e+01
1.310763931274414062e+01
7.839301586151123047e+00
1.349494934082031250e+01
8.718144416809082031e+00
1.000268173217773438e+01
3.642409086227416992e+00
1.443032836914062500e+01
1.017784500122070312e+01
1.144449710845947266e+01
1.126721477508544922e+01
1.142269897460937500e+01
7.888589859008789062e+00
8.775699615478515625e+00
9.624018669128417969e+00
1.203538131713867188e+01
1.181161880493164062e+01
1.153117275238037109e+01
1.027627277374267578e+01
1.085975456237792969e+01
9.630161285400390625e+00
1.279497146606445312e+01
3.409970283508300781e+00
7.778680324554443359e+00
8.903467178344726562e+00
1.258869266510009766e+01
1.018419170379638672e+01
7.332557678222656250e+00
9.859724998474121094e+00
1.148475265502929688e+01
1.223583984375000000e+01
1.294247245788574219e+01
3.389052391052246094e+00
7.473419189453125000e+00
7.695269107818603516e+00
1.142816257476806641e+01
1.043618297576904297e+01
1.211934280395507812e+01
9.613466262817382812e+00
7.073705196380615234e+00
1.167240142822265625e+01
1.462898254394531250e+01
3.507882118225097656e+00
1.052987861633300781e+01
1.125598049163818359e+01
9.921358108520507812e+00
8.388726234436035156e+00
9.776678085327148438e+00
3.587409973144531250e+00
1.387324237823486328e+01
8.507584571838378906e+00
1.296321868896484375e+01
9.857135772705078125e+00
6.488199710845947266e+00
9.862439155578613281e+00
9.861179351806640625e+00
8.997521400451660156e+00
1.150963973999023438e+01
1.311132621765136719e+01
1.097545242309570312e+01
3.766012907028198242e+00
