1.451372528076171875e+01
5.089724540710449219e+00
1.039461135864257812e+01
1.247827911376953125e+01
1.104791545867919922e+01
1.056764888763427734e+01
8.325193405151367188e+00
8.675226211547851562e+00
7.106474876403808594e+00
1.037334918975830078e+01
1.107800102233886719e+01
8.561757087707519531e+00
1.398661994934082031e+01
7.986743450164794922e+00
1.046932506561279297e+01
1.006485939025878906e+01
1.242364692687988281e+01
7.733043193817138672e+00
1.249108123779296875e+01
3.300032138824462891e+00
3.759882688522338867e+00
8.759752273559570312e+00
1.113764476776123047e+01
1.046001625061035156e+01
1.104503917694091797e+01
1.032581996917724609e+01
3.300740242004394531e+00
1.262315940856933594e+01
1.234674072265625000e+01
1.076694202423095703e+01
7.849977493286132812e+00
1.129822349548339844e+01
1.208517074584960938e+01
1.037600898742675781e+01
1.283738994598388672e+01
7.806341171264648438e+00
1.128404521942138672e+01
9.819651603698730469e+00
7.176402091979980469e+00
8.319590568542480469e+00
3.955663442611694336e+00
9.530002593994140625e+00
1.069283390045166016e+01
1.041409397125244141e+01
1.297884273529052734e+01
1.008950424194335938e+01
1.157190036773681641e+01
8.969137191772460938e+00
9.863741874694824219e+00
9.732378959655761719e+00
9.810441970825195312e+00
8.196101188659667969e+00
8.486046791076660156e+00
9.228616714477539062e+00
9.041893005371093750e+00
7.379279613494873047e+00
1.466475009918212891e+01
6.993633747100830078e+00
1.206099033355712891e+01
3.422044515609741211e+00
3.845505714416503906e+00
9.141865730285644531e+00
1.319137763977050781e+01
7.966210842132568359e+00
1.137711811065673828e+01
3.882004261016845703e+00
1.105582714080810547e+01
1.149393749237060547e+01
1.329419326782226562e+01
6.893095970153808594e+00
8.721145629882812500e+00
9.501574516296386719e+00
9.689982414245605469e+00
1.015407943725585938e+01
1.079864978790283203e+01
1.117177486419677734e+01
9.558259010314941406e+00
1.020209884643554688e+01
1.162029743194580078e+01
9.677392005920410156e+00
1.079285240173339844e+01
8.922192573547363281e+00
1.084523868560791016e+01
1.118913078308105469e+01
1.042703151702880859e+01
1.033726978302001953e+01
7.887517929077148438e+00
8.486511230468750000e+00
8.749836921691894531e+00
1.155456066131591797e+01
1.259887123107910156e+01
1.083969020843505859e+01
1.043561744689941406e+01
1.015548229217529297e+01
9.277749061584472656e+00
4.394186973571777344e+00
1.079692173004150391e+01
1.085795116424560547e+01
1.110346126556396484e+01
9.185977935791015625e+00
7.728479862213134766e+00
4.931674480438232422e+00
1.169685840606689453e+01
7.367278099060058594e+00
9.751291275024414062e+00
4.740298748016357422e+00
9.672477722167968750e+00
4.753433227539062500e+00
4.767530918121337891e+00
1.003813076019287109e+01
1.102783584594726562e+01
1.006001853942871094e+01
9.005947113037109375e+00
8.231580734252929688e+00
8.252803802490234375e+00
1.119368267059326172e+01
4.956409931182861328e+00
8.670647621154785156e+00
1.137317657470703125e+01
8.293086051940917969e+00
7.699596881866455078e+00
9.827651977539062500e+00
9.481003761291503906e+00
8.999175071716308594e+00
9.392035484313964844e+00
1.138931369781494141e+01
1.119364833831787109e+01
8.831056594848632812e+00
1.264228916168212891e+01
8.262814521789550781e+00
1.214713668823242188e+01
1.103250408172607422e+01
5.326523780822753906e+00
7.986674785614013672e+00
1.174861621856689453e+01
1.169059753417968750e+01
1.408325862884521484e+01
7.887966156005859375e+00
8.769115447998046875e+00
6.925073146820068359e+00
1.215658473968505859e+01
1.522265911102294922e+01
1.149474811553955078e+01
1.000462150573730469e+01
6.573592185974121094e+00
8.384321212768554688e+00
1.140688514709472656e+01
3.732847213745117188e+00
3.853894472122192383e+00
8.991061210632324219e+00
1.435492324829101562e+01
8.898629188537597656e+00
9.031555175781250000e+00
9.320974349975585938e+00
1.241985702514648438e+01
1.067726993560791016e+01
6.472123622894287109e+00
9.734654426574707031e+00
4.552311420440673828e+00
7.527532577514648438e+00
1.157608509063720703e+01
7.453465461730957031e+00
8.890271186828613281e+00
8.608078002929687500e+00
1.148974609375000000e+01
1.135311126708984375e+01
6.749474048614501953e+00
8.318473815917968750e+00
1.047442722320556641e+01
7.522439956665039062e+00
1.017531204223632812e+01
8.160779953002929688e+00
8.094121932983398438e+00
6.650504589080810547e+00
1.266719150543212891e+01
1.262557125091552734e+01
1.090242290496826172e+01
9.618340492248535156e+00
7.337195396423339844e+00
8.795119285583496094e+00
9.282169342041015625e+00
8.362608909606933594e+00
1.228542518615722656e+01
1.020873451232910156e+01
1.098793315887451172e+01
9.497502326965332031e+00
9.994372367858886719e+00
9.935558319091796875e+00
9.224079132080078125e+00
1.162866592407226562e+01
1.408800029754638672e+01
7.300625324249267578e+00
9.566827774047851562e+00
4.691487789154052734e+00
1.073954296112060547e+01
9.590640068054199219e+00
1.153843879699707031e+01
4.150205612182617188e+00
1.365071392059326172e+01
9.656100273132324219e+00
5.047264575958251953e+00
1.104867839813232422e+01
1.430626678466796875e+01
9.447744369506835938e+00
3.771065235137939453e+00
4.859834671020507812e+00
1.111425304412841797e+01
1.175535774230957031e+01
1.026747608184814453e+01
1.144728374481201172e+01
9.568242073059082031e+00
1.042933177947998047e+01
1.106680870056152344e+01
8.478029251098632812e+00
1.100314140319824219e+01
9.488516807556152344e+00
3.446672916412353516e+00
9.832076072692871094e+00
1.272422027587890625e+01
1.167987728118896484e+01
8.568570137023925781e+00
7.309404373168945312e+00
1.086837291717529297e+01
9.085007667541503906e+00
1.118604278564453125e+01
4.318208217620849609e+00
1.221881580352783203e+01
1.241083431243896484e+01
1.043990802764892578e+01
1.003624343872070312e+01
1.132280158996582031e+01
1.030447387695312500e+01
8.859433174133300781e+00
1.231836891174316406e+01
3.420435428619384766e+00
1.291561126708984375e+01
1.219306755065917969e+01
8.886258125305175781e+00
1.286699581146240234e+01
1.160837841033935547e+01
9.981549263000488281e+00
5.790126800537109375e+00
6.680171012878417969e+00
1.254563713073730469e+01
1.360418987274169922e+01
1.402034282684326172e+01
1.070327854156494141e+01
1.052258586883544922e+01
9.294755935668945312e+00
1.037832260131835938e+01
