9.226570129394531250e+00
1.047283554077148438e+01
9.670661926269531250e+00
9.124016761779785156e+00
6.660578727722167969e+00
1.075870609283447266e+01
1.010633850097656250e+01
1.043504619598388672e+01
1.201965808868408203e+01
1.271273899078369141e+01
1.041901969909667969e+01
1.188985729217529297e+01
1.329719448089599609e+01
1.325561046600341797e+01
1.292633056640625000e+01
9.800959587097167969e+00
3.436869859695434570e+00
1.016973400115966797e+01
1.046389198303222656e+01
1.018898677825927734e+01
1.092164993286132812e+01
1.222403240203857422e+01
4.065598011016845703e+00
1.374574756622314453e+01
1.146742630004882812e+01
4.480147838592529297e+00
9.068356513977050781e+00
1.205036735534667969e+01
3.353718757629394531e+00
1.186362171173095703e+01
1.167064189910888672e+01
1.000564193725585938e+01
4.320672035217285156e+00
1.063090610504150391e+01
7.783803462982177734e+00
9.052084922790527344e+00
1.156295871734619141e+01
1.102746200561523438e+01
3.508662462234497070e+00
1.484763717651367188e+01
9.674044609069824219e+00
8.726222038269042969e+00
1.324110221862792969e+01
1.014228343963623047e+01
1.146829986572265625e+01
3.946812868118286133e+00
1.059255695343017578e+01
1.147918605804443359e+01
1.069511222839355469e+01
1.359210968017578125e+01
7.632226943969726562e+00
1.124474811553955078e+01
8.905818939208984375e+00
1.010481357574462891e+01
3.965789794921875000e+00
9.346163749694824219e+00
9.123682975769042969e+00
1.089611721038818359e+01
4.210296630859375000e+00
1.220837974548339844e+01
1.177540969848632812e+01
4.790757179260253906e+00
9.099121093750000000e+00
1.249380493164062500e+01
1.126100826263427734e+01
1.375148582458496094e+01
1.032461452484130859e+01
1.330313301086425781e+01
9.311878204345703125e+00
8.528039932250976562e+00
5.189816474914550781e+00
1.193109512329101562e+01
4.137706756591796875e+00
1.084979820251464844e+01
1.174973678588867188e+01
9.481934547424316406e+00
1.350563240051269531e+01
9.946764945983886719e+00
9.837686538696289062e+00
1.046091079711914062e+01
9.797441482543945312e+00
1.369067192077636719e+01
6.640196800231933594e+00
1.360663223266601562e+01
8.322651863098144531e+00
4.174450397491455078e+00
1.218623447418212891e+01
1.404375076293945312e+01
1.035765743255615234e+01
1.395832824707031250e+01
1.012185955047607422e+01
3.871388912200927734e+00
1.043853855133056641e+01
1.562496852874755859e+01
1.046642208099365234e+01
4.270766735076904297e+00
1.069591522216796875e+01
1.140135669708251953e+01
1.187464714050292969e+01
1.310343933105468750e+01
1.227353477478027344e+01
1.017629146575927734e+01
1.099015522003173828e+01
1.028289508819580078e+01
1.176383781433105469e+01
1.057461738586425781e+01
1.174494171142578125e+01
1.205444812774658203e+01
1.325578308105468750e+01
1.273973464965820312e+01
1.041649913787841797e+01
1.064583301544189453e+01
1.089131069183349609e+01
1.252243995666503906e+01
1.020980739593505859e+01
9.878878593444824219e+00
1.049661159515380859e+01
1.243654060363769531e+01
1.202943515777587891e+01
1.074899291992187500e+01
6.790336132049560547e+00
8.055879592895507812e+00
8.078634262084960938e+00
1.316323184967041016e+01
1.199356651306152344e+01
1.131238746643066406e+01
1.318070983886718750e+01
1.378788757324218750e+01
1.234315681457519531e+01
5.431745052337646484e+00
1.175861835479736328e+01
1.187514686584472656e+01
7.876782417297363281e+00
1.195053672790527344e+01
9.159149169921875000e+00
1.215408229827880859e+01
1.088815593719482422e+01
1.291187953948974609e+01
1.617659378051757812e+01
7.752202510833740234e+00
1.235385990142822266e+01
1.386823272705078125e+01
1.154925251007080078e+01
9.299510002136230469e+00
1.234028911590576172e+01
1.190287303924560547e+01
8.238863945007324219e+00
1.096817779541015625e+01
1.099864578247070312e+01
1.136281394958496094e+01
1.299228858947753906e+01
1.275569248199462891e+01
1.318192958831787109e+01
1.230604267120361328e+01
1.091699600219726562e+01
9.727649688720703125e+00
1.448312091827392578e+01
1.203680896759033203e+01
1.154417896270751953e+01
8.392625808715820312e+00
1.006721591949462891e+01
8.666155815124511719e+00
1.079834175109863281e+01
1.192492675781250000e+01
3.939230918884277344e+00
1.214011764526367188e+01
3.583549976348876953e+00
1.191771888732910156e+01
9.272310256958007812e+00
1.231345748901367188e+01
1.312362957000732422e+01
1.261640739440917969e+01
9.586948394775390625e+00
1.156616020202636719e+01
9.025482177734375000e+00
8.179614067077636719e+00
8.754803657531738281e+00
3.822425365447998047e+00
1.322130584716796875e+01
1.400229167938232422e+01
9.051156997680664062e+00
8.285416603088378906e+00
3.766421318054199219e+00
4.042617797851562500e+00
3.407777786254882812e+00
1.233894062042236328e+01
8.530791282653808594e+00
1.269162845611572266e+01
1.301720523834228516e+01
9.069573402404785156e+00
1.134842586517333984e+01
1.022229480743408203e+01
1.411333465576171875e+01
1.331853485107421875e+01
1.040129852294921875e+01
1.195853996276855469e+01
1.195932197570800781e+01
5.412844181060791016e+00
1.430582141876220703e+01
9.085190773010253906e+00
7.537773132324218750e+00
1.277073764801025391e+01
1.052870464324951172e+01
1.003876209259033203e+01
8.207149505615234375e+00
1.108385181427001953e+01
1.151128673553466797e+01
5.528560638427734375e+00
1.043910980224609375e+01
6.038385391235351562e+00
9.530535697937011719e+00
1.021644687652587891e+01
1.139725208282470703e+01
4.313169002532958984e+00
9.949387550354003906e+00
1.342224597930908203e+01
1.430391025543212891e+01
8.992600440979003906e+00
6.686480522155761719e+00
9.010726928710937500e+00
1.459199142456054688e+01
9.577893257141113281e+00
9.181608200073242188e+00
7.104397773742675781e+00
9.124603271484375000e+00
1.219433307647705078e+01
1.432967567443847656e+01
7.717890739440917969e+00
1.000945663452148438e+01
9.667639732360839844e+00
9.483261108398437500e+00
4.015181064605712891e+00
1.005789089202880859e+01
1.408102512359619141e+01
1.004521274566650391e+01
1.050586795806884766e+01
4.642481327056884766e+00
8.647613525390625000e+00
6.546319007873535156e+00
1.193602657318115234e+01
7.772596359252929688e+00
8.550599098205566406e+00
9.915264129638671875e+00
7.784304618835449219e+00
1.183127784729003906e+01
1.336734962463378906e+01
1.142171955108642578e+01
1.188243865966796875e+01
1.075268936157226562e+01
1.003052043914794922e+01
