1.301712512969970703e+01
1.107211780548095703e+01
1.142614555358886719e+01
1.071841812133789062e+01
9.833895683288574219e+00
1.091021728515625000e+01
7.706060886383056641e+00
9.472915649414062500e+00
3.595913887023925781e+00
7.865942955017089844e+00
1.082824039459228516e+01
1.016669654846191406e+01
1.186974048614501953e+01
7.826610088348388672e+00
1.049354648590087891e+01
8.754592895507812500e+00
1.158702945709228516e+01
4.429769039154052734e+00
1.276459980010986328e+01
1.192108631134033203e+01
9.786149024963378906e+00
9.891545295715332031e+00
8.558728218078613281e+00
9.322861671447753906e+00
1.107815551757812500e+01
1.291851806640625000e+01
1.410244941711425781e+01
8.949274063110351562e+00
1.000615310668945312e+01
9.003437042236328125e+00
1.377298450469970703e+01
1.101025581359863281e+01
1.220071411132812500e+01
4.567131042480468750e+00
8.383943557739257812e+00
1.097690677642822266e+01
1.012437820434570312e+01
1.045684337615966797e+01
1.154337978363037109e+01
1.140184211730957031e+01
1.248712158203125000e+01
8.966727256774902344e+00
7.071496486663818359e+00
9.327574729919433594e+00
9.682790756225585938e+00
1.018397235870361328e+01
1.634492111206054688e+01
9.258870124816894531e+00
1.212587070465087891e+01
9.147233963012695312e+00
1.353623771667480469e+01
4.255001068115234375e+00
4.834745407104492188e+00
9.177671432495117188e+00
7.542871952056884766e+00
8.951937675476074219e+00
3.803816318511962891e+00
1.066888046264648438e+01
1.206748676300048828e+01
8.318788528442382812e+00
1.122317886352539062e+01
7.606371402740478516e+00
1.017602825164794922e+01
1.199965953826904297e+01
1.195960140228271484e+01
1.171890735626220703e+01
8.882556915283203125e+00
1.075243282318115234e+01
1.005951976776123047e+01
8.438968658447265625e+00
1.314258480072021484e+01
1.273190116882324219e+01
1.203619480133056641e+01
1.350628376007080078e+01
8.748192787170410156e+00
8.648636817932128906e+00
1.061359024047851562e+01
9.745907783508300781e+00
9.339579582214355469e+00
9.783964157104492188e+00
1.321413135528564453e+01
8.450586318969726562e+00
3.948433399200439453e+00
4.905786514282226562e+00
1.173205471038818359e+01
1.328509140014648438e+01
1.088430213928222656e+01
1.192495441436767578e+01
7.991644859313964844e+00
1.198435497283935547e+01
7.277708530426025391e+00
4.683672904968261719e+00
1.025044727325439453e+01
8.131093978881835938e+00
1.218799304962158203e+01
8.345043182373046875e+00
9.424475669860839844e+00
9.077637672424316406e+00
1.224576854705810547e+01
8.068511009216308594e+00
1.069944763183593750e+01
8.638667106628417969e+00
9.813442230224609375e+00
1.162976074218750000e+01
1.275417232513427734e+01
8.177737236022949219e+00
7.632521152496337891e+00
1.030625534057617188e+01
1.054720592498779297e+01
8.211138725280761719e+00
9.351545333862304688e+00
9.032108306884765625e+00
8.400424957275390625e+00
1.118085956573486328e+01
1.252150154113769531e+01
8.784261703491210938e+00
1.123509120941162109e+01
1.057448387145996094e+01
7.141261577606201172e+00
1.169774150848388672e+01
6.012873649597167969e+00
1.098876762390136719e+01
1.064776039123535156e+01
4.341592788696289062e+00
9.056975364685058594e+00
7.905146598815917969e+00
1.198489856719970703e+01
8.159023284912109375e+00
7.654997825622558594e+00
8.919372558593750000e+00
1.075749588012695312e+01
1.028661441802978516e+01
7.763632774353027344e+00
9.049872398376464844e+00
9.704065322875976562e+00
1.099270725250244141e+01
8.597899436950683594e+00
1.120823669433593750e+01
1.160666656494140625e+01
5.056275367736816406e+00
1.071898841857910156e+01
9.111774444580078125e+00
1.039568138122558594e+01
9.091116905212402344e+00
9.232672691345214844e+00
1.058427238464355469e+01
9.802780151367187500e+00
5.316212177276611328e+00
5.960211753845214844e+00
1.106157112121582031e+01
1.047581577301025391e+01
9.491054534912109375e+00
8.912917137145996094e+00
1.162474441528320312e+01
1.096005153656005859e+01
5.187486648559570312e+00
1.075973987579345703e+01
8.393556594848632812e+00
1.208372211456298828e+01
9.352834701538085938e+00
1.199023246765136719e+01
3.573278427124023438e+00
1.345172595977783203e+01
1.188118839263916016e+01
9.755983352661132812e+00
1.154005336761474609e+01
1.212057018280029297e+01
7.826849460601806641e+00
1.405602359771728516e+01
8.724717140197753906e+00
1.251371288299560547e+01
3.637457370758056641e+00
1.409082984924316406e+01
1.318861961364746094e+01
1.069479274749755859e+01
1.292393398284912109e+01
9.341735839843750000e+00
8.484372138977050781e+00
1.095526027679443359e+01
9.267299652099609375e+00
1.038954639434814453e+01
3.299193143844604492e+00
1.382467269897460938e+01
1.217114162445068359e+01
9.671600341796875000e+00
7.544690608978271484e+00
1.278997611999511719e+01
8.345864295959472656e+00
1.155430412292480469e+01
4.697495937347412109e+00
1.250426101684570312e+01
1.092857265472412109e+01
1.409354114532470703e+01
1.251410293579101562e+01
9.952739715576171875e+00
1.119336700439453125e+01
3.976099014282226562e+00
1.015704822540283203e+01
5.851306438446044922e+00
1.231439685821533203e+01
1.275807952880859375e+01
9.414604187011718750e+00
9.560873985290527344e+00
3.707805395126342773e+00
9.041364669799804688e+00
8.410676956176757812e+00
1.186763858795166016e+01
5.670436382293701172e+00
9.109654426574707031e+00
1.008092784881591797e+01
1.005008602142333984e+01
8.709774971008300781e+00
1.218207454681396484e+01
1.013269615173339844e+01
7.427608489990234375e+00
1.381223297119140625e+01
1.112799644470214844e+01
1.113814449310302734e+01
9.145579338073730469e+00
1.200124835968017578e+01
1.056651401519775391e+01
9.235782623291015625e+00
9.822927474975585938e+00
8.555478096008300781e+00
1.207935810089111328e+01
9.301514625549316406e+00
1.314670276641845703e+01
1.354342651367187500e+01
7.321277618408203125e+00
1.136667919158935547e+01
4.350057125091552734e+00
1.305451583862304688e+01
1.053727149963378906e+01
9.374806404113769531e+00
3.654439449310302734e+00
1.480886173248291016e+01
9.836094856262207031e+00
1.453975105285644531e+01
3.526587247848510742e+00
1.272805500030517578e+01
1.056751823425292969e+01
1.409114074707031250e+01
1.034726238250732422e+01
9.392513275146484375e+00
1.346817207336425781e+01
9.346119880676269531e+00
1.482512474060058594e+01
1.038306903839111328e+01
1.207553577423095703e+01
1.432895660400390625e+01
