9.275868415832519531e+00
9.621439933776855469e+00
1.058367919921875000e+01
9.860898971557617188e+00
1.198511219024658203e+01
1.173333835601806641e+01
1.431341648101806641e+01
1.011475563049316406e+01
1.025715255737304688e+01
1.043245792388916016e+01
1.149140834808349609e+01
1.094871425628662109e+01
1.067721176147460938e+01
1.048448181152343750e+01
1.042213630676269531e+01
4.490906715393066406e+00
1.089495372772216797e+01
9.018737792968750000e+00
3.942111015319824219e+00
3.766282081604003906e+00
9.070034980773925781e+00
9.351336479187011719e+00
9.914352416992187500e+00
7.958005428314208984e+00
1.164624881744384766e+01
1.209990024566650391e+01
9.659544944763183594e+00
1.314802360534667969e+01
1.231693458557128906e+01
1.093669223785400391e+01
7.040437698364257812e+00
1.253126144409179688e+01
1.069965744018554688e+01
9.452032089233398438e+00
1.291861629486083984e+01
9.673338890075683594e+00
3.821749210357666016e+00
1.484691429138183594e+01
1.011084461212158203e+01
1.494835662841796875e+01
7.933665752410888672e+00
1.206258678436279297e+01
1.074450588226318359e+01
1.316764640808105469e+01
9.037043571472167969e+00
1.052877426147460938e+01
1.000513553619384766e+01
1.109840774536132812e+01
6.169373989105224609e+00
1.267979717254638672e+01
1.116277408599853516e+01
9.079413414001464844e+00
1.045247173309326172e+01
4.406677722930908203e+00
9.101564407348632812e+00
1.492210674285888672e+01
5.047581672668457031e+00
1.137017631530761719e+01
8.778608322143554688e+00
1.142303371429443359e+01
1.160441589355468750e+01
8.772768974304199219e+00
9.317951202392578125e+00
1.154971408843994141e+01
1.394497585296630859e+01
8.986113548278808594e+00
9.336750030517578125e+00
8.515126228332519531e+00
9.943616867065429688e+00
4.709469318389892578e+00
9.949176788330078125e+00
1.441893386840820312e+01
8.768371582031250000e+00
1.110950088500976562e+01
7.898054599761962891e+00
9.794998168945312500e+00
7.935716152191162109e+00
1.211571216583251953e+01
1.219818878173828125e+01
8.814405441284179688e+00
1.267338466644287109e+01
8.140765190124511719e+00
1.424618339538574219e+01
1.146433258056640625e+01
4.411818981170654297e+00
9.287364006042480469e+00
1.512251949310302734e+01
3.165335178375244141e+00
1.186717987060546875e+01
1.512190055847167969e+01
1.048677635192871094e+01
1.211590576171875000e+01
9.383605003356933594e+00
9.279011726379394531e+00
1.182175922393798828e+01
7.982190608978271484e+00
3.873064756393432617e+00
1.021941184997558594e+01
1.020848464965820312e+01
5.452943801879882812e+00
1.086218452453613281e+01
8.519878387451171875e+00
3.671300649642944336e+00
9.273454666137695312e+00
1.231815433502197266e+01
7.088530063629150391e+00
8.703670501708984375e+00
1.026057147979736328e+01
9.674633979797363281e+00
4.376217842102050781e+00
1.188231182098388672e+01
1.225366306304931641e+01
1.120048904418945312e+01
1.255644416809082031e+01
1.267604541778564453e+01
1.047465038299560547e+01
1.180777931213378906e+01
8.256339073181152344e+00
9.698583602905273438e+00
8.239308357238769531e+00
7.564859867095947266e+00
9.485236167907714844e+00
9.773550033569335938e+00
1.001834583282470703e+01
4.710572719573974609e+00
4.014023780822753906e+00
1.209526252746582031e+01
1.110364246368408203e+01
1.479826259613037109e+01
7.959679126739501953e+00
1.246840000152587891e+01
4.724375247955322266e+00
9.017780303955078125e+00
1.200903892517089844e+01
9.501276969909667969e+00
1.276184272766113281e+01
1.151453304290771484e+01
1.349079895019531250e+01
4.030860900878906250e+00
1.091631126403808594e+01
1.429525756835937500e+01
1.370978069305419922e+01
1.307534313201904297e+01
3.307117462158203125e+00
4.055448055267333984e+00
8.576562881469726562e+00
9.427294731140136719e+00
1.046544075012207031e+01
1.104197311401367188e+01
4.025440216064453125e+00
1.100603485107421875e+01
8.470537185668945312e+00
9.735198020935058594e+00
8.782020568847656250e+00
1.270292186737060547e+01
9.786073684692382812e+00
1.401915550231933594e+01
1.351427650451660156e+01
1.083711242675781250e+01
1.178613471984863281e+01
1.094050979614257812e+01
3.850645065307617188e+00
9.926496505737304688e+00
8.664931297302246094e+00
1.311946582794189453e+01
9.992295265197753906e+00
1.170718765258789062e+01
1.301129722595214844e+01
1.243344879150390625e+01
1.213931655883789062e+01
1.187570953369140625e+01
8.040589332580566406e+00
8.259452819824218750e+00
1.162592697143554688e+01
8.081430435180664062e+00
9.829610824584960938e+00
1.181875133514404297e+01
3.849598407745361328e+00
7.820048809051513672e+00
1.121275711059570312e+01
1.061925983428955078e+01
1.236314582824707031e+01
3.818423986434936523e+00
1.081381511688232422e+01
1.637609291076660156e+01
1.172064685821533203e+01
1.049098396301269531e+01
7.378637313842773438e+00
1.133023166656494141e+01
7.145270347595214844e+00
1.121034526824951172e+01
9.616137504577636719e+00
1.218596839904785156e+01
1.119176387786865234e+01
1.193006896972656250e+01
9.324325561523437500e+00
8.483686447143554688e+00
4.005402088165283203e+00
1.209302234649658203e+01
1.119842338562011719e+01
1.117159557342529297e+01
1.120234203338623047e+01
1.055537414550781250e+01
1.233559799194335938e+01
1.029143619537353516e+01
1.135595893859863281e+01
1.026817989349365234e+01
8.334872245788574219e+00
1.141940402984619141e+01
6.879231929779052734e+00
1.071527194976806641e+01
1.016570472717285156e+01
1.018198108673095703e+01
1.087694168090820312e+01
1.059297180175781250e+01
1.402896976470947266e+01
1.084309673309326172e+01
3.934191465377807617e+00
6.009875297546386719e+00
1.100930118560791016e+01
1.190305328369140625e+01
1.023272800445556641e+01
1.298053073883056641e+01
1.442791748046875000e+01
3.495831489562988281e+00
8.039200782775878906e+00
8.242991447448730469e+00
6.662947177886962891e+00
1.123463916778564453e+01
1.183710861206054688e+01
1.152877616882324219e+01
1.034690856933593750e+01
9.350578308105468750e+00
1.072192478179931641e+01
1.128633975982666016e+01
1.194783306121826172e+01
1.151698112487792969e+01
1.039414596557617188e+01
1.201748275756835938e+01
1.168716907501220703e+01
1.207103919982910156e+01
1.090412139892578125e+01
1.059687995910644531e+01
8.106655120849609375e+00
1.070992374420166016e+01
1.197478866577148438e+01
9.543709754943847656e+00
7.976551532745361328e+00
1.104301452636718750e+01
4.272018909454345703e+00
