9.838274002075195312e+00
1.163201236724853516e+01
1.033809757232666016e+01
8.454268455505371094e+00
1.124909973144531250e+01
1.068999195098876953e+01
7.748451709747314453e+00
1.276879787445068359e+01
1.095392322540283203e+01
1.359545421600341797e+01
3.416980266571044922e+00
1.177884101867675781e+01
1.053969669342041016e+01
1.051938152313232422e+01
1.029184627532958984e+01
1.019001579284667969e+01
9.778615951538085938e+00
9.517749786376953125e+00
1.136588096618652344e+01
8.358068466186523438e+00
9.241692543029785156e+00
6.468891143798828125e+00
9.536829948425292969e+00
1.004994201660156250e+01
7.589308261871337891e+00
7.937847614288330078e+00
9.336650848388671875e+00
8.580790519714355469e+00
3.078318834304809570e+00
1.148459815979003906e+01
1.091788673400878906e+01
8.927485466003417969e+00
1.138455200195312500e+01
3.040285825729370117e+00
9.186443328857421875e+00
1.058392906188964844e+01
4.382517814636230469e+00
9.771582603454589844e+00
1.044396400451660156e+01
1.171166419982910156e+01
1.138146018981933594e+01
4.500156402587890625e+00
8.849430084228515625e+00
1.168294811248779297e+01
5.119928836822509766e+00
1.104958343505859375e+01
1.060190391540527344e+01
1.114063453674316406e+01
8.151404380798339844e+00
1.293931293487548828e+01
8.424899101257324219e+00
1.105575847625732422e+01
3.796280860900878906e+00
1.113683509826660156e+01
1.008368206024169922e+01
1.152196598052978516e+01
6.621428966522216797e+00
1.418633556365966797e+01
8.747717857360839844e+00
1.324868392944335938e+01
4.116780281066894531e+00
1.071033191680908203e+01
1.007863616943359375e+01
1.168665027618408203e+01
1.136342334747314453e+01
1.068745994567871094e+01
7.056832313537597656e+00
1.382940196990966797e+01
7.120406627655029297e+00
8.914970397949218750e+00
1.132168769836425781e+01
4.384496212005615234e+00
1.171312618255615234e+01
9.300086021423339844e+00
4.173521995544433594e+00
7.550595283508300781e+00
1.265991687774658203e+01
1.131856632232666016e+01
9.299434661865234375e+00
8.007532119750976562e+00
8.843790054321289062e+00
1.249964332580566406e+01
8.221100807189941406e+00
8.676747322082519531e+00
8.627568244934082031e+00
4.059988498687744141e+00
1.237640953063964844e+01
1.081420230865478516e+01
7.816967964172363281e+00
1.108451175689697266e+01
1.151386547088623047e+01
9.867754936218261719e+00
1.103921222686767578e+01
1.236290931701660156e+01
1.158894348144531250e+01
1.080778884887695312e+01
1.116234683990478516e+01
1.277438259124755859e+01
8.411267280578613281e+00
9.285204887390136719e+00
9.974318504333496094e+00
1.511079120635986328e+01
3.993158340454101562e+00
9.515827178955078125e+00
9.758867263793945312e+00
9.684753417968750000e+00
1.196466922760009766e+01
6.313691139221191406e+00
1.153898811340332031e+01
8.520365715026855469e+00
1.196994495391845703e+01
7.789329051971435547e+00
3.939761877059936523e+00
1.269955348968505859e+01
3.979656219482421875e+00
6.986954689025878906e+00
3.609292268753051758e+00
8.111687660217285156e+00
6.916379451751708984e+00
9.429076194763183594e+00
1.061127471923828125e+01
9.223472595214843750e+00
1.147839546203613281e+01
1.148095989227294922e+01
6.399514198303222656e+00
9.804455757141113281e+00
1.206873893737792969e+01
7.272669315338134766e+00
1.344457912445068359e+01
1.175382232666015625e+01
1.163554286956787109e+01
9.879887580871582031e+00
8.036345481872558594e+00
9.581685066223144531e+00
1.126227569580078125e+01
9.598952293395996094e+00
1.060936164855957031e+01
9.926434516906738281e+00
7.703530311584472656e+00
1.136025142669677734e+01
7.026203632354736328e+00
7.239951133728027344e+00
9.469190597534179688e+00
9.510623931884765625e+00
1.028527164459228516e+01
8.780874252319335938e+00
1.019026660919189453e+01
8.220404624938964844e+00
1.079987812042236328e+01
5.235310077667236328e+00
4.191413879394531250e+00
1.232098197937011719e+01
1.271921157836914062e+01
4.754927635192871094e+00
1.078753662109375000e+01
1.024235916137695312e+01
3.383048057556152344e+00
1.200757408142089844e+01
1.317193222045898438e+01
7.505911350250244141e+00
1.183600139617919922e+01
1.118009757995605469e+01
9.361644744873046875e+00
1.054807567596435547e+01
8.058348655700683594e+00
9.731437683105468750e+00
3.820799589157104492e+00
1.084613704681396484e+01
1.210049152374267578e+01
8.663521766662597656e+00
1.002984905242919922e+01
9.612109184265136719e+00
8.335820198059082031e+00
1.165716934204101562e+01
7.988084316253662109e+00
9.198529243469238281e+00
4.331620216369628906e+00
1.087432479858398438e+01
1.166233634948730469e+01
8.229667663574218750e+00
1.040684795379638672e+01
1.084408092498779297e+01
7.904248237609863281e+00
1.007708835601806641e+01
7.765232563018798828e+00
7.763811111450195312e+00
1.129240226745605469e+01
8.240801811218261719e+00
1.070581626892089844e+01
4.556694030761718750e+00
1.181431388854980469e+01
8.244446754455566406e+00
9.360987663269042969e+00
1.112470436096191406e+01
8.834137916564941406e+00
1.225293827056884766e+01
1.461389064788818359e+01
1.125624084472656250e+01
7.075710296630859375e+00
3.460788249969482422e+00
3.205329895019531250e+00
1.310894012451171875e+01
1.454100990295410156e+01
1.021990299224853516e+01
7.473814010620117188e+00
7.128665924072265625e+00
9.883646965026855469e+00
3.260491132736206055e+00
9.870440483093261719e+00
7.714334487915039062e+00
8.336177825927734375e+00
7.578629970550537109e+00
1.059625244140625000e+01
8.392571449279785156e+00
7.790265083312988281e+00
1.003126811981201172e+01
9.568785667419433594e+00
8.789505004882812500e+00
1.144280624389648438e+01
8.820126533508300781e+00
1.137538623809814453e+01
1.105990791320800781e+01
1.092962837219238281e+01
1.103966140747070312e+01
1.094380760192871094e+01
1.316577720642089844e+01
1.100571537017822266e+01
8.552951812744140625e+00
1.233941936492919922e+01
1.243975448608398438e+01
4.367148399353027344e+00
1.085488224029541016e+01
9.037353515625000000e+00
3.761444568634033203e+00
1.061890125274658203e+01
1.077554798126220703e+01
7.947192192077636719e+00
9.551357269287109375e+00
8.865649223327636719e+00
1.128990364074707031e+01
9.065672874450683594e+00
1.047336101531982422e+01
1.084467315673828125e+01
8.080741882324218750e+00
1.037995338439941406e+01
1.161520767211914062e+01
9.216274261474609375e+00
3.300432682037353516e+00
4.349109649658203125e+00
1.090396404266357422e+01
