7.493854045867919922e+00
7.999000072479248047e+00
1.026207256317138672e+01
9.994979858398437500e+00
4.588389873504638672e+00
1.200278091430664062e+01
1.002292823791503906e+01
4.419669151306152344e+00
1.037261390686035156e+01
1.008741188049316406e+01
1.140704727172851562e+01
1.118841075897216797e+01
1.410741233825683594e+01
1.075926685333251953e+01
1.099806690216064453e+01
4.690038681030273438e+00
1.210206127166748047e+01
7.472097873687744141e+00
1.066172027587890625e+01
9.362061500549316406e+00
1.065144157409667969e+01
9.762841224670410156e+00
1.335997962951660156e+01
1.150533485412597656e+01
4.580096721649169922e+00
1.254948711395263672e+01
9.248811721801757812e+00
1.200988006591796875e+01
9.222493171691894531e+00
8.510111808776855469e+00
1.104458522796630859e+01
1.258485317230224609e+01
1.024470424652099609e+01
4.759744167327880859e+00
1.531165599822998047e+01
1.084084701538085938e+01
1.123755168914794922e+01
1.177622509002685547e+01
9.644568443298339844e+00
1.037017536163330078e+01
1.254207420349121094e+01
1.231707191467285156e+01
1.016039657592773438e+01
1.002935600280761719e+01
1.224405479431152344e+01
4.689336776733398438e+00
1.163982295989990234e+01
7.824279308319091797e+00
1.138707160949707031e+01
1.403964805603027344e+01
8.838826179504394531e+00
1.047521114349365234e+01
5.541491985321044922e+00
1.141139507293701172e+01
1.370930290222167969e+01
1.110772418975830078e+01
4.904426097869873047e+00
1.133513259887695312e+01
4.075157165527343750e+00
1.036692523956298828e+01
7.352534294128417969e+00
7.710342407226562500e+00
8.842579841613769531e+00
7.528876781463623047e+00
1.030047035217285156e+01
7.778877735137939453e+00
1.354050731658935547e+01
8.252281188964843750e+00
1.199518013000488281e+01
4.356373786926269531e+00
1.148940181732177734e+01
4.182142734527587891e+00
6.927346229553222656e+00
8.090381622314453125e+00
1.103680706024169922e+01
1.093268394470214844e+01
1.153215599060058594e+01
7.007666587829589844e+00
1.061088371276855469e+01
1.260017681121826172e+01
8.262047767639160156e+00
1.137367725372314453e+01
1.225161266326904297e+01
1.021875000000000000e+01
1.431045436859130859e+01
9.361151695251464844e+00
3.665389537811279297e+00
1.180610179901123047e+01
1.175256443023681641e+01
1.158566856384277344e+01
1.198133945465087891e+01
8.533603668212890625e+00
1.008899116516113281e+01
1.244671821594238281e+01
9.656901359558105469e+00
1.340266895294189453e+01
1.208626747131347656e+01
3.797504186630249023e+00
3.500790119171142578e+00
8.733934402465820312e+00
1.153211402893066406e+01
4.306089878082275391e+00
8.378765106201171875e+00
8.634104728698730469e+00
1.334157848358154297e+01
9.569470405578613281e+00
1.171846389770507812e+01
1.367304801940917969e+01
1.023641204833984375e+01
1.080411148071289062e+01
9.939204216003417969e+00
1.048171329498291016e+01
9.962417602539062500e+00
7.928988933563232422e+00
7.557423591613769531e+00
9.097011566162109375e+00
1.312437152862548828e+01
7.788104534149169922e+00
1.103879928588867188e+01
1.405188179016113281e+01
1.167628288269042969e+01
1.180965995788574219e+01
1.099175643920898438e+01
1.115643501281738281e+01
8.052373886108398438e+00
1.236500644683837891e+01
1.060288906097412109e+01
1.298798179626464844e+01
9.665635108947753906e+00
1.366163158416748047e+01
1.174106693267822266e+01
1.024160861968994141e+01
4.359825134277343750e+00
1.158179187774658203e+01
1.093365383148193359e+01
1.195122241973876953e+01
1.354590606689453125e+01
1.001425838470458984e+01
1.310215282440185547e+01
8.754631042480468750e+00
4.370182991027832031e+00
8.669793128967285156e+00
5.091440677642822266e+00
8.409127235412597656e+00
1.261012744903564453e+01
8.261467933654785156e+00
1.244054794311523438e+01
3.823254108428955078e+00
4.203211784362792969e+00
1.251413726806640625e+01
1.150744628906250000e+01
1.257663249969482422e+01
1.331242465972900391e+01
4.176888465881347656e+00
1.035443592071533203e+01
1.091759014129638672e+01
1.021090316772460938e+01
9.744914054870605469e+00
1.465387058258056641e+01
1.186902236938476562e+01
1.314254283905029297e+01
1.091495990753173828e+01
1.057791519165039062e+01
1.153837680816650391e+01
1.064871883392333984e+01
7.974118232727050781e+00
1.029137992858886719e+01
8.375508308410644531e+00
1.205134487152099609e+01
1.298041439056396484e+01
9.207368850708007812e+00
1.027073097229003906e+01
9.765068054199218750e+00
1.091700553894042969e+01
1.052261447906494141e+01
1.135747051239013672e+01
1.343837451934814453e+01
9.131763458251953125e+00
3.551261425018310547e+00
1.025010395050048828e+01
1.106316471099853516e+01
4.816829204559326172e+00
1.157315731048583984e+01
1.455242156982421875e+01
1.098939704895019531e+01
9.416342735290527344e+00
9.921243667602539062e+00
9.840342521667480469e+00
1.395930099487304688e+01
1.134706211090087891e+01
3.641387224197387695e+00
9.483274459838867188e+00
1.017221736907958984e+01
9.843693733215332031e+00
1.415537929534912109e+01
9.279333114624023438e+00
4.134828567504882812e+00
8.104188919067382812e+00
1.298106479644775391e+01
1.066685199737548828e+01
1.018093013763427734e+01
4.326718330383300781e+00
1.161670112609863281e+01
1.325350761413574219e+01
8.274609565734863281e+00
1.232759571075439453e+01
1.258754253387451172e+01
1.232862091064453125e+01
1.406888484954833984e+01
8.706225395202636719e+00
3.234312534332275391e+00
8.449770927429199219e+00
1.298272800445556641e+01
1.131680393218994141e+01
7.617709636688232422e+00
1.020142269134521484e+01
1.300749683380126953e+01
1.223524188995361328e+01
9.969448089599609375e+00
4.677870750427246094e+00
4.017011165618896484e+00
1.319023418426513672e+01
7.894171714782714844e+00
1.254167461395263672e+01
1.511966896057128906e+01
9.038963317871093750e+00
9.218235969543457031e+00
1.245074558258056641e+01
1.136297130584716797e+01
7.673579216003417969e+00
1.249116134643554688e+01
6.851994514465332031e+00
7.352915287017822266e+00
1.164510726928710938e+01
1.121348667144775391e+01
9.730909347534179688e+00
1.212964057922363281e+01
9.941281318664550781e+00
8.170583724975585938e+00
7.737126827239990234e+00
1.098085117340087891e+01
1.160221576690673828e+01
1.074841213226318359e+01
8.314313888549804688e+00
9.552178382873535156e+00
1.020349597930908203e+01
1.061191558837890625e+01
1.224531745910644531e+01
4.362286567687988281e+00
1.060202980041503906e+01
