1.019452762603759766e+01
1.060287094116210938e+01
1.040363788604736328e+01
1.136734676361083984e+01
5.715043067932128906e+00
5.481971263885498047e+00
8.825489044189453125e+00
8.575013160705566406e+00
1.188001441955566406e+01
1.001566696166992188e+01
1.206720352172851562e+01
1.052308273315429688e+01
1.282087421417236328e+01
1.263785457611083984e+01
1.139682960510253906e+01
1.164589691162109375e+01
7.795305252075195312e+00
8.393872261047363281e+00
1.162082767486572266e+01
1.026301383972167969e+01
1.006776809692382812e+01
8.859760284423828125e+00
9.560537338256835938e+00
1.256705856323242188e+01
1.112059307098388672e+01
9.366059303283691406e+00
1.180884552001953125e+01
1.109507846832275391e+01
8.990127563476562500e+00
1.221451377868652344e+01
4.723633289337158203e+00
9.560665130615234375e+00
1.021715164184570312e+01
7.676447868347167969e+00
8.308633804321289062e+00
9.463472366333007812e+00
1.036398124694824219e+01
9.869624137878417969e+00
9.329783439636230469e+00
1.063334846496582031e+01
4.998245239257812500e+00
3.820960521697998047e+00
9.114765167236328125e+00
1.107770347595214844e+01
1.145209217071533203e+01
3.344203710556030273e+00
1.344200325012207031e+01
1.080875873565673828e+01
1.123449897766113281e+01
9.581062316894531250e+00
1.173230838775634766e+01
1.212351703643798828e+01
4.115809440612792969e+00
4.739014148712158203e+00
1.000880527496337891e+01
1.107249927520751953e+01
1.065763187408447266e+01
8.833684921264648438e+00
3.649301528930664062e+00
7.401844024658203125e+00
1.232162380218505859e+01
7.712895393371582031e+00
9.699272155761718750e+00
1.172201728820800781e+01
8.245558738708496094e+00
1.123752975463867188e+01
1.178508281707763672e+01
1.269754600524902344e+01
9.656252861022949219e+00
1.179908752441406250e+01
1.036223030090332031e+01
1.220746994018554688e+01
1.243614387512207031e+01
1.237535190582275391e+01
1.108201122283935547e+01
1.178974628448486328e+01
1.146435356140136719e+01
9.313899993896484375e+00
1.161513042449951172e+01
7.628768920898437500e+00
1.093222045898437500e+01
1.050146293640136719e+01
1.104743385314941406e+01
5.480714321136474609e+00
8.357477188110351562e+00
1.206283664703369141e+01
1.177503871917724609e+01
1.284090614318847656e+01
1.078424835205078125e+01
9.933766365051269531e+00
5.963364124298095703e+00
1.087017250061035156e+01
3.772508382797241211e+00
9.679038047790527344e+00
1.061687946319580078e+01
8.929118156433105469e+00
8.104932785034179688e+00
1.413269519805908203e+01
4.252947807312011719e+00
1.167509078979492188e+01
1.450484371185302734e+01
1.201019477844238281e+01
1.087788009643554688e+01
5.560739994049072266e+00
8.461557388305664062e+00
1.271187686920166016e+01
9.645320892333984375e+00
9.596196174621582031e+00
9.784105300903320312e+00
9.980514526367187500e+00
6.472859859466552734e+00
1.199723720550537109e+01
1.112924575805664062e+01
8.993735313415527344e+00
9.206467628479003906e+00
8.414805412292480469e+00
9.101716995239257812e+00
1.172344589233398438e+01
1.254314613342285156e+01
6.042901992797851562e+00
1.267323589324951172e+01
1.130364799499511719e+01
1.367629528045654297e+01
1.233284473419189453e+01
8.493328094482421875e+00
9.796448707580566406e+00
1.076447677612304688e+01
1.180555248260498047e+01
9.207920074462890625e+00
8.981689453125000000e+00
9.389120101928710938e+00
8.054771423339843750e+00
4.311243534088134766e+00
1.000678253173828125e+01
1.149136352539062500e+01
1.299582481384277344e+01
1.548862838745117188e+01
8.044807434082031250e+00
1.299698257446289062e+01
1.110855197906494141e+01
4.992667198181152344e+00
1.315794467926025391e+01
1.369960117340087891e+01
9.249853134155273438e+00
1.009802913665771484e+01
1.117837238311767578e+01
3.652991056442260742e+00
1.248312854766845703e+01
1.148424339294433594e+01
5.548679828643798828e+00
1.147292709350585938e+01
1.030526828765869141e+01
7.926300048828125000e+00
1.338334465026855469e+01
3.987377405166625977e+00
8.971722602844238281e+00
1.252096080780029297e+01
1.133187007904052734e+01
1.107709217071533203e+01
8.985459327697753906e+00
9.905479431152343750e+00
1.033320522308349609e+01
9.654627799987792969e+00
4.196620941162109375e+00
1.037409305572509766e+01
9.997612953186035156e+00
9.727706909179687500e+00
7.012909889221191406e+00
1.020626068115234375e+01
1.129099655151367188e+01
8.913745880126953125e+00
1.257454967498779297e+01
1.294818592071533203e+01
9.647154808044433594e+00
1.021296977996826172e+01
1.298547172546386719e+01
1.099402999877929688e+01
8.358532905578613281e+00
1.312781810760498047e+01
1.145858192443847656e+01
9.330501556396484375e+00
9.000679016113281250e+00
8.384662628173828125e+00
8.903529167175292969e+00
1.531057548522949219e+01
1.107074832916259766e+01
1.032310962677001953e+01
1.099816417694091797e+01
9.495775222778320312e+00
1.101904106140136719e+01
1.525389957427978516e+01
1.467940521240234375e+01
7.904361248016357422e+00
9.241582870483398438e+00
5.169330120086669922e+00
7.738144397735595703e+00
7.524029731750488281e+00
9.237530708312988281e+00
1.080982017517089844e+01
1.145815277099609375e+01
7.651695251464843750e+00
8.254156112670898438e+00
1.249114608764648438e+01
1.099767494201660156e+01
1.160362720489501953e+01
1.031147098541259766e+01
1.271349811553955078e+01
1.132301616668701172e+01
1.321636104583740234e+01
1.030888748168945312e+01
1.083357048034667969e+01
1.348086643218994141e+01
8.074863433837890625e+00
1.042231845855712891e+01
1.109572505950927734e+01
1.019663143157958984e+01
1.010521221160888672e+01
9.436119079589843750e+00
1.147503852844238281e+01
1.001977634429931641e+01
4.582822322845458984e+00
1.068030548095703125e+01
1.178248119354248047e+01
5.317560195922851562e+00
1.280802059173583984e+01
9.755841255187988281e+00
9.780829429626464844e+00
4.050120353698730469e+00
1.235091781616210938e+01
8.111203193664550781e+00
7.854611396789550781e+00
1.224812126159667969e+01
1.094298648834228516e+01
1.207430744171142578e+01
9.528304100036621094e+00
1.063684749603271484e+01
1.561920356750488281e+01
8.103525161743164062e+00
1.120794105529785156e+01
1.026617527008056641e+01
1.270660591125488281e+01
1.322281455993652344e+01
3.784141063690185547e+00
3.556921005249023438e+00
1.310708618164062500e+01
1.209876632690429688e+01
1.155191421508789062e+01
1.126378536224365234e+01
4.953635215759277344e+00
1.219873619079589844e+01
