3.365455389022827148e+00
1.096954154968261719e+01
7.495618820190429688e+00
1.435949325561523438e+01
1.206392002105712891e+01
1.183482074737548828e+01
9.341670036315917969e+00
1.237440299987792969e+01
1.433731269836425781e+01
1.156394672393798828e+01
9.768595695495605469e+00
3.256309747695922852e+00
1.275730514526367188e+01
7.493903636932373047e+00
7.882376670837402344e+00
1.043782138824462891e+01
6.735446453094482422e+00
1.004981708526611328e+01
1.035467338562011719e+01
1.099867057800292969e+01
8.786890029907226562e+00
6.883884906768798828e+00
1.000599670410156250e+01
1.189200592041015625e+01
9.402338027954101562e+00
1.001917457580566406e+01
1.109331035614013672e+01
1.116222858428955078e+01
7.449143409729003906e+00
6.722437858581542969e+00
4.290461063385009766e+00
9.805339813232421875e+00
1.270576572418212891e+01
6.437142372131347656e+00
1.033277606964111328e+01
1.087584686279296875e+01
1.092568683624267578e+01
3.416719198226928711e+00
9.633939743041992188e+00
8.753183364868164062e+00
9.506743431091308594e+00
3.643413782119750977e+00
6.137263774871826172e+00
1.227978420257568359e+01
1.096941184997558594e+01
1.153508663177490234e+01
1.307229042053222656e+01
1.075443172454833984e+01
7.488249301910400391e+00
1.161138820648193359e+01
9.588028907775878906e+00
8.030560493469238281e+00
1.245089340209960938e+01
1.526561927795410156e+01
4.324023246765136719e+00
3.402204513549804688e+00
9.907174110412597656e+00
1.084421443939208984e+01
1.021217441558837891e+01
1.005554389953613281e+01
8.812685012817382812e+00
1.066210746765136719e+01
1.008880805969238281e+01
6.902914047241210938e+00
1.116951465606689453e+01
1.142143058776855469e+01
4.179957866668701172e+00
1.145464134216308594e+01
9.370504379272460938e+00
1.123805618286132812e+01
9.843721389770507812e+00
1.111314010620117188e+01
1.185711765289306641e+01
3.154920578002929688e+00
6.819426059722900391e+00
1.178390598297119141e+01
1.228011226654052734e+01
9.942341804504394531e+00
1.040967559814453125e+01
1.134659385681152344e+01
8.859593391418457031e+00
9.939471244812011719e+00
1.163272762298583984e+01
3.872477054595947266e+00
8.497614860534667969e+00
1.256332969665527344e+01
9.000741004943847656e+00
1.271496868133544922e+01
1.115023612976074219e+01
7.307847023010253906e+00
9.471708297729492188e+00
9.235003471374511719e+00
3.898425817489624023e+00
6.987540245056152344e+00
1.519081020355224609e+01
9.919404983520507812e+00
9.561284065246582031e+00
8.393699645996093750e+00
1.032951927185058594e+01
3.392925262451171875e+00
9.643241882324218750e+00
8.532133102416992188e+00
8.585373878479003906e+00
9.275632858276367188e+00
1.618868446350097656e+01
8.269582748413085938e+00
8.565064430236816406e+00
9.198881149291992188e+00
8.088252067565917969e+00
1.191871261596679688e+01
1.427456378936767578e+01
1.065815353393554688e+01
1.040654659271240234e+01
1.391483974456787109e+01
1.158412837982177734e+01
1.086027622222900391e+01
1.039389419555664062e+01
1.259771156311035156e+01
9.843490600585937500e+00
8.643425941467285156e+00
3.558157444000244141e+00
3.372421264648437500e+00
1.573595809936523438e+01
1.454407405853271484e+01
1.023276615142822266e+01
1.263876247406005859e+01
1.107426548004150391e+01
8.657335281372070312e+00
1.250760364532470703e+01
1.299233913421630859e+01
1.331346511840820312e+01
1.063496208190917969e+01
1.039235877990722656e+01
1.013927745819091797e+01
1.353965473175048828e+01
1.061811351776123047e+01
7.205064773559570312e+00
3.406387567520141602e+00
9.148036956787109375e+00
1.144150257110595703e+01
1.296682071685791016e+01
3.184420108795166016e+00
1.050434684753417969e+01
1.072313117980957031e+01
1.007847404479980469e+01
9.026616096496582031e+00
3.945885419845581055e+00
1.065437316894531250e+01
8.882761001586914062e+00
3.473464965820312500e+00
1.018444919586181641e+01
1.373721694946289062e+01
1.075417041778564453e+01
1.400262546539306641e+01
4.544061183929443359e+00
1.003345108032226562e+01
1.178379726409912109e+01
1.044915199279785156e+01
4.868023872375488281e+00
1.366422843933105469e+01
1.299436759948730469e+01
1.512400722503662109e+01
1.584625434875488281e+01
1.086164093017578125e+01
9.926158905029296875e+00
8.436295509338378906e+00
9.136113166809082031e+00
1.038226318359375000e+01
1.144453525543212891e+01
4.050902366638183594e+00
1.085501861572265625e+01
1.220363616943359375e+01
1.090632438659667969e+01
9.937372207641601562e+00
8.330065727233886719e+00
9.742120742797851562e+00
1.077114963531494141e+01
1.169640827178955078e+01
1.151626014709472656e+01
9.364439964294433594e+00
6.369694232940673828e+00
1.169908809661865234e+01
9.432634353637695312e+00
1.196273899078369141e+01
9.791345596313476562e+00
8.438855171203613281e+00
1.259246158599853516e+01
9.917069435119628906e+00
1.129279994964599609e+01
5.068190097808837891e+00
8.771984100341796875e+00
1.198246383666992188e+01
1.150505161285400391e+01
1.152752780914306641e+01
1.133870887756347656e+01
9.599601745605468750e+00
1.527599811553955078e+01
9.259812355041503906e+00
8.817287445068359375e+00
1.191975498199462891e+01
7.052110195159912109e+00
7.749699115753173828e+00
1.013383483886718750e+01
1.276158142089843750e+01
1.206619548797607422e+01
9.522992134094238281e+00
1.287599468231201172e+01
1.051971435546875000e+01
1.252256488800048828e+01
9.777477264404296875e+00
9.495668411254882812e+00
9.606204032897949219e+00
7.897747516632080078e+00
1.239170360565185547e+01
1.131134605407714844e+01
9.556118965148925781e+00
4.468619823455810547e+00
1.258989429473876953e+01
9.828728675842285156e+00
9.645365715026855469e+00
1.330988788604736328e+01
1.121810150146484375e+01
1.135130977630615234e+01
1.212443637847900391e+01
9.380316734313964844e+00
1.213931179046630859e+01
1.630034637451171875e+01
1.261642646789550781e+01
1.078000926971435547e+01
1.355620193481445312e+01
5.768817901611328125e+00
1.008638763427734375e+01
9.509492874145507812e+00
1.044332504272460938e+01
1.095274162292480469e+01
1.038140773773193359e+01
8.804492950439453125e+00
1.185237407684326172e+01
1.007990837097167969e+01
1.325657749176025391e+01
1.381794929504394531e+01
9.332674026489257812e+00
1.150007820129394531e+01
1.064260292053222656e+01
8.601600646972656250e+00
1.296474647521972656e+01
1.493157291412353516e+01
1.445342826843261719e+01
1.136567974090576172e+01
1.253263664245605469e+01
