1.278769397735595703e+01
9.479157447814941406e+00
1.098571014404296875e+01
3.895513296127319336e+00
8.814956665039062500e+00
7.455098628997802734e+00
8.573352813720703125e+00
9.613542556762695312e+00
1.018747425079345703e+01
1.290605545043945312e+01
1.390436840057373047e+01
4.674799919128417969e+00
6.023575782775878906e+00
3.491262435913085938e+00
1.160451221466064453e+01
1.010465526580810547e+01
9.404363632202148438e+00
1.409547042846679688e+01
4.150116920471191406e+00
9.752858161926269531e+00
3.604789733886718750e+00
1.214767837524414062e+01
1.070887565612792969e+01
1.085816860198974609e+01
1.539601421356201172e+01
4.146661281585693359e+00
1.468313217163085938e+01
1.312033271789550781e+01
3.529315710067749023e+00
1.487950038909912109e+01
1.140561008453369141e+01
1.231251144409179688e+01
9.662910461425781250e+00
1.140381336212158203e+01
3.678239107131958008e+00
1.246665763854980469e+01
9.473879814147949219e+00
7.984772205352783203e+00
1.098299694061279297e+01
8.133027076721191406e+00
8.190933227539062500e+00
8.712759017944335938e+00
1.020654010772705078e+01
1.390779876708984375e+01
1.245486068725585938e+01
1.494974613189697266e+01
1.131552791595458984e+01
1.295722961425781250e+01
1.361904335021972656e+01
1.293668079376220703e+01
1.123357486724853516e+01
1.525019550323486328e+01
9.664823532104492188e+00
1.276557922363281250e+01
9.411242485046386719e+00
9.616246223449707031e+00
1.008047008514404297e+01
7.320643424987792969e+00
7.582448482513427734e+00
7.638314247131347656e+00
1.452989006042480469e+01
7.554097652435302734e+00
1.467320632934570312e+01
4.250647544860839844e+00
3.455869913101196289e+00
1.182638454437255859e+01
9.548738479614257812e+00
1.092449665069580078e+01
5.783717155456542969e+00
1.206745815277099609e+01
8.747320175170898438e+00
6.142789363861083984e+00
1.123263168334960938e+01
1.296333408355712891e+01
1.009638500213623047e+01
1.297752475738525391e+01
1.153399372100830078e+01
1.338778781890869141e+01
1.109471321105957031e+01
1.227643489837646484e+01
9.201949119567871094e+00
1.249276638031005859e+01
1.293018054962158203e+01
1.352314472198486328e+01
1.019303512573242188e+01
1.426264476776123047e+01
1.025434303283691406e+01
8.998636245727539062e+00
8.348683357238769531e+00
1.139441585540771484e+01
1.214680099487304688e+01
4.915939331054687500e+00
1.041547679901123047e+01
1.366381072998046875e+01
9.731924057006835938e+00
1.138794422149658203e+01
1.161170291900634766e+01
1.098080444335937500e+01
7.486059188842773438e+00
1.154675579071044922e+01
1.085022926330566406e+01
1.353092575073242188e+01
8.683568000793457031e+00
1.288309955596923828e+01
5.945874214172363281e+00
1.427406883239746094e+01
1.088050651550292969e+01
1.007776927947998047e+01
1.346698951721191406e+01
1.194132328033447266e+01
8.285991668701171875e+00
3.221038103103637695e+00
1.268103504180908203e+01
1.371048641204833984e+01
1.269142532348632812e+01
1.228403186798095703e+01
8.433338165283203125e+00
1.157567977905273438e+01
1.518501472473144531e+01
1.112951946258544922e+01
1.544956207275390625e+01
1.462517356872558594e+01
1.425916004180908203e+01
4.229531288146972656e+00
3.393623113632202148e+00
1.265129470825195312e+01
1.071220970153808594e+01
1.175999069213867188e+01
8.672939300537109375e+00
9.091992378234863281e+00
1.469528198242187500e+01
1.447622203826904297e+01
9.041976928710937500e+00
1.125452518463134766e+01
7.941179752349853516e+00
1.319552612304687500e+01
4.659965515136718750e+00
1.047552013397216797e+01
1.077944469451904297e+01
1.326268291473388672e+01
1.340058708190917969e+01
9.414084434509277344e+00
4.704123973846435547e+00
1.256369018554687500e+01
8.567682266235351562e+00
1.216718387603759766e+01
1.234124374389648438e+01
1.501369953155517578e+01
9.516502380371093750e+00
1.059449577331542969e+01
1.359412097930908203e+01
1.201224517822265625e+01
1.101845264434814453e+01
1.233881473541259766e+01
1.440065670013427734e+01
1.338395881652832031e+01
1.120546627044677734e+01
1.203490543365478516e+01
6.991306781768798828e+00
5.324005603790283203e+00
1.040838050842285156e+01
1.206942558288574219e+01
1.437849998474121094e+01
1.053523445129394531e+01
1.429224872589111328e+01
1.169675540924072266e+01
6.501052856445312500e+00
1.251719474792480469e+01
7.254363536834716797e+00
1.250050640106201172e+01
1.107596778869628906e+01
1.256666469573974609e+01
1.089714145660400391e+01
1.266103649139404297e+01
9.886329650878906250e+00
1.103516292572021484e+01
1.410564517974853516e+01
1.394597816467285156e+01
1.154161262512207031e+01
1.312053012847900391e+01
1.277957057952880859e+01
1.600769996643066406e+01
5.056622028350830078e+00
1.358541202545166016e+01
9.411182403564453125e+00
1.383573722839355469e+01
1.110125064849853516e+01
5.716431617736816406e+00
1.320040988922119141e+01
1.176178741455078125e+01
1.165224456787109375e+01
9.819683074951171875e+00
1.208699226379394531e+01
1.295903587341308594e+01
1.062436580657958984e+01
1.567651844024658203e+01
1.015144348144531250e+01
1.434555912017822266e+01
9.073600769042968750e+00
1.271179103851318359e+01
1.201236248016357422e+01
5.065051555633544922e+00
6.297335624694824219e+00
1.378641891479492188e+01
1.161597156524658203e+01
3.869052410125732422e+00
1.012242221832275391e+01
3.977970838546752930e+00
8.079227447509765625e+00
1.249190139770507812e+01
1.267021846771240234e+01
1.152439594268798828e+01
1.047589206695556641e+01
1.010121822357177734e+01
1.170115375518798828e+01
1.295423030853271484e+01
1.093948078155517578e+01
1.303856658935546875e+01
9.216227531433105469e+00
1.317067623138427734e+01
9.054469108581542969e+00
9.533942222595214844e+00
7.664294242858886719e+00
1.292725372314453125e+01
1.223765468597412109e+01
1.382349586486816406e+01
1.331129646301269531e+01
9.547217369079589844e+00
1.081420707702636719e+01
1.322460365295410156e+01
1.060228538513183594e+01
8.254249572753906250e+00
1.045316600799560547e+01
1.072466373443603516e+01
9.138096809387207031e+00
1.241187381744384766e+01
1.124649238586425781e+01
8.111305236816406250e+00
1.180830097198486328e+01
1.301160335540771484e+01
1.073629570007324219e+01
1.417344379425048828e+01
3.637059688568115234e+00
1.335301685333251953e+01
1.126039695739746094e+01
3.979694843292236328e+00
1.014949226379394531e+01
1.372173881530761719e+01
1.133427524566650391e+01
1.053696441650390625e+01
