1.152724552154541016e+01
1.326513004302978516e+01
1.247168636322021484e+01
1.069593238830566406e+01
9.906037330627441406e+00
8.135870933532714844e+00
1.236539745330810547e+01
9.505779266357421875e+00
1.001052284240722656e+01
8.221590995788574219e+00
1.114227771759033203e+01
3.672238826751708984e+00
8.954987525939941406e+00
1.134849643707275391e+01
8.802491188049316406e+00
9.913384437561035156e+00
1.426018047332763672e+01
1.167020416259765625e+01
1.583444404602050781e+01
3.123066186904907227e+00
1.249385261535644531e+01
7.894638538360595703e+00
9.550458908081054688e+00
1.114060115814208984e+01
7.907613277435302734e+00
1.095652866363525391e+01
7.124660491943359375e+00
1.438427925109863281e+01
1.337410259246826172e+01
3.434998512268066406e+00
1.043399333953857422e+01
3.710931301116943359e+00
1.206694698333740234e+01
8.616307258605957031e+00
1.147998714447021484e+01
1.039429950714111328e+01
8.857948303222656250e+00
1.168098258972167969e+01
1.387651729583740234e+01
9.530974388122558594e+00
1.033196067810058594e+01
9.760289192199707031e+00
7.358973979949951172e+00
8.279076576232910156e+00
1.252085876464843750e+01
1.132430171966552734e+01
1.007674121856689453e+01
9.194488525390625000e+00
1.277077674865722656e+01
1.092847156524658203e+01
8.602745056152343750e+00
9.552094459533691406e+00
1.198617458343505859e+01
1.013051891326904297e+01
1.585384654998779297e+01
3.567368984222412109e+00
9.788326263427734375e+00
1.260365581512451172e+01
8.776907920837402344e+00
1.004973793029785156e+01
1.154469871520996094e+01
9.584525108337402344e+00
1.017708683013916016e+01
1.307306861877441406e+01
1.063654327392578125e+01
7.902029514312744141e+00
9.918806076049804688e+00
8.871170997619628906e+00
1.145347785949707031e+01
1.143179702758789062e+01
9.235652923583984375e+00
9.146842956542968750e+00
1.235997867584228516e+01
3.997230529785156250e+00
9.605755805969238281e+00
1.045533180236816406e+01
5.161827087402343750e+00
9.784520149230957031e+00
1.446915912628173828e+01
9.300407409667968750e+00
1.257045173645019531e+01
8.462869644165039062e+00
1.154229831695556641e+01
7.763525485992431641e+00
9.866003036499023438e+00
8.741875648498535156e+00
1.202156257629394531e+01
1.102361774444580078e+01
1.068364620208740234e+01
1.035545158386230469e+01
3.999046564102172852e+00
1.023096275329589844e+01
1.222783374786376953e+01
8.588707923889160156e+00
1.069387817382812500e+01
9.200187683105468750e+00
1.071350669860839844e+01
7.693058013916015625e+00
8.974695205688476562e+00
8.642824172973632812e+00
9.316118240356445312e+00
1.323372745513916016e+01
9.955999374389648438e+00
4.719170570373535156e+00
4.876129627227783203e+00
1.134825229644775391e+01
1.236417770385742188e+01
1.239945983886718750e+01
1.213945579528808594e+01
1.211884307861328125e+01
1.399324703216552734e+01
8.330312728881835938e+00
1.205038738250732422e+01
1.292736625671386719e+01
8.952311515808105469e+00
1.330966663360595703e+01
9.431405067443847656e+00
9.957359313964843750e+00
1.131968212127685547e+01
6.213636398315429688e+00
1.084274196624755859e+01
1.184487056732177734e+01
9.595651626586914062e+00
1.295522022247314453e+01
1.069904232025146484e+01
1.082055377960205078e+01
9.336140632629394531e+00
1.127103042602539062e+01
8.554184913635253906e+00
8.293519020080566406e+00
1.063975811004638672e+01
8.418679237365722656e+00
1.001335525512695312e+01
1.276545047760009766e+01
8.954710006713867188e+00
7.569139480590820312e+00
1.283491230010986328e+01
9.290712356567382812e+00
9.041090011596679688e+00
5.228755474090576172e+00
1.294761276245117188e+01
1.191699886322021484e+01
1.428237247467041016e+01
1.222643756866455078e+01
1.151499462127685547e+01
8.844270706176757812e+00
4.724700927734375000e+00
1.241240692138671875e+01
9.936051368713378906e+00
9.777489662170410156e+00
4.838656425476074219e+00
1.157261180877685547e+01
1.135337924957275391e+01
1.214847755432128906e+01
1.181772136688232422e+01
7.249685287475585938e+00
1.273906898498535156e+01
8.020898818969726562e+00
9.861550331115722656e+00
7.762233734130859375e+00
1.158708286285400391e+01
9.028353691101074219e+00
8.128566741943359375e+00
8.315227508544921875e+00
7.974199295043945312e+00
1.170218181610107422e+01
8.930874824523925781e+00
1.007265567779541016e+01
6.798041343688964844e+00
1.378641986846923828e+01
8.682809829711914062e+00
1.458367156982421875e+01
1.038082313537597656e+01
1.037523174285888672e+01
7.179131507873535156e+00
1.157521629333496094e+01
9.300307273864746094e+00
9.141055107116699219e+00
8.750864028930664062e+00
1.274555397033691406e+01
1.164138507843017578e+01
1.225287342071533203e+01
1.104230785369873047e+01
1.197795009613037109e+01
7.377366065979003906e+00
9.382437705993652344e+00
1.020708274841308594e+01
1.037188148498535156e+01
1.423054409027099609e+01
1.381788921356201172e+01
9.020037651062011719e+00
1.001661109924316406e+01
9.177449226379394531e+00
5.911946773529052734e+00
1.019866943359375000e+01
6.160358428955078125e+00
1.258154869079589844e+01
1.175725078582763672e+01
9.739026069641113281e+00
1.044558048248291016e+01
1.450601577758789062e+01
1.082808494567871094e+01
8.781452178955078125e+00
1.114658832550048828e+01
1.302029609680175781e+01
8.504619598388671875e+00
8.983128547668457031e+00
1.341703605651855469e+01
1.122363185882568359e+01
6.160343647003173828e+00
3.644105911254882812e+00
1.156654834747314453e+01
1.110920238494873047e+01
8.839866638183593750e+00
8.205039024353027344e+00
1.326184654235839844e+01
1.305102825164794922e+01
1.271822261810302734e+01
1.050903701782226562e+01
8.334472656250000000e+00
1.111182403564453125e+01
8.457829475402832031e+00
3.651829004287719727e+00
9.937117576599121094e+00
8.600102424621582031e+00
1.011691474914550781e+01
6.318278789520263672e+00
7.390103816986083984e+00
1.067439270019531250e+01
1.384312248229980469e+01
1.341660785675048828e+01
9.698377609252929688e+00
8.988327980041503906e+00
1.274376773834228516e+01
1.071621131896972656e+01
1.090462398529052734e+01
6.417023658752441406e+00
6.834217548370361328e+00
4.894721031188964844e+00
1.144676017761230469e+01
6.967394828796386719e+00
9.818531036376953125e+00
8.990784645080566406e+00
1.081221961975097656e+01
1.022609138488769531e+01
1.309922218322753906e+01
9.535390853881835938e+00
4.293355941772460938e+00
4.350001335144042969e+00
6.396903991699218750e+00
