1.012617111206054688e+01
9.766050338745117188e+00
1.052847099304199219e+01
1.191531276702880859e+01
7.272149085998535156e+00
1.168840312957763672e+01
8.976805686950683594e+00
1.034609699249267578e+01
9.362032890319824219e+00
8.780097007751464844e+00
1.098944950103759766e+01
9.268797874450683594e+00
1.049185276031494141e+01
7.515505313873291016e+00
7.815299987792968750e+00
9.851639747619628906e+00
8.398744583129882812e+00
4.050515174865722656e+00
7.060858249664306641e+00
3.229001760482788086e+00
7.420983791351318359e+00
3.684254646301269531e+00
8.528761863708496094e+00
3.669406890869140625e+00
7.669670104980468750e+00
1.182202720642089844e+01
7.747145652770996094e+00
3.676457643508911133e+00
9.026807785034179688e+00
1.031304836273193359e+01
3.293763160705566406e+00
9.901232719421386719e+00
1.052281665802001953e+01
7.506947994232177734e+00
9.803975105285644531e+00
1.259348297119140625e+01
1.171658611297607422e+01
1.086135196685791016e+01
1.048542690277099609e+01
1.117214965820312500e+01
7.726696491241455078e+00
9.144442558288574219e+00
9.874348640441894531e+00
1.007664585113525391e+01
1.146004486083984375e+01
3.088832139968872070e+00
1.070917129516601562e+01
8.330733299255371094e+00
1.105503177642822266e+01
8.642951965332031250e+00
1.154020595550537109e+01
9.306879997253417969e+00
7.908861637115478516e+00
1.157438755035400391e+01
8.751001358032226562e+00
1.169018459320068359e+01
1.086516857147216797e+01
1.119081592559814453e+01
1.005573081970214844e+01
3.034827947616577148e+00
1.189189052581787109e+01
9.096802711486816406e+00
1.010289573669433594e+01
1.180426502227783203e+01
7.042429924011230469e+00
1.053915500640869141e+01
9.936029434204101562e+00
8.337354660034179688e+00
1.143971538543701172e+01
9.854321479797363281e+00
8.217332839965820312e+00
3.285366535186767578e+00
1.229388523101806641e+01
7.340145587921142578e+00
1.140736579895019531e+01
1.064442348480224609e+01
1.154684829711914062e+01
1.210455036163330078e+01
8.743343353271484375e+00
1.111711311340332031e+01
1.112944221496582031e+01
1.020804500579833984e+01
8.463900566101074219e+00
9.252213478088378906e+00
1.074139595031738281e+01
9.353966712951660156e+00
3.348064422607421875e+00
1.045205783843994141e+01
1.206533050537109375e+01
9.778495788574218750e+00
1.178583431243896484e+01
9.279565811157226562e+00
8.279003143310546875e+00
1.318116378784179688e+01
7.467408180236816406e+00
1.051682758331298828e+01
3.636248111724853516e+00
1.187128162384033203e+01
1.237241935729980469e+01
9.727963447570800781e+00
1.100019168853759766e+01
9.277887344360351562e+00
6.664262294769287109e+00
1.298719120025634766e+01
1.009636306762695312e+01
1.115960502624511719e+01
4.918266296386718750e+00
1.040148735046386719e+01
1.154021358489990234e+01
1.319142627716064453e+01
1.021334362030029297e+01
9.664791107177734375e+00
1.099981212615966797e+01
1.009004306793212891e+01
8.713404655456542969e+00
1.162978076934814453e+01
3.995953321456909180e+00
8.804773330688476562e+00
1.079335689544677734e+01
4.364224910736083984e+00
9.444124221801757812e+00
1.076733303070068359e+01
1.151909065246582031e+01
1.190437316894531250e+01
1.159184074401855469e+01
4.304860591888427734e+00
9.703346252441406250e+00
1.283430671691894531e+01
1.235318756103515625e+01
8.619283676147460938e+00
1.007351398468017578e+01
1.100399398803710938e+01
9.471678733825683594e+00
9.254919052124023438e+00
9.155336380004882812e+00
1.148100280761718750e+01
1.233435535430908203e+01
9.770110130310058594e+00
8.835098266601562500e+00
8.869371414184570312e+00
1.054306125640869141e+01
1.247540283203125000e+01
1.077925014495849609e+01
1.214380645751953125e+01
9.688256263732910156e+00
5.246056079864501953e+00
9.510611534118652344e+00
1.025515270233154297e+01
1.179673004150390625e+01
1.077708435058593750e+01
9.394772529602050781e+00
1.165073108673095703e+01
1.492173957824707031e+01
1.199305438995361328e+01
1.136300086975097656e+01
1.183581924438476562e+01
1.078608512878417969e+01
1.384852409362792969e+01
6.550541400909423828e+00
1.063602828979492188e+01
1.132146930694580078e+01
8.865222930908203125e+00
9.662305831909179688e+00
1.087917709350585938e+01
1.106513023376464844e+01
7.462393283843994141e+00
1.189343643188476562e+01
9.550568580627441406e+00
9.170495033264160156e+00
1.565521812438964844e+01
1.441234874725341797e+01
4.694791316986083984e+00
1.331742763519287109e+01
9.377690315246582031e+00
1.241837501525878906e+01
1.270982837677001953e+01
1.131386184692382812e+01
1.272343540191650391e+01
1.256309986114501953e+01
1.293597984313964844e+01
1.136688137054443359e+01
1.467797088623046875e+01
8.709159851074218750e+00
1.011960506439208984e+01
1.325086212158203125e+01
1.143286323547363281e+01
4.242021083831787109e+00
9.860939025878906250e+00
4.685209751129150391e+00
1.008972835540771484e+01
1.059245586395263672e+01
1.079588127136230469e+01
4.214268684387207031e+00
1.263181972503662109e+01
4.459704875946044922e+00
9.278829574584960938e+00
9.075665473937988281e+00
4.090148925781250000e+00
1.276848697662353516e+01
9.550525665283203125e+00
9.543287277221679688e+00
1.339930438995361328e+01
8.229200363159179688e+00
8.509214401245117188e+00
1.039258003234863281e+01
3.755183935165405273e+00
1.241291618347167969e+01
1.075406551361083984e+01
9.553774833679199219e+00
7.331273555755615234e+00
7.534393787384033203e+00
1.037619876861572266e+01
1.145921611785888672e+01
4.439874172210693359e+00
1.155269050598144531e+01
1.128985214233398438e+01
9.073574066162109375e+00
8.428610801696777344e+00
1.202241897583007812e+01
1.358703994750976562e+01
1.251972293853759766e+01
1.329839229583740234e+01
8.994458198547363281e+00
8.287487983703613281e+00
1.030047607421875000e+01
1.236591148376464844e+01
1.380176639556884766e+01
8.310602188110351562e+00
4.917847156524658203e+00
1.108150863647460938e+01
1.021786308288574219e+01
1.429850578308105469e+01
1.177056598663330078e+01
7.167632579803466797e+00
1.108951377868652344e+01
1.184210586547851562e+01
9.052509307861328125e+00
9.843190193176269531e+00
4.761947154998779297e+00
8.063530921936035156e+00
9.090158462524414062e+00
9.606403350830078125e+00
1.332106685638427734e+01
9.343451499938964844e+00
1.124862575531005859e+01
8.907441139221191406e+00
8.898290634155273438e+00
1.423910331726074219e+01
8.864365577697753906e+00
6.885292530059814453e+00
