9.371238708496093750e+00
9.443027496337890625e+00
1.002935791015625000e+01
1.355019283294677734e+01
5.323173999786376953e+00
1.218142795562744141e+01
7.417318820953369141e+00
1.190192127227783203e+01
1.341230297088623047e+01
1.124866771697998047e+01
1.378196239471435547e+01
1.397404956817626953e+01
6.898091793060302734e+00
1.557964515686035156e+01
1.169900321960449219e+01
1.190897655487060547e+01
1.100769996643066406e+01
5.608111858367919922e+00
3.746565818786621094e+00
1.053716945648193359e+01
1.134146404266357422e+01
9.605400085449218750e+00
1.235917854309082031e+01
1.278874969482421875e+01
1.246767044067382812e+01
1.142173290252685547e+01
9.287712097167968750e+00
1.132350826263427734e+01
8.790932655334472656e+00
1.587804794311523438e+01
8.497817993164062500e+00
1.367567443847656250e+01
3.935223102569580078e+00
1.262058734893798828e+01
1.274750423431396484e+01
1.118799591064453125e+01
1.008954334259033203e+01
1.195860099792480469e+01
1.028790855407714844e+01
1.168641948699951172e+01
3.822505712509155273e+00
1.141702461242675781e+01
1.083022880554199219e+01
8.591372489929199219e+00
1.343303298950195312e+01
4.422931671142578125e+00
1.058303737640380859e+01
1.241079521179199219e+01
1.126018047332763672e+01
1.202795886993408203e+01
1.746056175231933594e+01
1.587412452697753906e+01
1.057438850402832031e+01
4.282719135284423828e+00
1.104909896850585938e+01
1.023020744323730469e+01
1.098134136199951172e+01
9.062088966369628906e+00
1.246501064300537109e+01
1.007737541198730469e+01
9.224526405334472656e+00
1.031458377838134766e+01
1.345275115966796875e+01
1.353706836700439453e+01
9.608844757080078125e+00
1.010311794281005859e+01
4.632008552551269531e+00
1.076765346527099609e+01
1.237817668914794922e+01
1.183952236175537109e+01
3.737705469131469727e+00
1.062799835205078125e+01
9.964201927185058594e+00
8.998850822448730469e+00
8.673166275024414062e+00
1.258697223663330078e+01
1.413754940032958984e+01
7.773949623107910156e+00
6.951183795928955078e+00
1.053907299041748047e+01
1.102038383483886719e+01
1.063409996032714844e+01
1.146565246582031250e+01
9.301758766174316406e+00
8.847507476806640625e+00
8.072047233581542969e+00
1.557742595672607422e+01
1.125395870208740234e+01
1.343180751800537109e+01
8.479613304138183594e+00
1.155309391021728516e+01
1.233463478088378906e+01
1.152991580963134766e+01
1.083869552612304688e+01
9.844672203063964844e+00
1.479502010345458984e+01
1.063402748107910156e+01
1.001559448242187500e+01
1.197985458374023438e+01
1.329440784454345703e+01
1.010904312133789062e+01
1.198882007598876953e+01
1.277254199981689453e+01
1.129169368743896484e+01
1.133324146270751953e+01
4.385800838470458984e+00
9.308670997619628906e+00
8.252787590026855469e+00
3.393623113632202148e+00
1.111360359191894531e+01
9.318917274475097656e+00
4.991520881652832031e+00
9.825610160827636719e+00
9.132544517517089844e+00
1.248074340820312500e+01
8.763936996459960938e+00
1.160043716430664062e+01
1.278410243988037109e+01
1.354536819458007812e+01
1.043943881988525391e+01
8.649696350097656250e+00
9.875179290771484375e+00
9.877730369567871094e+00
1.016063785552978516e+01
1.009282207489013672e+01
1.104124069213867188e+01
1.344099521636962891e+01
1.145448207855224609e+01
1.032321548461914062e+01
8.534660339355468750e+00
9.851164817810058594e+00
1.309081840515136719e+01
1.248584175109863281e+01
1.149474620819091797e+01
1.203039073944091797e+01
1.308269214630126953e+01
1.098751354217529297e+01
1.506030464172363281e+01
1.200238895416259766e+01
1.434672737121582031e+01
9.868450164794921875e+00
1.142121028900146484e+01
8.675024032592773438e+00
4.239344596862792969e+00
1.150103759765625000e+01
9.384078979492187500e+00
9.547582626342773438e+00
1.263815593719482422e+01
1.204360866546630859e+01
1.177209949493408203e+01
4.000430583953857422e+00
7.880015373229980469e+00
1.020104026794433594e+01
1.179755687713623047e+01
1.245715904235839844e+01
9.915575027465820312e+00
1.227862739562988281e+01
4.238459110260009766e+00
9.786047935485839844e+00
4.259617805480957031e+00
9.419189453125000000e+00
1.444375896453857422e+01
1.408822917938232422e+01
1.133518791198730469e+01
8.610636711120605469e+00
1.123785972595214844e+01
9.675536155700683594e+00
1.304596996307373047e+01
1.181202983856201172e+01
1.273086929321289062e+01
1.167376041412353516e+01
5.789319038391113281e+00
8.411822319030761719e+00
1.284713745117187500e+01
9.958356857299804688e+00
1.204462814331054688e+01
4.287219524383544922e+00
3.836328506469726562e+00
1.012563896179199219e+01
1.115927410125732422e+01
1.347768688201904297e+01
4.936138153076171875e+00
9.912872314453125000e+00
1.226100921630859375e+01
8.052373886108398438e+00
1.273264980316162109e+01
9.936870574951171875e+00
1.009754276275634766e+01
1.155281066894531250e+01
1.154820156097412109e+01
1.038567066192626953e+01
5.658121109008789062e+00
1.248502731323242188e+01
1.193125534057617188e+01
1.340018367767333984e+01
1.144610595703125000e+01
1.234097003936767578e+01
1.117725181579589844e+01
1.096431350708007812e+01
9.698681831359863281e+00
8.740911483764648438e+00
9.760293006896972656e+00
9.505910873413085938e+00
1.236450767517089844e+01
1.478407287597656250e+01
4.993011474609375000e+00
9.943542480468750000e+00
1.254890727996826172e+01
1.172384357452392578e+01
1.025189304351806641e+01
9.184628486633300781e+00
7.986551761627197266e+00
6.631584644317626953e+00
1.352559947967529297e+01
1.318213176727294922e+01
1.189162158966064453e+01
1.077209663391113281e+01
9.727361679077148438e+00
1.271801376342773438e+01
8.134539604187011719e+00
1.182436656951904297e+01
9.233811378479003906e+00
1.339825725555419922e+01
8.087442398071289062e+00
4.097392082214355469e+00
1.177043437957763672e+01
1.112471771240234375e+01
1.179369735717773438e+01
1.298320484161376953e+01
1.170315074920654297e+01
7.954615592956542969e+00
1.135027503967285156e+01
1.569680213928222656e+01
1.173382663726806641e+01
9.500988960266113281e+00
1.202933692932128906e+01
8.327052116394042969e+00
1.169372844696044922e+01
1.069247150421142578e+01
5.073552131652832031e+00
8.566594123840332031e+00
1.252341938018798828e+01
8.684007644653320312e+00
1.328487110137939453e+01
4.401034355163574219e+00
1.259132099151611328e+01
3.648643970489501953e+00
1.019713783264160156e+01
1.142574977874755859e+01
4.973581790924072266e+00
