9.145999908447265625e+00
9.677033424377441406e+00
1.044276809692382812e+01
7.752301692962646484e+00
1.096769618988037109e+01
1.070769500732421875e+01
8.981686592102050781e+00
1.006424522399902344e+01
9.804357528686523438e+00
9.019154548645019531e+00
9.557370185852050781e+00
3.862400770187377930e+00
9.862170219421386719e+00
1.329648494720458984e+01
1.391866779327392578e+01
9.240500450134277344e+00
1.334705448150634766e+01
1.033229160308837891e+01
1.217814159393310547e+01
1.107584571838378906e+01
9.183871269226074219e+00
1.157359027862548828e+01
1.320830249786376953e+01
1.020467758178710938e+01
1.148225402832031250e+01
3.477951526641845703e+00
1.122551631927490234e+01
1.151937580108642578e+01
3.863810062408447266e+00
1.038370704650878906e+01
3.391664981842041016e+00
1.225992298126220703e+01
9.099263191223144531e+00
1.043246459960937500e+01
1.077211189270019531e+01
3.090275764465332031e+00
9.253616333007812500e+00
9.613360404968261719e+00
1.075948619842529297e+01
8.377780914306640625e+00
1.163442611694335938e+01
1.028645038604736328e+01
6.620327949523925781e+00
1.262823963165283203e+01
9.953877449035644531e+00
8.942214965820312500e+00
6.968079090118408203e+00
3.405041694641113281e+00
1.123438453674316406e+01
1.150155067443847656e+01
1.220635795593261719e+01
1.233802986145019531e+01
1.045438194274902344e+01
9.815576553344726562e+00
9.584672927856445312e+00
1.122736549377441406e+01
1.236518096923828125e+01
1.064788150787353516e+01
1.417833614349365234e+01
8.444804191589355469e+00
1.089343166351318359e+01
8.047678947448730469e+00
1.337456989288330078e+01
3.988210201263427734e+00
1.036574077606201172e+01
1.124092864990234375e+01
3.607433795928955078e+00
1.151665115356445312e+01
1.165732574462890625e+01
9.806085586547851562e+00
1.329234218597412109e+01
1.226362228393554688e+01
9.262209892272949219e+00
9.200909614562988281e+00
1.116283512115478516e+01
6.652367591857910156e+00
1.242689514160156250e+01
1.072755050659179688e+01
9.968504905700683594e+00
3.830061674118041992e+00
4.187214374542236328e+00
1.294237041473388672e+01
1.153377056121826172e+01
1.241628074645996094e+01
6.731874942779541016e+00
8.843168258666992188e+00
8.149785995483398438e+00
1.534978294372558594e+01
1.118718147277832031e+01
9.511749267578125000e+00
8.848814010620117188e+00
8.971698760986328125e+00
8.158740997314453125e+00
8.239897727966308594e+00
9.972405433654785156e+00
8.066650390625000000e+00
8.412593841552734375e+00
8.510161399841308594e+00
1.370127487182617188e+01
3.271772861480712891e+00
8.162705421447753906e+00
8.487959861755371094e+00
1.036044692993164062e+01
1.101581192016601562e+01
9.811118125915527344e+00
3.158107280731201172e+00
1.011845302581787109e+01
8.536875724792480469e+00
9.100331306457519531e+00
1.157806396484375000e+01
9.266682624816894531e+00
9.015583038330078125e+00
1.147221565246582031e+01
1.105397224426269531e+01
1.046762657165527344e+01
4.031631946563720703e+00
8.524129867553710938e+00
7.942523002624511719e+00
1.041215133666992188e+01
1.357025527954101562e+01
1.079800415039062500e+01
1.290443992614746094e+01
1.298910617828369141e+01
1.138652038574218750e+01
1.012886142730712891e+01
9.851983070373535156e+00
1.379452705383300781e+01
1.037588691711425781e+01
1.104587554931640625e+01
9.489681243896484375e+00
1.478484630584716797e+01
1.156315994262695312e+01
1.229092216491699219e+01
9.819955825805664062e+00
7.286730289459228516e+00
8.331563949584960938e+00
1.299955654144287109e+01
1.038567352294921875e+01
6.715429306030273438e+00
1.325645160675048828e+01
1.327900409698486328e+01
9.172457695007324219e+00
8.830359458923339844e+00
9.740781784057617188e+00
1.272226333618164062e+01
1.049482059478759766e+01
8.908903121948242188e+00
9.687153816223144531e+00
1.605777359008789062e+01
1.032594203948974609e+01
1.167778587341308594e+01
1.198118495941162109e+01
1.054979515075683594e+01
3.356532812118530273e+00
1.242864990234375000e+01
9.039967536926269531e+00
4.194487571716308594e+00
1.425215244293212891e+01
1.100357246398925781e+01
1.020987606048583984e+01
1.287198925018310547e+01
1.307111263275146484e+01
1.117111015319824219e+01
1.059665393829345703e+01
1.190617179870605469e+01
8.692758560180664062e+00
1.253717041015625000e+01
1.047465991973876953e+01
1.149137401580810547e+01
1.102263832092285156e+01
8.654449462890625000e+00
7.529024124145507812e+00
1.290077495574951172e+01
1.129610824584960938e+01
1.156406497955322266e+01
1.218490600585937500e+01
1.061567878723144531e+01
1.096016311645507812e+01
1.208264541625976562e+01
3.101422786712646484e+00
1.104502487182617188e+01
5.767170906066894531e+00
1.074358367919921875e+01
1.189323329925537109e+01
8.738772392272949219e+00
9.374367713928222656e+00
1.090043926239013672e+01
8.635603904724121094e+00
1.401771926879882812e+01
1.372818183898925781e+01
9.924501419067382812e+00
1.078047466278076172e+01
1.017614936828613281e+01
1.157279586791992188e+01
1.152786445617675781e+01
1.372211074829101562e+01
8.439900398254394531e+00
1.353735446929931641e+01
4.212560176849365234e+00
8.283575057983398438e+00
1.051072502136230469e+01
1.250469112396240234e+01
1.069525909423828125e+01
1.433632087707519531e+01
8.204289436340332031e+00
1.394491577148437500e+01
1.457218074798583984e+01
3.960380554199218750e+00
7.597275733947753906e+00
1.004832649230957031e+01
3.999423265457153320e+00
4.004925727844238281e+00
9.561642646789550781e+00
1.058857536315917969e+01
1.179504871368408203e+01
9.051741600036621094e+00
9.565072059631347656e+00
1.116622924804687500e+01
4.080007076263427734e+00
4.522349357604980469e+00
1.254975223541259766e+01
1.158084869384765625e+01
1.452774620056152344e+01
4.697358608245849609e+00
9.510499000549316406e+00
9.539118766784667969e+00
1.166259956359863281e+01
1.042276287078857422e+01
1.082784271240234375e+01
7.278215885162353516e+00
8.960663795471191406e+00
1.244769477844238281e+01
1.104517841339111328e+01
1.103632259368896484e+01
1.414702987670898438e+01
1.595057392120361328e+01
8.458127975463867188e+00
1.452778816223144531e+01
1.316742801666259766e+01
9.672480583190917969e+00
1.079941082000732422e+01
1.169984436035156250e+01
1.119973659515380859e+01
1.104122066497802734e+01
1.356568431854248047e+01
1.040381717681884766e+01
8.434071540832519531e+00
4.244825839996337891e+00
4.566511154174804688e+00
1.243798542022705078e+01
