1.095266246795654297e+01
6.886283397674560547e+00
1.190340232849121094e+01
1.172115612030029297e+01
9.111494064331054688e+00
3.994698524475097656e+00
1.350809574127197266e+01
1.140799331665039062e+01
1.173956775665283203e+01
7.987337112426757812e+00
1.376655387878417969e+01
1.031587505340576172e+01
6.192851066589355469e+00
1.217264556884765625e+01
8.318548202514648438e+00
1.002397727966308594e+01
1.094042015075683594e+01
1.086744117736816406e+01
9.830764770507812500e+00
9.495471000671386719e+00
1.160720729827880859e+01
8.985956192016601562e+00
1.130067157745361328e+01
9.174117088317871094e+00
1.121708774566650391e+01
1.059771919250488281e+01
1.188458347320556641e+01
1.131474685668945312e+01
1.101849365234375000e+01
1.052613449096679688e+01
5.103532314300537109e+00
1.139711666107177734e+01
1.227072811126708984e+01
1.151261997222900391e+01
1.214058876037597656e+01
1.281289863586425781e+01
1.056016921997070312e+01
8.189043045043945312e+00
9.351801872253417969e+00
1.068978977203369141e+01
8.459419250488281250e+00
1.058783721923828125e+01
1.140631008148193359e+01
7.813430309295654297e+00
1.075916385650634766e+01
9.136396408081054688e+00
8.870515823364257812e+00
4.714215278625488281e+00
1.312502574920654297e+01
9.121120452880859375e+00
1.243453121185302734e+01
8.407726287841796875e+00
6.282646179199218750e+00
1.076319026947021484e+01
1.449808311462402344e+01
1.182016754150390625e+01
7.531053543090820312e+00
9.259327888488769531e+00
8.863939285278320312e+00
1.002390098571777344e+01
9.374035835266113281e+00
1.046403884887695312e+01
8.070847511291503906e+00
5.463537693023681641e+00
1.102242660522460938e+01
1.186695003509521484e+01
1.234465026855468750e+01
1.124696826934814453e+01
1.194453048706054688e+01
1.012512779235839844e+01
1.046455574035644531e+01
1.392350673675537109e+01
3.416593313217163086e+00
8.749747276306152344e+00
1.119261550903320312e+01
1.063784503936767578e+01
1.227138710021972656e+01
1.238170051574707031e+01
1.071894645690917969e+01
9.441854476928710938e+00
1.040278244018554688e+01
8.463381767272949219e+00
1.084243869781494141e+01
4.258816719055175781e+00
9.631672859191894531e+00
1.062275886535644531e+01
1.125891017913818359e+01
1.115134239196777344e+01
1.120561790466308594e+01
1.047932624816894531e+01
9.959388732910156250e+00
7.311549663543701172e+00
1.175243568420410156e+01
1.535635566711425781e+01
3.419320106506347656e+00
9.522783279418945312e+00
9.950270652770996094e+00
1.053765392303466797e+01
1.169825172424316406e+01
3.573846817016601562e+00
9.375900268554687500e+00
1.247665214538574219e+01
7.694901466369628906e+00
1.172493934631347656e+01
5.374506950378417969e+00
1.296072387695312500e+01
1.125886917114257812e+01
8.396693229675292969e+00
1.235716056823730469e+01
9.462900161743164062e+00
1.143364620208740234e+01
1.181073951721191406e+01
9.113842964172363281e+00
8.265319824218750000e+00
1.269351100921630859e+01
8.016764640808105469e+00
3.830222368240356445e+00
9.597270011901855469e+00
8.894328117370605469e+00
5.270045757293701172e+00
1.074400424957275391e+01
8.389231681823730469e+00
1.534758853912353516e+01
3.831009149551391602e+00
8.936944007873535156e+00
1.173470497131347656e+01
1.127881622314453125e+01
1.061214733123779297e+01
9.699687957763671875e+00
9.862116813659667969e+00
3.319491624832153320e+00
9.058151245117187500e+00
1.002539730072021484e+01
1.047599124908447266e+01
1.352743434906005859e+01
8.589199066162109375e+00
1.561883163452148438e+01
9.462607383728027344e+00
9.471399307250976562e+00
1.110772705078125000e+01
8.486281394958496094e+00
1.134456539154052734e+01
9.026054382324218750e+00
8.902019500732421875e+00
8.653354644775390625e+00
3.536020040512084961e+00
1.023636627197265625e+01
9.313490867614746094e+00
1.473743629455566406e+01
7.928988933563232422e+00
1.082735919952392578e+01
9.184571266174316406e+00
1.503521823883056641e+01
7.462171554565429688e+00
5.045301914215087891e+00
1.012965679168701172e+01
8.774006843566894531e+00
9.214999198913574219e+00
1.195047569274902344e+01
1.188704776763916016e+01
1.091475677490234375e+01
1.324793243408203125e+01
1.164832305908203125e+01
3.625124692916870117e+00
1.121034526824951172e+01
1.078124427795410156e+01
6.642831802368164062e+00
3.382456779479980469e+00
1.098062229156494141e+01
1.169054985046386719e+01
1.234683895111083984e+01
1.271779918670654297e+01
1.179706954956054688e+01
6.898702144622802734e+00
1.013420391082763672e+01
1.043174076080322266e+01
1.278380203247070312e+01
8.804896354675292969e+00
1.040663433074951172e+01
1.064881515502929688e+01
1.210192298889160156e+01
1.370303535461425781e+01
1.348070144653320312e+01
1.191616725921630859e+01
1.316476631164550781e+01
1.095201492309570312e+01
9.651158332824707031e+00
1.151333141326904297e+01
4.440517902374267578e+00
9.429552078247070312e+00
1.238423538208007812e+01
8.069871902465820312e+00
4.625403404235839844e+00
1.337296485900878906e+01
1.171065711975097656e+01
3.936184644699096680e+00
1.318788528442382812e+01
9.192646026611328125e+00
1.055978393554687500e+01
9.601191520690917969e+00
1.297993946075439453e+01
7.751932621002197266e+00
1.259362125396728516e+01
9.035604476928710938e+00
8.608016967773437500e+00
1.091829013824462891e+01
1.159111404418945312e+01
1.459423732757568359e+01
2.902512073516845703e+00
9.756809234619140625e+00
9.378323554992675781e+00
7.096886634826660156e+00
9.006124496459960938e+00
9.671288490295410156e+00
1.055119132995605469e+01
1.195495605468750000e+01
3.803759813308715820e+00
4.008195877075195312e+00
1.039903354644775391e+01
3.722203016281127930e+00
8.256800651550292969e+00
1.290148353576660156e+01
8.882816314697265625e+00
9.305755615234375000e+00
9.577989578247070312e+00
4.002813339233398438e+00
1.225688838958740234e+01
1.091339206695556641e+01
1.244573879241943359e+01
1.102560901641845703e+01
4.244470596313476562e+00
5.361889839172363281e+00
1.411628150939941406e+01
1.284838008880615234e+01
1.105060958862304688e+01
1.222984218597412109e+01
1.148392009735107422e+01
1.206110382080078125e+01
1.286708927154541016e+01
1.189479637145996094e+01
1.265311527252197266e+01
1.382641410827636719e+01
8.796619415283203125e+00
1.115552806854248047e+01
1.087165737152099609e+01
1.039570236206054688e+01
1.217293262481689453e+01
5.766114234924316406e+00
1.548209571838378906e+01
1.140462017059326172e+01
