3.796394586563110352e+00
9.849350929260253906e+00
1.089782142639160156e+01
1.023641777038574219e+01
9.379379272460937500e+00
9.956331253051757812e+00
1.123339557647705078e+01
4.326860904693603516e+00
1.153247833251953125e+01
1.214167785644531250e+01
1.164615058898925781e+01
1.264743995666503906e+01
1.229153060913085938e+01
1.139361858367919922e+01
9.245105743408203125e+00
1.085234832763671875e+01
8.169081687927246094e+00
1.104542064666748047e+01
9.338891029357910156e+00
8.020757675170898438e+00
3.233256340026855469e+00
1.276547622680664062e+01
8.640325546264648438e+00
9.378126144409179688e+00
1.014052200317382812e+01
1.126198673248291016e+01
9.685817718505859375e+00
5.970508098602294922e+00
1.294683837890625000e+01
1.346903991699218750e+01
3.096877336502075195e+00
1.342851829528808594e+01
1.119529724121093750e+01
1.014350605010986328e+01
1.091016769409179688e+01
7.954380035400390625e+00
1.494123840332031250e+01
1.191302871704101562e+01
1.035305118560791016e+01
7.743206501007080078e+00
7.785561561584472656e+00
1.132730674743652344e+01
9.559442520141601562e+00
5.349727153778076172e+00
7.603265285491943359e+00
1.397541713714599609e+01
8.446002960205078125e+00
1.209680843353271484e+01
1.124098396301269531e+01
1.034690570831298828e+01
9.757990837097167969e+00
8.659906387329101562e+00
5.015948295593261719e+00
1.347513103485107422e+01
1.447686767578125000e+01
8.189802169799804688e+00
8.560855865478515625e+00
1.143813705444335938e+01
8.288674354553222656e+00
1.033513927459716797e+01
1.179498386383056641e+01
9.772155761718750000e+00
1.254819679260253906e+01
1.033435630798339844e+01
6.771212577819824219e+00
8.633420944213867188e+00
1.198078250885009766e+01
1.239639663696289062e+01
8.964541435241699219e+00
6.942018508911132812e+00
4.123976707458496094e+00
4.363640308380126953e+00
1.049639797210693359e+01
1.146467685699462891e+01
1.068494987487792969e+01
7.542855262756347656e+00
1.067646598815917969e+01
1.074105167388916016e+01
9.647910118103027344e+00
6.910098075866699219e+00
1.387753295898437500e+01
9.614671707153320312e+00
4.266219615936279297e+00
1.005226802825927734e+01
7.955493450164794922e+00
1.063907909393310547e+01
7.578280925750732422e+00
1.166659259796142578e+01
9.571214675903320312e+00
8.952651977539062500e+00
1.076135349273681641e+01
1.027959251403808594e+01
1.004410457611083984e+01
9.607290267944335938e+00
1.196038341522216797e+01
7.588647842407226562e+00
1.289303207397460938e+01
8.598103523254394531e+00
1.249231338500976562e+01
9.182579040527343750e+00
1.109166336059570312e+01
4.786730289459228516e+00
1.185713958740234375e+01
1.050898361206054688e+01
1.065841102600097656e+01
1.254614162445068359e+01
1.341241836547851562e+01
9.201477050781250000e+00
1.101108264923095703e+01
1.261655807495117188e+01
3.469575643539428711e+00
1.296971321105957031e+01
1.069453716278076172e+01
1.112605953216552734e+01
1.032888221740722656e+01
1.047800540924072266e+01
9.377109527587890625e+00
9.810359954833984375e+00
1.202078437805175781e+01
8.782500267028808594e+00
1.146742343902587891e+01
1.200853252410888672e+01
1.005594539642333984e+01
9.857113838195800781e+00
1.070109462738037109e+01
1.134923648834228516e+01
1.283242511749267578e+01
1.032991218566894531e+01
1.021466159820556641e+01
1.004935169219970703e+01
7.568257808685302734e+00
1.048390769958496094e+01
1.322744369506835938e+01
1.437796115875244141e+01
1.270114326477050781e+01
3.636687755584716797e+00
1.239967536926269531e+01
1.178034019470214844e+01
1.142253589630126953e+01
1.082040786743164062e+01
9.971805572509765625e+00
1.012271022796630859e+01
1.302944850921630859e+01
5.036405563354492188e+00
4.639744281768798828e+00
9.219336509704589844e+00
1.045446872711181641e+01
1.486094856262207031e+01
3.847568511962890625e+00
1.232425975799560547e+01
7.467164993286132812e+00
7.407103061676025391e+00
9.807449340820312500e+00
1.042959403991699219e+01
9.896864891052246094e+00
5.008412837982177734e+00
1.219539546966552734e+01
8.098262786865234375e+00
8.476617813110351562e+00
1.397437953948974609e+01
9.635344505310058594e+00
1.431021976470947266e+01
1.011101436614990234e+01
9.206206321716308594e+00
8.407126426696777344e+00
1.176570415496826172e+01
1.109784698486328125e+01
5.075661182403564453e+00
1.210861873626708984e+01
7.905617713928222656e+00
1.133889484405517578e+01
1.112105178833007812e+01
8.699839591979980469e+00
1.297461223602294922e+01
9.774703979492187500e+00
4.519137859344482422e+00
1.163897037506103516e+01
1.247749233245849609e+01
1.087997531890869141e+01
1.431209278106689453e+01
1.075582408905029297e+01
4.869703769683837891e+00
9.922631263732910156e+00
1.389504718780517578e+01
1.664188957214355469e+01
1.000475978851318359e+01
9.562827110290527344e+00
1.184359645843505859e+01
1.190496540069580078e+01
1.103723907470703125e+01
1.111030769348144531e+01
7.772165775299072266e+00
1.130174255371093750e+01
8.407736778259277344e+00
9.389821052551269531e+00
1.085392665863037109e+01
1.158351230621337891e+01
1.060053062438964844e+01
1.139486122131347656e+01
1.356460189819335938e+01
1.015367412567138672e+01
8.815902709960937500e+00
1.087851619720458984e+01
9.776652336120605469e+00
1.037767696380615234e+01
8.533899307250976562e+00
9.897414207458496094e+00
1.303206157684326172e+01
3.578087091445922852e+00
1.039758300781250000e+01
1.142111587524414062e+01
8.588002204895019531e+00
1.246881771087646484e+01
4.504392147064208984e+00
4.279514789581298828e+00
1.217526721954345703e+01
6.306063175201416016e+00
1.264637184143066406e+01
1.159492206573486328e+01
1.183004856109619141e+01
1.093652820587158203e+01
8.765216827392578125e+00
1.181907939910888672e+01
1.010004520416259766e+01
1.123687362670898438e+01
9.315128326416015625e+00
1.092502593994140625e+01
7.387473106384277344e+00
1.480508708953857422e+01
8.704723358154296875e+00
1.272387504577636719e+01
4.904664516448974609e+00
3.273135900497436523e+00
1.258959388732910156e+01
1.020800495147705078e+01
1.037115764617919922e+01
1.122535991668701172e+01
9.249898910522460938e+00
1.208794689178466797e+01
8.958524703979492188e+00
1.652864837646484375e+01
8.137212753295898438e+00
1.117638301849365234e+01
1.144988250732421875e+01
1.128897571563720703e+01
9.038660049438476562e+00
8.463657379150390625e+00
9.065653800964355469e+00
1.304962825775146484e+01
4.526489257812500000e+00
