7.713249683380126953e+00
1.082290744781494141e+01
1.291026878356933594e+01
1.379657173156738281e+01
8.442134857177734375e+00
1.161529445648193359e+01
1.212165164947509766e+01
1.318430519104003906e+01
7.912928581237792969e+00
8.736280441284179688e+00
1.110905265808105469e+01
9.317049026489257812e+00
1.269302177429199219e+01
1.190907764434814453e+01
8.104572296142578125e+00
1.133648109436035156e+01
4.954572677612304688e+00
1.024398422241210938e+01
7.451360225677490234e+00
1.048816299438476562e+01
9.584310531616210938e+00
1.322800827026367188e+01
9.496695518493652344e+00
1.116747093200683594e+01
1.035217761993408203e+01
1.384094142913818359e+01
7.857379436492919922e+00
1.002288246154785156e+01
1.350121974945068359e+01
8.025308609008789062e+00
1.327453899383544922e+01
1.132985973358154297e+01
1.362231254577636719e+01
1.435137653350830078e+01
1.035784816741943359e+01
8.088005065917968750e+00
1.433660507202148438e+01
1.266251754760742188e+01
9.632925033569335938e+00
1.292134952545166016e+01
1.103056049346923828e+01
1.119940757751464844e+01
8.858892440795898438e+00
7.503570556640625000e+00
1.433385658264160156e+01
1.022469902038574219e+01
9.986448287963867188e+00
1.174012660980224609e+01
1.138172435760498047e+01
1.123479843139648438e+01
1.232827758789062500e+01
1.293648147583007812e+01
9.072427749633789062e+00
1.463840198516845703e+01
7.085548877716064453e+00
1.017756748199462891e+01
7.850075244903564453e+00
1.035354137420654297e+01
1.283712863922119141e+01
1.544624042510986328e+01
9.823403358459472656e+00
1.097959327697753906e+01
1.429307842254638672e+01
9.360833168029785156e+00
1.430026340484619141e+01
1.126613140106201172e+01
9.977996826171875000e+00
1.090362167358398438e+01
1.088844680786132812e+01
9.627345085144042969e+00
9.144384384155273438e+00
1.250272083282470703e+01
1.159233188629150391e+01
8.343845367431640625e+00
1.160893726348876953e+01
1.081180667877197266e+01
1.145434856414794922e+01
1.211857128143310547e+01
1.155110645294189453e+01
1.263166999816894531e+01
1.169752025604248047e+01
9.529102325439453125e+00
7.270701408386230469e+00
1.275603580474853516e+01
1.171837139129638672e+01
1.509138011932373047e+01
9.505752563476562500e+00
1.037985801696777344e+01
1.109768104553222656e+01
1.274446868896484375e+01
1.232971286773681641e+01
1.082891273498535156e+01
8.563980102539062500e+00
1.492521572113037109e+01
1.430811309814453125e+01
9.330340385437011719e+00
1.064119815826416016e+01
8.235633850097656250e+00
7.720495700836181641e+00
1.059698104858398438e+01
1.056811428070068359e+01
1.065219306945800781e+01
1.098837566375732422e+01
1.255044364929199219e+01
1.088278961181640625e+01
1.492539691925048828e+01
1.394682693481445312e+01
1.192218494415283203e+01
1.369366168975830078e+01
1.318761062622070312e+01
1.143634796142578125e+01
1.623256683349609375e+01
1.046525859832763672e+01
1.226532268524169922e+01
6.741088867187500000e+00
1.563003921508789062e+01
1.199594211578369141e+01
1.147576427459716797e+01
1.480250167846679688e+01
1.356088638305664062e+01
1.136381340026855469e+01
1.052590274810791016e+01
1.112889480590820312e+01
5.291415691375732422e+00
1.258329582214355469e+01
1.295941925048828125e+01
1.068416404724121094e+01
1.606624031066894531e+01
1.233133220672607422e+01
9.995182037353515625e+00
1.331515693664550781e+01
9.315435409545898438e+00
8.475399017333984375e+00
1.479572486877441406e+01
1.521964740753173828e+01
9.996908187866210938e+00
1.054528713226318359e+01
5.372188091278076172e+00
1.176266860961914062e+01
1.431527137756347656e+01
1.251125240325927734e+01
6.858634471893310547e+00
1.218673324584960938e+01
1.378241634368896484e+01
1.227634143829345703e+01
1.549726486206054688e+01
1.269328212738037109e+01
1.028092575073242188e+01
1.100670528411865234e+01
1.447987174987792969e+01
1.591698932647705078e+01
9.799597740173339844e+00
1.329124164581298828e+01
1.201916694641113281e+01
1.118803977966308594e+01
1.121196460723876953e+01
1.118778705596923828e+01
1.096408271789550781e+01
1.186760234832763672e+01
1.186905860900878906e+01
1.397786998748779297e+01
1.182096385955810547e+01
1.074334526062011719e+01
9.642606735229492188e+00
7.060914993286132812e+00
1.352800559997558594e+01
1.250074481964111328e+01
1.108564376831054688e+01
1.548769950866699219e+01
6.927977085113525391e+00
1.449769973754882812e+01
1.311907291412353516e+01
1.135084629058837891e+01
1.465082263946533203e+01
9.591508865356445312e+00
1.132038974761962891e+01
1.299052143096923828e+01
6.792442321777343750e+00
5.790939331054687500e+00
1.337635993957519531e+01
1.260322761535644531e+01
1.247713279724121094e+01
9.761507987976074219e+00
1.566848659515380859e+01
1.098989009857177734e+01
1.044135189056396484e+01
1.343403911590576172e+01
1.145270729064941406e+01
1.265656852722167969e+01
1.472870159149169922e+01
1.495193672180175781e+01
1.085436630249023438e+01
1.047366046905517578e+01
1.046443176269531250e+01
1.135084629058837891e+01
1.172628307342529297e+01
1.544921493530273438e+01
1.749069786071777344e+01
9.845705986022949219e+00
1.126279449462890625e+01
9.849934577941894531e+00
1.178131389617919922e+01
1.452122497558593750e+01
1.322922039031982422e+01
4.689448356628417969e+00
1.032146167755126953e+01
1.136437034606933594e+01
1.207105541229248047e+01
1.186544322967529297e+01
1.373374366760253906e+01
8.474784851074218750e+00
1.184130573272705078e+01
9.317314147949218750e+00
1.127241706848144531e+01
8.528008460998535156e+00
1.378100013732910156e+01
1.275467777252197266e+01
1.283020687103271484e+01
1.572056198120117188e+01
9.726894378662109375e+00
1.085873508453369141e+01
1.161499023437500000e+01
1.295944118499755859e+01
1.293424224853515625e+01
1.231784629821777344e+01
1.148148250579833984e+01
1.175392723083496094e+01
8.706267356872558594e+00
3.753619432449340820e+00
1.227850818634033203e+01
9.922888755798339844e+00
8.939969062805175781e+00
1.150186443328857422e+01
8.077670097351074219e+00
7.543866634368896484e+00
9.613716125488281250e+00
9.442089080810546875e+00
1.046702480316162109e+01
3.353158950805664062e+00
1.170482349395751953e+01
1.036804294586181641e+01
1.023276615142822266e+01
1.121120166778564453e+01
9.063986778259277344e+00
7.850851058959960938e+00
1.014214420318603516e+01
8.832490921020507812e+00
1.138695240020751953e+01
3.968728065490722656e+00
1.072081089019775391e+01
