1.572463226318359375e+01
1.228758335113525391e+01
1.259284400939941406e+01
8.716068267822265625e+00
1.112136840820312500e+01
1.060744285583496094e+01
8.345031738281250000e+00
3.556445360183715820e+00
1.140753555297851562e+01
1.007215213775634766e+01
9.526200294494628906e+00
9.397858619689941406e+00
1.275760746002197266e+01
9.438416481018066406e+00
1.280122566223144531e+01
9.244420051574707031e+00
1.151834869384765625e+01
9.461746215820312500e+00
9.298689842224121094e+00
1.320002174377441406e+01
1.007340049743652344e+01
9.461434364318847656e+00
1.077939605712890625e+01
9.782141685485839844e+00
1.042443275451660156e+01
1.027874183654785156e+01
1.420265483856201172e+01
8.970454216003417969e+00
1.127458000183105469e+01
9.448298454284667969e+00
9.747796058654785156e+00
9.421925544738769531e+00
1.389751911163330078e+01
9.813726425170898438e+00
8.416859626770019531e+00
9.741874694824218750e+00
8.376702308654785156e+00
9.896563529968261719e+00
8.176179885864257812e+00
3.271904468536376953e+00
9.063558578491210938e+00
1.195893573760986328e+01
1.129438400268554688e+01
1.000141239166259766e+01
1.222893238067626953e+01
1.093203639984130859e+01
8.674190521240234375e+00
1.119776535034179688e+01
1.232444381713867188e+01
9.943764686584472656e+00
1.192365360260009766e+01
7.445075035095214844e+00
1.022751998901367188e+01
9.323348999023437500e+00
9.383536338806152344e+00
7.305438995361328125e+00
1.276287364959716797e+01
9.775749206542968750e+00
8.022583007812500000e+00
3.829620122909545898e+00
1.113865756988525391e+01
1.454228401184082031e+01
9.358656883239746094e+00
1.142025184631347656e+01
8.213996887207031250e+00
1.057220840454101562e+01
1.269371128082275391e+01
1.133607959747314453e+01
1.181748104095458984e+01
7.784711837768554688e+00
1.043344593048095703e+01
7.975418090820312500e+00
1.062887191772460938e+01
1.014214420318603516e+01
1.072009468078613281e+01
9.087776184082031250e+00
1.221363639831542969e+01
1.052123260498046875e+01
1.149000453948974609e+01
5.128596305847167969e+00
9.018233299255371094e+00
1.423493099212646484e+01
1.096268939971923828e+01
1.480296611785888672e+01
8.630127906799316406e+00
1.005730247497558594e+01
8.815431594848632812e+00
1.173858833312988281e+01
1.134209060668945312e+01
1.017740440368652344e+01
1.211640071868896484e+01
8.619023323059082031e+00
1.334138774871826172e+01
1.134201717376708984e+01
1.320054721832275391e+01
7.965867042541503906e+00
1.358859252929687500e+01
3.588310241699218750e+00
3.708850145339965820e+00
9.689099311828613281e+00
7.669264793395996094e+00
1.084148883819580078e+01
6.719124317169189453e+00
1.286308574676513672e+01
3.779497146606445312e+00
8.781078338623046875e+00
1.197915840148925781e+01
8.027775764465332031e+00
1.129022026062011719e+01
1.267647266387939453e+01
1.030670070648193359e+01
1.166826057434082031e+01
9.718615531921386719e+00
9.523697853088378906e+00
1.114438629150390625e+01
1.288441467285156250e+01
3.641361713409423828e+00
9.976452827453613281e+00
1.275921440124511719e+01
3.654413700103759766e+00
1.589963912963867188e+01
8.764395713806152344e+00
1.288867378234863281e+01
7.808503627777099609e+00
1.027386951446533203e+01
1.170580863952636719e+01
9.292125701904296875e+00
8.412542343139648438e+00
1.251193809509277344e+01
9.412359237670898438e+00
1.178139972686767578e+01
1.279132366180419922e+01
1.087748718261718750e+01
1.264578151702880859e+01
1.452215957641601562e+01
1.531291484832763672e+01
1.189595031738281250e+01
8.877364158630371094e+00
1.078236579895019531e+01
1.407441711425781250e+01
1.036216068267822266e+01
8.931635856628417969e+00
1.066846370697021484e+01
8.792044639587402344e+00
3.290240526199340820e+00
1.330019855499267578e+01
1.216104221343994141e+01
1.408858013153076172e+01
3.300022840499877930e+00
7.557794094085693359e+00
1.272670078277587891e+01
4.211647987365722656e+00
7.075283527374267578e+00
1.338700675964355469e+01
9.708451271057128906e+00
1.203303718566894531e+01
5.658229827880859375e+00
1.255123329162597656e+01
9.391291618347167969e+00
3.498320341110229492e+00
8.406409263610839844e+00
1.003372383117675781e+01
8.490814208984375000e+00
7.953455924987792969e+00
1.364107990264892578e+01
1.254841041564941406e+01
9.837401390075683594e+00
7.041377067565917969e+00
1.207822704315185547e+01
9.219213485717773438e+00
5.961939811706542969e+00
8.580581665039062500e+00
9.314358711242675781e+00
1.051300525665283203e+01
8.036089897155761719e+00
1.232701492309570312e+01
8.918488502502441406e+00
1.069597148895263672e+01
1.123279953002929688e+01
9.380372047424316406e+00
8.928329467773437500e+00
1.250194358825683594e+01
1.094497966766357422e+01
8.688295364379882812e+00
8.858554840087890625e+00
7.068285465240478516e+00
6.559428691864013672e+00
9.502592086791992188e+00
4.377833843231201172e+00
9.679883003234863281e+00
4.607661247253417969e+00
8.201679229736328125e+00
8.998102188110351562e+00
8.749671936035156250e+00
1.122772693634033203e+01
9.427699089050292969e+00
8.612750053405761719e+00
7.225066184997558594e+00
8.689414024353027344e+00
1.174252319335937500e+01
1.237439537048339844e+01
1.414837837219238281e+01
1.087598228454589844e+01
9.746101379394531250e+00
1.189488697052001953e+01
9.262558937072753906e+00
9.677169799804687500e+00
1.197218322753906250e+01
5.348042488098144531e+00
7.509835243225097656e+00
1.125266456604003906e+01
1.272208690643310547e+01
1.363483333587646484e+01
4.708639621734619141e+00
1.121726608276367188e+01
1.071759700775146484e+01
4.881683349609375000e+00
1.000570201873779297e+01
1.277538013458251953e+01
3.903834342956542969e+00
1.229081439971923828e+01
1.011280059814453125e+01
1.239279079437255859e+01
8.617010116577148438e+00
9.462920188903808594e+00
1.361849212646484375e+01
1.165698146820068359e+01
7.960973739624023438e+00
4.178589344024658203e+00
7.297671318054199219e+00
1.008434391021728516e+01
7.275773048400878906e+00
9.388195037841796875e+00
1.371502590179443359e+01
1.176214027404785156e+01
1.019514369964599609e+01
1.355931758880615234e+01
8.424731254577636719e+00
8.084444999694824219e+00
8.884776115417480469e+00
9.975591659545898438e+00
1.245873832702636719e+01
1.124761962890625000e+01
1.217953681945800781e+01
1.230178356170654297e+01
8.984843254089355469e+00
5.883879661560058594e+00
1.134161281585693359e+01
6.881350994110107422e+00
9.618968009948730469e+00
