1.258694076538085938e+01
4.654695510864257812e+00
1.464540195465087891e+01
5.064274311065673828e+00
9.483673095703125000e+00
1.347061729431152344e+01
1.286745643615722656e+01
1.176676082611083984e+01
1.253703403472900391e+01
1.360868740081787109e+01
9.638513565063476562e+00
1.002021789550781250e+01
1.038192081451416016e+01
1.403697872161865234e+01
1.338375473022460938e+01
4.710925579071044922e+00
9.457018852233886719e+00
1.156937503814697266e+01
3.039324522018432617e+00
1.069503974914550781e+01
1.098286628723144531e+01
9.159666061401367188e+00
9.114072799682617188e+00
8.871569633483886719e+00
1.027355194091796875e+01
1.024918365478515625e+01
4.355152606964111328e+00
1.443660259246826172e+01
1.324741744995117188e+01
1.356955432891845703e+01
7.608700275421142578e+00
8.879986763000488281e+00
1.110467243194580078e+01
1.183723068237304688e+01
1.103424930572509766e+01
9.282375335693359375e+00
1.092027759552001953e+01
1.215250301361083984e+01
1.082118701934814453e+01
1.038913726806640625e+01
1.065429496765136719e+01
8.930843353271484375e+00
1.238203620910644531e+01
1.235468864440917969e+01
9.282680511474609375e+00
1.163705921173095703e+01
8.984786033630371094e+00
1.000630950927734375e+01
1.152813816070556641e+01
6.959085941314697266e+00
8.471684455871582031e+00
9.534371376037597656e+00
1.168486022949218750e+01
9.242893218994140625e+00
5.868407249450683594e+00
1.033673095703125000e+01
9.858333587646484375e+00
1.106138706207275391e+01
1.047494697570800781e+01
7.660215854644775391e+00
1.068654251098632812e+01
1.114210891723632812e+01
1.178943252563476562e+01
1.111853218078613281e+01
1.312736225128173828e+01
1.095368862152099609e+01
4.082938671112060547e+00
8.983953475952148438e+00
8.889399528503417969e+00
1.245704269409179688e+01
1.117015361785888672e+01
1.235269260406494141e+01
9.770729064941406250e+00
9.654593467712402344e+00
1.547702980041503906e+01
1.091822719573974609e+01
1.103987789154052734e+01
1.064620876312255859e+01
1.148067855834960938e+01
1.264969921112060547e+01
3.757280349731445312e+00
1.031633186340332031e+01
1.434596061706542969e+01
1.275721454620361328e+01
9.307821273803710938e+00
1.043760395050048828e+01
1.238090324401855469e+01
7.204616069793701172e+00
9.841765403747558594e+00
1.040796470642089844e+01
9.548223495483398438e+00
4.918535232543945312e+00
1.212730121612548828e+01
1.200531196594238281e+01
1.105551052093505859e+01
9.162731170654296875e+00
1.100554275512695312e+01
1.035169601440429688e+01
9.716023445129394531e+00
1.171087837219238281e+01
3.866276979446411133e+00
9.763729095458984375e+00
1.182722282409667969e+01
9.310325622558593750e+00
1.275729465484619141e+01
1.402526187896728516e+01
9.090439796447753906e+00
8.857069015502929688e+00
1.079059505462646484e+01
9.012598037719726562e+00
1.053259181976318359e+01
1.080272483825683594e+01
1.085887718200683594e+01
1.007270431518554688e+01
1.051229763031005859e+01
9.497740745544433594e+00
1.268923854827880859e+01
1.174259376525878906e+01
1.428268527984619141e+01
1.070368480682373047e+01
1.385635280609130859e+01
9.794806480407714844e+00
8.852373123168945312e+00
9.081059455871582031e+00
9.124680519104003906e+00
1.048245143890380859e+01
1.034747695922851562e+01
1.197095870971679688e+01
1.133349609375000000e+01
1.045089149475097656e+01
3.010028123855590820e+00
8.539689064025878906e+00
1.217399406433105469e+01
1.008100128173828125e+01
3.922909736633300781e+00
8.516047477722167969e+00
1.241440486907958984e+01
9.610034942626953125e+00
1.578451538085937500e+01
1.136881828308105469e+01
1.249463462829589844e+01
1.158648777008056641e+01
1.456503677368164062e+01
1.081707668304443359e+01
6.500725746154785156e+00
1.193643856048583984e+01
9.506277084350585938e+00
6.526409626007080078e+00
3.561043500900268555e+00
1.153220367431640625e+01
1.032353591918945312e+01
5.198899269104003906e+00
1.105347442626953125e+01
1.092581653594970703e+01
1.412045097351074219e+01
1.223729228973388672e+01
1.162735176086425781e+01
1.275196743011474609e+01
9.256486892700195312e+00
1.187859058380126953e+01
8.986804962158203125e+00
1.286648941040039062e+01
6.951210498809814453e+00
9.412686347961425781e+00
1.096616458892822266e+01
1.103455448150634766e+01
8.414633750915527344e+00
4.468014717102050781e+00
5.533376693725585938e+00
1.004948902130126953e+01
1.154930400848388672e+01
1.205218696594238281e+01
1.074631786346435547e+01
1.362874603271484375e+01
1.096576881408691406e+01
1.122383689880371094e+01
1.173227977752685547e+01
1.317978572845458984e+01
1.157722282409667969e+01
9.340175628662109375e+00
9.400156021118164062e+00
1.358481216430664062e+01
1.306700038909912109e+01
1.037311458587646484e+01
1.409436607360839844e+01
1.137845134735107422e+01
1.184071254730224609e+01
5.745380401611328125e+00
1.013287830352783203e+01
1.110932159423828125e+01
3.793646812438964844e+00
1.293708610534667969e+01
1.621537590026855469e+01
1.335131168365478516e+01
1.142327785491943359e+01
1.425728797912597656e+01
8.755003929138183594e+00
1.257835102081298828e+01
1.043377017974853516e+01
1.133874797821044922e+01
1.084568881988525391e+01
1.298175716400146484e+01
1.114292049407958984e+01
9.373950004577636719e+00
1.224975967407226562e+01
3.105327606201171875e+00
7.715040206909179688e+00
1.258239269256591797e+01
1.386479282379150391e+01
1.582635879516601562e+01
1.159259700775146484e+01
1.343127727508544922e+01
1.082777976989746094e+01
1.096220684051513672e+01
9.599756240844726562e+00
1.202891635894775391e+01
5.391374111175537109e+00
1.339024353027343750e+01
3.511579990386962891e+00
1.002908229827880859e+01
7.065461158752441406e+00
1.201357364654541016e+01
1.619072723388671875e+01
1.425222301483154297e+01
9.695745468139648438e+00
1.290762901306152344e+01
1.210332584381103516e+01
1.198660564422607422e+01
6.169324398040771484e+00
1.130429553985595703e+01
1.535168838500976562e+01
1.215841579437255859e+01
1.403474807739257812e+01
1.220401668548583984e+01
8.224186897277832031e+00
1.094581985473632812e+01
8.463083267211914062e+00
9.205373764038085938e+00
1.301353549957275391e+01
8.309413909912109375e+00
1.124690532684326172e+01
4.385513305664062500e+00
9.635120391845703125e+00
1.431513500213623047e+01
1.108436489105224609e+01
1.028343868255615234e+01
1.456738948822021484e+01
5.079604625701904297e+00
1.202632045745849609e+01
1.179807090759277344e+01
