1.091484642028808594e+01
8.083101272583007812e+00
6.501246452331542969e+00
1.369220638275146484e+01
1.068972206115722656e+01
1.027357006072998047e+01
1.072943782806396484e+01
1.097708606719970703e+01
1.161251068115234375e+01
1.039607810974121094e+01
1.182525634765625000e+01
1.032571601867675781e+01
9.573996543884277344e+00
1.083435535430908203e+01
1.381608390808105469e+01
9.389051437377929688e+00
9.673088073730468750e+00
1.276764011383056641e+01
1.068790626525878906e+01
9.537448883056640625e+00
1.214643383026123047e+01
8.093069076538085938e+00
8.571820259094238281e+00
9.239481925964355469e+00
1.092074203491210938e+01
8.083101272583007812e+00
1.276362323760986328e+01
1.111548805236816406e+01
9.617960929870605469e+00
7.263871669769287109e+00
7.731236934661865234e+00
1.075199985504150391e+01
4.352849483489990234e+00
1.244039535522460938e+01
8.409968376159667969e+00
8.636419296264648438e+00
8.172074317932128906e+00
1.136478996276855469e+01
9.375186920166015625e+00
1.398038578033447266e+01
1.050286197662353516e+01
1.053682804107666016e+01
4.318428516387939453e+00
1.166920089721679688e+01
1.321028614044189453e+01
9.912708282470703125e+00
1.216560363769531250e+01
9.317845344543457031e+00
1.178755092620849609e+01
9.358831405639648438e+00
1.107015705108642578e+01
4.885399341583251953e+00
1.017703247070312500e+01
1.290321731567382812e+01
7.556711196899414062e+00
1.069911575317382812e+01
8.061436653137207031e+00
1.245866966247558594e+01
1.368337249755859375e+01
4.308596134185791016e+00
1.115051937103271484e+01
1.079031372070312500e+01
1.217702293395996094e+01
1.209497737884521484e+01
1.105148983001708984e+01
1.253902339935302734e+01
1.087856960296630859e+01
1.635517120361328125e+01
1.014153766632080078e+01
9.425490379333496094e+00
1.056435012817382812e+01
1.080251693725585938e+01
9.173694610595703125e+00
3.707515239715576172e+00
1.113569736480712891e+01
9.476246833801269531e+00
1.191174507141113281e+01
1.303252410888671875e+01
9.628159523010253906e+00
1.170549297332763672e+01
1.103211307525634766e+01
1.067549228668212891e+01
1.288071632385253906e+01
1.344563388824462891e+01
1.314955043792724609e+01
1.386095619201660156e+01
7.567327022552490234e+00
1.134840965270996094e+01
9.870917320251464844e+00
7.667483806610107422e+00
4.010436058044433594e+00
1.223211574554443359e+01
5.432350635528564453e+00
8.339722633361816406e+00
9.652745246887207031e+00
8.604408264160156250e+00
9.821095466613769531e+00
1.191384696960449219e+01
1.153682804107666016e+01
1.299658203125000000e+01
3.952762126922607422e+00
9.372214317321777344e+00
1.119596576690673828e+01
1.239086818695068359e+01
1.191968727111816406e+01
3.999007940292358398e+00
1.327701187133789062e+01
1.209059810638427734e+01
6.637825012207031250e+00
1.128884887695312500e+01
1.389551830291748047e+01
1.090268802642822266e+01
1.133248138427734375e+01
1.364411926269531250e+01
1.551693344116210938e+01
5.524469852447509766e+00
1.000599956512451172e+01
1.273916912078857422e+01
1.056650257110595703e+01
1.316905879974365234e+01
1.174724197387695312e+01
9.417122840881347656e+00
1.441891098022460938e+01
1.040190124511718750e+01
9.807538032531738281e+00
7.408365249633789062e+00
1.188215923309326172e+01
9.391329765319824219e+00
1.393704509735107422e+01
9.189777374267578125e+00
4.674384593963623047e+00
9.823817253112792969e+00
1.356268024444580078e+01
9.720710754394531250e+00
9.783382415771484375e+00
8.402892112731933594e+00
1.034946727752685547e+01
1.479620838165283203e+01
1.210828781127929688e+01
9.605765342712402344e+00
1.177564144134521484e+01
1.194429111480712891e+01
1.263659858703613281e+01
4.520696163177490234e+00
1.008922672271728516e+01
1.192857360839843750e+01
1.215666007995605469e+01
1.432779121398925781e+01
8.381455421447753906e+00
1.224010562896728516e+01
1.044808292388916016e+01
1.058543395996093750e+01
9.685811042785644531e+00
1.046176815032958984e+01
1.060632228851318359e+01
1.016064739227294922e+01
9.538445472717285156e+00
1.002184772491455078e+01
1.080786895751953125e+01
8.851859092712402344e+00
1.110678005218505859e+01
9.548677444458007812e+00
1.115213584899902344e+01
3.459232568740844727e+00
1.180807209014892578e+01
3.539906024932861328e+00
4.687421321868896484e+00
1.097979831695556641e+01
1.113103675842285156e+01
3.443753480911254883e+00
9.198201179504394531e+00
1.089948654174804688e+01
9.981553077697753906e+00
1.234522819519042969e+01
1.227143192291259766e+01
9.052594184875488281e+00
1.131814575195312500e+01
1.005547046661376953e+01
1.021537208557128906e+01
7.602100372314453125e+00
4.059943199157714844e+00
1.061707687377929688e+01
1.149663162231445312e+01
4.199177742004394531e+00
4.504597187042236328e+00
1.159896564483642578e+01
4.235490322113037109e+00
1.397270488739013672e+01
8.135938644409179688e+00
1.063986396789550781e+01
1.208145999908447266e+01
1.244882106781005859e+01
1.001527500152587891e+01
9.121214866638183594e+00
1.240730857849121094e+01
8.926889419555664062e+00
1.255444717407226562e+01
1.006122303009033203e+01
1.217436313629150391e+01
4.545907974243164062e+00
6.239751815795898438e+00
1.171516704559326172e+01
9.911218643188476562e+00
1.401008415222167969e+01
4.464247226715087891e+00
1.077116394042968750e+01
1.151998043060302734e+01
8.861002922058105469e+00
9.842308998107910156e+00
1.020937347412109375e+01
1.223816204071044922e+01
7.475707530975341797e+00
8.877222061157226562e+00
1.110020065307617188e+01
1.078650379180908203e+01
1.370043373107910156e+01
1.101361656188964844e+01
8.794256210327148438e+00
9.232782363891601562e+00
1.114771461486816406e+01
8.668448448181152344e+00
9.543773651123046875e+00
9.098390579223632812e+00
7.749234199523925781e+00
1.122970485687255859e+01
9.841684341430664062e+00
9.833276748657226562e+00
1.118151378631591797e+01
1.089552593231201172e+01
1.000600147247314453e+01
1.056254863739013672e+01
1.012400531768798828e+01
1.438516044616699219e+01
1.127765083312988281e+01
2.946150064468383789e+00
9.142477989196777344e+00
8.744708061218261719e+00
7.674388408660888672e+00
1.176182746887207031e+01
9.170076370239257812e+00
1.181385993957519531e+01
1.130769634246826172e+01
1.198534107208251953e+01
1.064351558685302734e+01
9.999704360961914062e+00
8.670707702636718750e+00
1.273188400268554688e+01
1.135362339019775391e+01
1.411147785186767578e+01
9.929334640502929688e+00
