1.235893344879150391e+01
1.052202987670898438e+01
9.566635131835937500e+00
1.160975646972656250e+01
1.092924785614013672e+01
8.616039276123046875e+00
1.102251815795898438e+01
7.785513401031494141e+00
1.204189586639404297e+01
1.092534923553466797e+01
1.184766578674316406e+01
1.064983654022216797e+01
6.975358486175537109e+00
1.227435111999511719e+01
9.061112403869628906e+00
1.133845615386962891e+01
9.989146232604980469e+00
7.725059509277343750e+00
9.603437423706054688e+00
8.858899116516113281e+00
9.138867378234863281e+00
1.015206432342529297e+01
5.023136138916015625e+00
8.937901496887207031e+00
1.030783081054687500e+01
9.673370361328125000e+00
8.866961479187011719e+00
1.140236568450927734e+01
3.665934801101684570e+00
4.760545253753662109e+00
4.115233898162841797e+00
8.897747993469238281e+00
3.526482582092285156e+00
7.546304702758789062e+00
8.631952285766601562e+00
5.365869522094726562e+00
1.122432136535644531e+01
1.064174747467041016e+01
1.125570583343505859e+01
1.243315887451171875e+01
1.048688507080078125e+01
1.325549507141113281e+01
6.061948776245117188e+00
8.197493553161621094e+00
1.238366127014160156e+01
1.122256851196289062e+01
1.257397556304931641e+01
1.194172477722167969e+01
1.425487709045410156e+01
9.897455215454101562e+00
1.145864677429199219e+01
1.173175334930419922e+01
1.104208087921142578e+01
8.852713584899902344e+00
8.885547637939453125e+00
1.240651702880859375e+01
1.252368736267089844e+01
1.153132057189941406e+01
3.665867567062377930e+00
9.637645721435546875e+00
1.176373291015625000e+01
9.143312454223632812e+00
1.046585750579833984e+01
1.181920528411865234e+01
1.044972038269042969e+01
1.170742988586425781e+01
8.132701873779296875e+00
1.068844127655029297e+01
6.807269573211669922e+00
7.543724060058593750e+00
1.161625576019287109e+01
1.206699275970458984e+01
3.802684307098388672e+00
1.245170879364013672e+01
1.272945117950439453e+01
8.348366737365722656e+00
9.808423042297363281e+00
1.432733440399169922e+01
1.195201587677001953e+01
1.427513217926025391e+01
1.302124881744384766e+01
9.519411087036132812e+00
1.101458835601806641e+01
1.170516681671142578e+01
9.830771446228027344e+00
1.393273925781250000e+01
9.716114997863769531e+00
1.150437545776367188e+01
1.385503482818603516e+01
1.275465106964111328e+01
4.566801071166992188e+00
8.805444717407226562e+00
9.681021690368652344e+00
1.207562732696533203e+01
1.025023651123046875e+01
1.171787071228027344e+01
1.378141975402832031e+01
1.173301887512207031e+01
1.265689468383789062e+01
1.115695667266845703e+01
1.148285198211669922e+01
4.324983596801757812e+00
9.817605972290039062e+00
1.101629924774169922e+01
9.134127616882324219e+00
1.214341640472412109e+01
9.127093315124511719e+00
9.022581100463867188e+00
1.089022636413574219e+01
8.956357955932617188e+00
1.262703514099121094e+01
1.213730812072753906e+01
1.386079883575439453e+01
7.848484039306640625e+00
6.963284015655517578e+00
1.140003395080566406e+01
9.956204414367675781e+00
7.591995239257812500e+00
1.305560398101806641e+01
9.167335510253906250e+00
1.345893001556396484e+01
1.211555576324462891e+01
9.965579032897949219e+00
1.230195999145507812e+01
1.001367759704589844e+01
4.951250076293945312e+00
8.880288124084472656e+00
1.207970714569091797e+01
1.269770431518554688e+01
1.100447463989257812e+01
7.202033042907714844e+00
1.324805259704589844e+01
1.029033660888671875e+01
1.070234489440917969e+01
9.546277046203613281e+00
5.412441253662109375e+00
8.138686180114746094e+00
1.603460121154785156e+01
1.346640396118164062e+01
1.295004367828369141e+01
9.735500335693359375e+00
9.441740036010742188e+00
9.911104202270507812e+00
1.092762088775634766e+01
9.450831413269042969e+00
1.229495048522949219e+01
9.010843276977539062e+00
8.956045150756835938e+00
1.265365886688232422e+01
1.173490142822265625e+01
9.944188117980957031e+00
4.537348270416259766e+00
1.048601341247558594e+01
1.169593238830566406e+01
1.025591182708740234e+01
1.196186351776123047e+01
1.141877555847167969e+01
1.017334747314453125e+01
9.254074096679687500e+00
1.005219554901123047e+01
1.418419361114501953e+01
1.225578498840332031e+01
1.188907814025878906e+01
1.033268356323242188e+01
1.164216995239257812e+01
1.228039455413818359e+01
9.087053298950195312e+00
8.282401084899902344e+00
1.012890911102294922e+01
1.079154396057128906e+01
1.070249366760253906e+01
5.421123027801513672e+00
1.122757434844970703e+01
1.210645389556884766e+01
1.283973217010498047e+01
1.208235073089599609e+01
9.665968894958496094e+00
1.017976665496826172e+01
1.330640888214111328e+01
1.455425739288330078e+01
4.109362602233886719e+00
1.043688774108886719e+01
1.359099197387695312e+01
1.069291400909423828e+01
5.445696353912353516e+00
9.546938896179199219e+00
1.211184120178222656e+01
1.235039901733398438e+01
1.266607666015625000e+01
1.216844177246093750e+01
8.857952117919921875e+00
5.617805480957031250e+00
1.242216014862060547e+01
1.374158859252929688e+01
1.136104297637939453e+01
7.527532577514648438e+00
1.015946674346923828e+01
1.089548683166503906e+01
9.822476387023925781e+00
9.160965919494628906e+00
1.330302524566650391e+01
9.348759651184082031e+00
1.327009677886962891e+01
1.162517738342285156e+01
1.255478954315185547e+01
1.119273948669433594e+01
8.449651718139648438e+00
1.259319686889648438e+01
1.148323917388916016e+01
7.643236637115478516e+00
9.819063186645507812e+00
8.129331588745117188e+00
1.274153327941894531e+01
8.491709709167480469e+00
1.064063739776611328e+01
1.007102203369140625e+01
1.189044952392578125e+01
8.890994071960449219e+00
9.760392189025878906e+00
1.013543319702148438e+01
9.958449363708496094e+00
1.027438735961914062e+01
1.135635375976562500e+01
1.131899452209472656e+01
1.114131164550781250e+01
4.806192398071289062e+00
8.964122772216796875e+00
1.246714019775390625e+01
8.444957733154296875e+00
1.027574920654296875e+01
1.080947017669677734e+01
1.150200366973876953e+01
4.346265792846679688e+00
1.168363666534423828e+01
9.422258377075195312e+00
1.108544445037841797e+01
9.079385757446289062e+00
1.311700439453125000e+01
1.090078067779541016e+01
1.292451858520507812e+01
6.347080230712890625e+00
1.341256237030029297e+01
1.242957401275634766e+01
5.111860752105712891e+00
1.304860019683837891e+01
1.077839469909667969e+01
1.195700073242187500e+01
1.377638149261474609e+01
1.240247154235839844e+01
9.093744277954101562e+00
