1.228857421875000000e+01
4.097977638244628906e+00
1.154774856567382812e+01
1.409799003601074219e+01
1.224004554748535156e+01
1.105801773071289062e+01
1.129538154602050781e+01
9.286175727844238281e+00
4.541318893432617188e+00
1.608502388000488281e+01
1.213358688354492188e+01
8.977114677429199219e+00
8.716460227966308594e+00
9.434078216552734375e+00
1.111349105834960938e+01
1.283322048187255859e+01
8.370854377746582031e+00
1.580718326568603516e+01
1.074472808837890625e+01
1.043605136871337891e+01
6.956332206726074219e+00
9.912490844726562500e+00
1.116555118560791016e+01
3.427827835083007812e+00
8.999124526977539062e+00
7.196688652038574219e+00
4.189711570739746094e+00
3.665431261062622070e+00
1.051469039916992188e+01
1.019818687438964844e+01
1.278768825531005859e+01
1.502026462554931641e+01
9.756096839904785156e+00
8.503104209899902344e+00
4.020332813262939453e+00
5.350732803344726562e+00
1.169572448730468750e+01
1.526491451263427734e+01
1.010316944122314453e+01
1.289652729034423828e+01
3.987917184829711914e+00
1.099842548370361328e+01
1.004774093627929688e+01
8.827508926391601562e+00
9.320366859436035156e+00
1.304046058654785156e+01
3.838813066482543945e+00
9.226220130920410156e+00
1.174662876129150391e+01
4.274898529052734375e+00
7.626172065734863281e+00
1.400030517578125000e+01
1.287729644775390625e+01
1.181264495849609375e+01
1.328421878814697266e+01
9.992713928222656250e+00
7.178227424621582031e+00
8.601973533630371094e+00
7.574684143066406250e+00
1.075861167907714844e+01
9.836041450500488281e+00
1.123765277862548828e+01
1.129312610626220703e+01
7.251080989837646484e+00
1.034125041961669922e+01
8.725912094116210938e+00
1.034254646301269531e+01
3.552551746368408203e+00
8.380673408508300781e+00
1.355107784271240234e+01
9.418863296508789062e+00
1.005025482177734375e+01
1.039335823059082031e+01
1.070891857147216797e+01
9.007610321044921875e+00
1.075389289855957031e+01
8.672250747680664062e+00
7.900648117065429688e+00
1.480917072296142578e+01
9.631101608276367188e+00
4.731850147247314453e+00
8.708203315734863281e+00
1.041576385498046875e+01
8.244685173034667969e+00
9.733488082885742188e+00
1.002584934234619141e+01
7.358179569244384766e+00
3.930844068527221680e+00
1.150176239013671875e+01
1.484763431549072266e+01
1.336142063140869141e+01
1.118076610565185547e+01
1.269960403442382812e+01
1.082417678833007812e+01
1.150700855255126953e+01
1.150097560882568359e+01
1.195112705230712891e+01
8.565108299255371094e+00
1.001367473602294922e+01
9.364516258239746094e+00
4.819612503051757812e+00
9.373808860778808594e+00
8.149302482604980469e+00
7.474069118499755859e+00
9.492169380187988281e+00
7.869583129882812500e+00
1.107721710205078125e+01
1.011485004425048828e+01
1.226597499847412109e+01
8.261545181274414062e+00
1.050788402557373047e+01
8.443358421325683594e+00
1.072914314270019531e+01
7.984275341033935547e+00
7.796567916870117188e+00
9.250554084777832031e+00
1.190216636657714844e+01
8.682873725891113281e+00
3.799504041671752930e+00
3.703082323074340820e+00
1.442799854278564453e+01
9.931790351867675781e+00
9.783761978149414062e+00
1.008621692657470703e+01
8.725190162658691406e+00
4.329305171966552734e+00
1.080653381347656250e+01
9.024026870727539062e+00
8.053637504577636719e+00
8.837750434875488281e+00
4.275502204895019531e+00
1.197990608215332031e+01
1.280760955810546875e+01
1.456426239013671875e+01
1.059094810485839844e+01
1.020976829528808594e+01
1.038020229339599609e+01
8.287487983703613281e+00
1.157766342163085938e+01
1.064821720123291016e+01
1.020870780944824219e+01
9.862333297729492188e+00
1.049991035461425781e+01
9.461249351501464844e+00
8.579380989074707031e+00
1.185196399688720703e+01
9.871543884277343750e+00
1.002074241638183594e+01
6.971525669097900391e+00
8.980546951293945312e+00
1.180664443969726562e+01
1.167343711853027344e+01
1.001046180725097656e+01
1.020636272430419922e+01
3.676842212677001953e+00
3.683745384216308594e+00
6.591926574707031250e+00
1.274865722656250000e+01
4.890188217163085938e+00
1.004337596893310547e+01
5.836632728576660156e+00
8.168822288513183594e+00
1.543734836578369141e+01
1.352930736541748047e+01
1.345778274536132812e+01
1.196528053283691406e+01
8.072604179382324219e+00
8.965418815612792969e+00
8.277787208557128906e+00
1.081611061096191406e+01
1.016926765441894531e+01
1.118606281280517578e+01
1.047316646575927734e+01
9.555411338806152344e+00
1.170692729949951172e+01
1.324862384796142578e+01
1.260718250274658203e+01
9.851991653442382812e+00
8.425431251525878906e+00
8.989778518676757812e+00
8.701999664306640625e+00
1.067150974273681641e+01
9.537352561950683594e+00
8.761658668518066406e+00
1.326674079895019531e+01
3.409798860549926758e+00
1.319127464294433594e+01
1.006490612030029297e+01
1.037149620056152344e+01
1.146979713439941406e+01
9.857017517089843750e+00
8.064888954162597656e+00
1.194683933258056641e+01
8.821309089660644531e+00
1.119602298736572266e+01
1.462187480926513672e+01
1.176763153076171875e+01
4.852810859680175781e+00
1.167704200744628906e+01
1.132244014739990234e+01
1.052367019653320312e+01
1.249503898620605469e+01
1.114210891723632812e+01
1.003805160522460938e+01
8.959138870239257812e+00
1.011838340759277344e+01
1.193075561523437500e+01
9.065367698669433594e+00
9.029048919677734375e+00
1.024511241912841797e+01
4.348487377166748047e+00
1.049342823028564453e+01
1.393917465209960938e+01
8.505968093872070312e+00
1.120006370544433594e+01
1.542685031890869141e+01
1.160520362854003906e+01
8.802162170410156250e+00
9.795170783996582031e+00
3.780790805816650391e+00
1.223030567169189453e+01
1.558954238891601562e+01
1.063338184356689453e+01
1.325231647491455078e+01
7.526988983154296875e+00
1.023789024353027344e+01
1.189285182952880859e+01
4.224714756011962891e+00
7.815705299377441406e+00
1.439777469635009766e+01
9.088599205017089844e+00
1.047984027862548828e+01
4.735371589660644531e+00
1.004452323913574219e+01
9.678961753845214844e+00
3.014806509017944336e+00
5.411355972290039062e+00
9.446133613586425781e+00
7.885766506195068359e+00
9.664495468139648438e+00
1.161692523956298828e+01
3.844529628753662109e+00
1.083586692810058594e+01
3.169112920761108398e+00
5.251898765563964844e+00
1.082332324981689453e+01
1.192758369445800781e+01
9.278361320495605469e+00
5.380477905273437500e+00
1.422666454315185547e+01
