9.125489234924316406e+00
8.941304206848144531e+00
9.037068367004394531e+00
1.131153011322021484e+01
1.187364292144775391e+01
9.902059555053710938e+00
1.181938648223876953e+01
8.584846496582031250e+00
8.729309082031250000e+00
9.084509849548339844e+00
1.307380294799804688e+01
4.174185276031494141e+00
1.337884521484375000e+01
6.993083477020263672e+00
6.422538280487060547e+00
8.487905502319335938e+00
1.177117919921875000e+01
9.392290115356445312e+00
1.041018676757812500e+01
1.210011482238769531e+01
4.168301105499267578e+00
7.503718376159667969e+00
1.204747581481933594e+01
1.027500343322753906e+01
7.333819389343261719e+00
1.138523960113525391e+01
1.090418148040771484e+01
7.927087783813476562e+00
8.621181488037109375e+00
3.224702835083007812e+00
1.227311134338378906e+01
1.060126209259033203e+01
1.452773284912109375e+01
1.560688400268554688e+01
3.878699302673339844e+00
7.980055809020996094e+00
8.023655891418457031e+00
8.848014831542968750e+00
1.355877876281738281e+01
1.123964595794677734e+01
5.420431137084960938e+00
3.670940160751342773e+00
7.907757282257080078e+00
1.126465988159179688e+01
9.729986190795898438e+00
8.505808830261230469e+00
1.177471256256103516e+01
9.327966690063476562e+00
6.291702270507812500e+00
1.113549900054931641e+01
1.237436962127685547e+01
5.057722568511962891e+00
8.849016189575195312e+00
1.152237987518310547e+01
1.022325134277343750e+01
1.136739063262939453e+01
1.266583633422851562e+01
8.726666450500488281e+00
4.472851276397705078e+00
1.025354194641113281e+01
9.339487075805664062e+00
1.056121826171875000e+01
8.225529670715332031e+00
3.909062385559082031e+00
1.133349895477294922e+01
1.414142227172851562e+01
1.256168937683105469e+01
1.244282531738281250e+01
1.147033023834228516e+01
9.267575263977050781e+00
1.192768955230712891e+01
7.389255046844482422e+00
1.356855678558349609e+01
1.340180110931396484e+01
9.642603874206542969e+00
8.910066604614257812e+00
1.244957637786865234e+01
9.407538414001464844e+00
1.047410964965820312e+01
3.109623432159423828e+00
1.173570346832275391e+01
1.312837791442871094e+01
1.178273200988769531e+01
1.484211158752441406e+01
1.257909584045410156e+01
9.090071678161621094e+00
3.777193546295166016e+00
7.903473854064941406e+00
1.140330696105957031e+01
8.389616966247558594e+00
9.581011772155761719e+00
8.397891044616699219e+00
1.258698177337646484e+01
1.102627086639404297e+01
3.658409833908081055e+00
8.065297126770019531e+00
1.080544471740722656e+01
9.084229469299316406e+00
1.137450981140136719e+01
5.746461868286132812e+00
9.178639411926269531e+00
1.298318576812744141e+01
1.269935131072998047e+01
1.380720806121826172e+01
1.198633289337158203e+01
1.146778297424316406e+01
1.490089988708496094e+01
8.587332725524902344e+00
1.132673454284667969e+01
8.829525947570800781e+00
7.004251003265380859e+00
1.085405540466308594e+01
8.359772682189941406e+00
7.991849422454833984e+00
9.534830093383789062e+00
1.415094375610351562e+01
1.131290626525878906e+01
1.354435157775878906e+01
1.502577495574951172e+01
9.947974205017089844e+00
9.946464538574218750e+00
1.252755737304687500e+01
6.001701831817626953e+00
9.146934509277343750e+00
1.240377426147460938e+01
9.857203483581542969e+00
1.064554405212402344e+01
1.222834300994873047e+01
1.224680519104003906e+01
4.851936340332031250e+00
1.128147220611572266e+01
8.613710403442382812e+00
1.123548221588134766e+01
1.086616802215576172e+01
9.623826980590820312e+00
1.228872013092041016e+01
7.272093772888183594e+00
3.569885492324829102e+00
7.880147933959960938e+00
1.111900520324707031e+01
8.610268592834472656e+00
8.392926216125488281e+00
9.143103599548339844e+00
8.658226966857910156e+00
1.312984085083007812e+01
1.267571353912353516e+01
8.161691665649414062e+00
1.218732452392578125e+01
1.104884052276611328e+01
1.172891330718994141e+01
1.139655399322509766e+01
9.670235633850097656e+00
1.268832492828369141e+01
1.075872039794921875e+01
1.268912506103515625e+01
3.937700033187866211e+00
1.219840621948242188e+01
9.613616943359375000e+00
8.647979736328125000e+00
1.208840179443359375e+01
4.331698894500732422e+00
7.418065547943115234e+00
1.160573673248291016e+01
9.548020362854003906e+00
7.919382095336914062e+00
8.500308036804199219e+00
8.554515838623046875e+00
8.543502807617187500e+00
7.563147544860839844e+00
7.411341190338134766e+00
9.243582725524902344e+00
9.701660156250000000e+00
1.256268787384033203e+01
6.653491497039794922e+00
8.023794174194335938e+00
8.656042098999023438e+00
6.922611713409423828e+00
3.706129074096679688e+00
8.692312240600585938e+00
8.358697891235351562e+00
1.536402130126953125e+01
1.119935512542724609e+01
9.242406845092773438e+00
4.404890537261962891e+00
8.764842033386230469e+00
1.147132301330566406e+01
1.092939090728759766e+01
1.179538154602050781e+01
1.082846736907958984e+01
1.008984756469726562e+01
1.131253910064697266e+01
9.692560195922851562e+00
1.240912723541259766e+01
1.200215053558349609e+01
1.169567966461181641e+01
1.015589618682861328e+01
1.301032257080078125e+01
8.375061035156250000e+00
4.455571651458740234e+00
8.934872627258300781e+00
1.268309020996093750e+01
5.303695201873779297e+00
1.190255165100097656e+01
1.257768344879150391e+01
8.425011634826660156e+00
1.078999042510986328e+01
7.718141555786132812e+00
1.138687419891357422e+01
1.059912586212158203e+01
9.845736503601074219e+00
9.819384574890136719e+00
1.155785751342773438e+01
9.766567230224609375e+00
9.265952110290527344e+00
1.355215835571289062e+01
9.872391700744628906e+00
7.064002990722656250e+00
1.010408687591552734e+01
1.251150321960449219e+01
7.351660251617431641e+00
8.690959930419921875e+00
4.373201370239257812e+00
4.475511550903320312e+00
9.469293594360351562e+00
1.227661323547363281e+01
1.283782291412353516e+01
9.127578735351562500e+00
1.052351474761962891e+01
1.389955043792724609e+01
1.036215877532958984e+01
4.117654800415039062e+00
8.268961906433105469e+00
9.131800651550292969e+00
8.608617782592773438e+00
4.540539741516113281e+00
9.271418571472167969e+00
1.316469478607177734e+01
8.584664344787597656e+00
1.129819107055664062e+01
4.238451957702636719e+00
7.164537429809570312e+00
1.105944728851318359e+01
1.002108097076416016e+01
1.404963111877441406e+01
1.306565666198730469e+01
9.392525672912597656e+00
1.219008541107177734e+01
1.055260562896728516e+01
1.466769218444824219e+01
9.042685508728027344e+00
