1.037921237945556641e+01
9.703900337219238281e+00
8.531700134277343750e+00
9.852684974670410156e+00
1.077846336364746094e+01
7.961290836334228516e+00
1.054944515228271484e+01
9.361138343811035156e+00
1.291378879547119141e+01
8.041801452636718750e+00
1.323893260955810547e+01
8.550156593322753906e+00
1.272690391540527344e+01
8.304371833801269531e+00
9.984849929809570312e+00
9.833865165710449219e+00
1.129951095581054688e+01
8.282431602478027344e+00
9.099445343017578125e+00
9.645815849304199219e+00
1.205088615417480469e+01
9.401017189025878906e+00
1.050089263916015625e+01
1.025736331939697266e+01
5.301485061645507812e+00
7.801662921905517578e+00
1.016271495819091797e+01
7.410594463348388672e+00
9.591992378234863281e+00
7.362270832061767578e+00
1.210544586181640625e+01
1.135412216186523438e+01
5.949939250946044922e+00
5.001007556915283203e+00
1.050623226165771484e+01
1.116849231719970703e+01
3.850501060485839844e+00
1.041788005828857422e+01
9.801426887512207031e+00
1.026409244537353516e+01
1.167210388183593750e+01
1.157816219329833984e+01
4.800986766815185547e+00
9.837401390075683594e+00
1.104692649841308594e+01
7.728742122650146484e+00
1.080125045776367188e+01
9.098390579223632812e+00
1.063453674316406250e+01
1.005607414245605469e+01
1.339622306823730469e+01
8.872714042663574219e+00
1.066333198547363281e+01
4.016567230224609375e+00
1.098556423187255859e+01
1.030501079559326172e+01
9.573392868041992188e+00
9.631043434143066406e+00
5.612881183624267578e+00
9.478813171386718750e+00
1.020243930816650391e+01
3.809884071350097656e+00
1.056657505035400391e+01
3.641175985336303711e+00
1.226771831512451172e+01
8.546616554260253906e+00
1.260482501983642578e+01
9.393623352050781250e+00
6.712002754211425781e+00
1.117217731475830078e+01
1.469879245758056641e+01
8.598765373229980469e+00
3.656382560729980469e+00
7.925788402557373047e+00
6.037666797637939453e+00
1.044881343841552734e+01
1.299339389801025391e+01
9.800256729125976562e+00
9.755475997924804688e+00
7.922651767730712891e+00
1.163502883911132812e+01
9.755318641662597656e+00
1.147122097015380859e+01
1.148091983795166016e+01
1.016698455810546875e+01
1.034310913085937500e+01
1.097052288055419922e+01
1.061896800994873047e+01
5.960304737091064453e+00
1.085995769500732422e+01
9.627121925354003906e+00
1.089926338195800781e+01
1.198193931579589844e+01
8.806159973144531250e+00
1.375539112091064453e+01
1.175162220001220703e+01
1.479601001739501953e+01
1.137190818786621094e+01
1.205496597290039062e+01
1.091126155853271484e+01
1.184049034118652344e+01
1.015685367584228516e+01
1.163848590850830078e+01
3.625328540802001953e+00
1.263212299346923828e+01
8.262189865112304688e+00
1.171885204315185547e+01
9.865092277526855469e+00
7.245475292205810547e+00
3.599572896957397461e+00
9.042831420898437500e+00
8.366410255432128906e+00
1.326473999023437500e+01
8.999119758605957031e+00
1.118655490875244141e+01
1.069736099243164062e+01
1.056412696838378906e+01
1.064883518218994141e+01
8.847055435180664062e+00
1.040120983123779297e+01
1.021160507202148438e+01
1.300548458099365234e+01
5.310365676879882812e+00
8.531491279602050781e+00
9.642463684082031250e+00
1.086655330657958984e+01
1.261222553253173828e+01
8.932187080383300781e+00
1.180837440490722656e+01
1.034114265441894531e+01
5.183103561401367188e+00
7.537854671478271484e+00
4.955968856811523438e+00
1.188632297515869141e+01
1.120719814300537109e+01
1.214246368408203125e+01
1.148116016387939453e+01
9.653866767883300781e+00
1.202660846710205078e+01
8.328773498535156250e+00
1.155809116363525391e+01
1.176631927490234375e+01
1.134989738464355469e+01
1.076408290863037109e+01
1.074269676208496094e+01
1.098299121856689453e+01
1.235201740264892578e+01
1.122792148590087891e+01
1.035369014739990234e+01
1.280239009857177734e+01
3.922846794128417969e+00
4.522900104522705078e+00
8.660155296325683594e+00
1.344429492950439453e+01
1.250547409057617188e+01
1.139908981323242188e+01
4.115136623382568359e+00
8.713933944702148438e+00
4.073624610900878906e+00
9.912741661071777344e+00
1.039565467834472656e+01
9.539650917053222656e+00
1.184134292602539062e+01
8.257281303405761719e+00
9.536226272583007812e+00
1.004480266571044922e+01
1.056708431243896484e+01
8.026699066162109375e+00
4.585647106170654297e+00
1.161384296417236328e+01
1.468504047393798828e+01
7.428668022155761719e+00
1.072378349304199219e+01
1.313343906402587891e+01
1.342176628112792969e+01
1.191924190521240234e+01
1.101756191253662109e+01
9.069173812866210938e+00
1.087945747375488281e+01
8.127946853637695312e+00
7.484905719757080078e+00
1.132078838348388672e+01
1.212553596496582031e+01
8.921650886535644531e+00
1.207822036743164062e+01
1.101312828063964844e+01
8.676275253295898438e+00
9.790862083435058594e+00
1.206546783447265625e+01
4.568531513214111328e+00
8.895559310913085938e+00
8.651951789855957031e+00
9.909543037414550781e+00
4.900216102600097656e+00
7.385179042816162109e+00
1.407823085784912109e+01
5.106370449066162109e+00
8.147808074951171875e+00
9.978487968444824219e+00
9.735472679138183594e+00
1.191410541534423828e+01
1.009552955627441406e+01
7.384733200073242188e+00
1.026232528686523438e+01
1.148970413208007812e+01
9.955595970153808594e+00
1.196445560455322266e+01
1.127127552032470703e+01
8.249791145324707031e+00
9.752814292907714844e+00
9.513059616088867188e+00
8.291598320007324219e+00
1.104802131652832031e+01
8.876047134399414062e+00
7.801312446594238281e+00
9.737692832946777344e+00
4.100648403167724609e+00
9.009245872497558594e+00
1.093081569671630859e+01
1.363866519927978516e+01
7.436257839202880859e+00
1.252042007446289062e+01
9.864184379577636719e+00
9.379753112792968750e+00
9.882450103759765625e+00
8.444906234741210938e+00
1.239650058746337891e+01
8.693855285644531250e+00
9.068953514099121094e+00
5.111740589141845703e+00
1.144955921173095703e+01
8.156203269958496094e+00
9.044582366943359375e+00
8.125592231750488281e+00
9.052432060241699219e+00
1.040794086456298828e+01
1.344834423065185547e+01
8.041537284851074219e+00
1.181977653503417969e+01
8.753071784973144531e+00
9.521821022033691406e+00
1.279071712493896484e+01
9.019427299499511719e+00
1.283912754058837891e+01
1.100753593444824219e+01
1.239942932128906250e+01
6.914596557617187500e+00
5.247433662414550781e+00
4.087260723114013672e+00
9.180075645446777344e+00
