9.813785552978515625e+00
1.001180171966552734e+01
9.328488349914550781e+00
8.846753120422363281e+00
1.131303215026855469e+01
1.052613639831542969e+01
1.319286632537841797e+01
9.991630554199218750e+00
9.980952262878417969e+00
1.024508285522460938e+01
1.195037555694580078e+01
1.132889842987060547e+01
1.105055809020996094e+01
1.027729034423828125e+01
9.229260444641113281e+00
1.015815258026123047e+01
9.004400253295898438e+00
1.073838615417480469e+01
1.125108051300048828e+01
1.027016830444335938e+01
8.865142822265625000e+00
8.944196701049804688e+00
8.518767356872558594e+00
4.080331325531005859e+00
1.235747146606445312e+01
1.213859272003173828e+01
1.150484275817871094e+01
1.069925594329833984e+01
1.065222167968750000e+01
1.082460117340087891e+01
9.269154548645019531e+00
9.420570373535156250e+00
3.455113410949707031e+00
1.079076862335205078e+01
1.110357475280761719e+01
1.018812751770019531e+01
1.006801033020019531e+01
1.005665111541748047e+01
7.761060714721679688e+00
9.074072837829589844e+00
1.267442417144775391e+01
9.505794525146484375e+00
1.073560237884521484e+01
1.065212917327880859e+01
1.043969917297363281e+01
9.794499397277832031e+00
1.221889781951904297e+01
8.370612144470214844e+00
1.137924003601074219e+01
9.926158905029296875e+00
9.003470420837402344e+00
4.088299274444580078e+00
1.474233627319335938e+01
1.008947563171386719e+01
1.505878639221191406e+01
3.556549072265625000e+00
4.007282733917236328e+00
8.719081878662109375e+00
9.467066764831542969e+00
1.358785152435302734e+01
1.133098316192626953e+01
1.107487010955810547e+01
3.548341512680053711e+00
4.185193538665771484e+00
1.064775180816650391e+01
9.994421958923339844e+00
7.310564994812011719e+00
1.114306449890136719e+01
4.065968990325927734e+00
1.136824226379394531e+01
1.244923782348632812e+01
1.381542301177978516e+01
9.832056045532226562e+00
8.378886222839355469e+00
1.081381511688232422e+01
7.225522041320800781e+00
9.903972625732421875e+00
1.028526306152343750e+01
1.287217235565185547e+01
9.363269805908203125e+00
9.996846199035644531e+00
1.057133579254150391e+01
1.306710529327392578e+01
4.039916038513183594e+00
1.083330345153808594e+01
1.074842929840087891e+01
1.175384807586669922e+01
1.031720161437988281e+01
8.914942741394042969e+00
1.288009262084960938e+01
9.668552398681640625e+00
1.294917201995849609e+01
9.149536132812500000e+00
9.630478858947753906e+00
6.232017993927001953e+00
8.268415451049804688e+00
1.292522430419921875e+01
1.121676158905029297e+01
7.881739616394042969e+00
1.035034751892089844e+01
1.063595867156982422e+01
1.107179641723632812e+01
7.526445388793945312e+00
5.520376205444335938e+00
9.086460113525390625e+00
9.718589782714843750e+00
1.518814373016357422e+01
1.170423412322998047e+01
9.359321594238281250e+00
1.195507144927978516e+01
7.595729827880859375e+00
1.318527126312255859e+01
1.045852565765380859e+01
7.472851276397705078e+00
1.108968544006347656e+01
8.077091217041015625e+00
1.216726112365722656e+01
1.201276206970214844e+01
1.185720825195312500e+01
8.364142417907714844e+00
1.111583137512207031e+01
7.067911624908447266e+00
8.315778732299804688e+00
1.047426509857177734e+01
1.145438289642333984e+01
9.656382560729980469e+00
1.259824657440185547e+01
9.393239974975585938e+00
8.942607879638671875e+00
7.751904487609863281e+00
4.044185161590576172e+00
1.086994647979736328e+01
7.978621959686279297e+00
1.178148365020751953e+01
8.735956192016601562e+00
7.864649295806884766e+00
5.409791946411132812e+00
1.073717784881591797e+01
1.080531883239746094e+01
3.856080770492553711e+00
1.043658447265625000e+01
1.017004776000976562e+01
8.530323028564453125e+00
9.666764259338378906e+00
1.056699657440185547e+01
9.113640785217285156e+00
9.304034233093261719e+00
8.040420532226562500e+00
1.132291603088378906e+01
1.385743236541748047e+01
3.702450990676879883e+00
8.742674827575683594e+00
9.851738929748535156e+00
1.172786331176757812e+01
1.060671520233154297e+01
1.335062789916992188e+01
1.190237617492675781e+01
9.386492729187011719e+00
4.162038803100585938e+00
9.747994422912597656e+00
9.413980484008789062e+00
1.180511188507080078e+01
1.004662132263183594e+01
7.317983150482177734e+00
1.225921630859375000e+01
7.151844501495361328e+00
1.116281795501708984e+01
1.106954956054687500e+01
8.581632614135742188e+00
9.053793907165527344e+00
1.057976722717285156e+01
1.094352340698242188e+01
1.164484214782714844e+01
1.045322227478027344e+01
8.770269393920898438e+00
1.029299926757812500e+01
1.278729629516601562e+01
1.099759769439697266e+01
9.951491355895996094e+00
1.027006816864013672e+01
1.269159507751464844e+01
1.217772006988525391e+01
1.041132068634033203e+01
1.149470043182373047e+01
1.082186698913574219e+01
9.760988235473632812e+00
1.055809497833251953e+01
1.181306934356689453e+01
1.133954143524169922e+01
9.657934188842773438e+00
4.675141811370849609e+00
9.691848754882812500e+00
1.252281284332275391e+01
9.661704063415527344e+00
5.094116210937500000e+00
9.620342254638671875e+00
1.146902656555175781e+01
9.955048561096191406e+00
1.040053844451904297e+01
8.056899070739746094e+00
9.600272178649902344e+00
1.137084579467773438e+01
1.433824729919433594e+01
1.143591499328613281e+01
1.000671195983886719e+01
8.014604568481445312e+00
1.308047676086425781e+01
3.925543069839477539e+00
1.051100635528564453e+01
6.798013687133789062e+00
1.212508869171142578e+01
1.134640979766845703e+01
1.288660717010498047e+01
8.689970016479492188e+00
1.310981559753417969e+01
7.600048542022705078e+00
1.118536186218261719e+01
8.887973785400390625e+00
1.193734836578369141e+01
3.305107593536376953e+00
9.748744964599609375e+00
1.329415321350097656e+01
4.206364631652832031e+00
1.353157711029052734e+01
1.124147605895996094e+01
4.456351757049560547e+00
8.728974342346191406e+00
5.923287868499755859e+00
1.401111888885498047e+01
1.051991558074951172e+01
1.194023609161376953e+01
1.171578121185302734e+01
3.646409511566162109e+00
1.127810478210449219e+01
6.976676940917968750e+00
1.005498409271240234e+01
1.106346511840820312e+01
3.607169628143310547e+00
1.099698734283447266e+01
1.340966129302978516e+01
1.183396339416503906e+01
7.945531368255615234e+00
7.917548656463623047e+00
1.016736221313476562e+01
9.342408180236816406e+00
8.282779693603515625e+00
1.083012866973876953e+01
9.766381263732910156e+00
1.130579757690429688e+01
3.406053304672241211e+00
