7.428668498992919922e+00
1.269911003112792969e+01
1.157490348815917969e+01
1.253831863403320312e+01
1.208532524108886719e+01
3.798557043075561523e+00
1.310944747924804688e+01
1.197017478942871094e+01
5.201277732849121094e+00
1.095753383636474609e+01
1.273241233825683594e+01
1.013680553436279297e+01
1.627692985534667969e+01
3.472110033035278320e+00
9.116684913635253906e+00
1.178269386291503906e+01
1.206709480285644531e+01
1.344580364227294922e+01
1.439379692077636719e+01
9.626073837280273438e+00
9.612902641296386719e+00
3.391020774841308594e+00
1.264751052856445312e+01
7.608049392700195312e+00
7.989111900329589844e+00
1.101864433288574219e+01
1.052769660949707031e+01
1.086104965209960938e+01
1.010824680328369141e+01
1.246872806549072266e+01
8.428001403808593750e+00
8.775072097778320312e+00
1.206023597717285156e+01
8.934473037719726562e+00
1.174483394622802734e+01
9.027709960937500000e+00
1.039392757415771484e+01
6.968617439270019531e+00
9.375364303588867188e+00
1.139772224426269531e+01
9.361759185791015625e+00
1.581715393066406250e+01
1.126316833496093750e+01
1.214560317993164062e+01
1.056276988983154297e+01
1.313118553161621094e+01
9.432060241699218750e+00
4.951430320739746094e+00
9.331966400146484375e+00
1.378106498718261719e+01
3.939816236495971680e+00
1.322344112396240234e+01
4.004026889801025391e+00
1.264547634124755859e+01
9.490581512451171875e+00
9.334237098693847656e+00
9.605467796325683594e+00
1.162805271148681641e+01
9.685068130493164062e+00
1.180706119537353516e+01
1.116506862640380859e+01
6.926223278045654297e+00
1.007788848876953125e+01
1.154176998138427734e+01
1.339478302001953125e+01
1.351700305938720703e+01
9.657125473022460938e+00
1.117829227447509766e+01
1.092983627319335938e+01
1.200467681884765625e+01
7.504219055175781250e+00
9.532216072082519531e+00
3.356532812118530273e+00
9.153478622436523438e+00
1.365999698638916016e+01
1.044172382354736328e+01
1.283687877655029297e+01
8.720429420471191406e+00
9.132070541381835938e+00
1.184669113159179688e+01
1.011016273498535156e+01
4.291866302490234375e+00
1.197727680206298828e+01
1.186806869506835938e+01
8.632579803466796875e+00
1.297271537780761719e+01
1.199570655822753906e+01
9.461782455444335938e+00
8.523332595825195312e+00
1.169052696228027344e+01
7.052868843078613281e+00
8.719901084899902344e+00
1.385694122314453125e+01
6.910302162170410156e+00
9.508302688598632812e+00
1.034518432617187500e+01
1.234135818481445312e+01
8.277200698852539062e+00
1.403645896911621094e+01
1.079165267944335938e+01
4.092201232910156250e+00
4.435805797576904297e+00
8.547861099243164062e+00
1.229844379425048828e+01
1.347480201721191406e+01
1.154755973815917969e+01
1.013612842559814453e+01
9.967739105224609375e+00
8.661956787109375000e+00
1.093287277221679688e+01
1.081042098999023438e+01
8.664211273193359375e+00
1.299175643920898438e+01
6.819687843322753906e+00
9.495081901550292969e+00
9.303865432739257812e+00
1.117876243591308594e+01
8.511534690856933594e+00
1.000123023986816406e+01
7.936748027801513672e+00
1.116848659515380859e+01
9.839858055114746094e+00
1.582223415374755859e+01
9.324026107788085938e+00
9.241668701171875000e+00
1.384453868865966797e+01
1.023218727111816406e+01
9.961963653564453125e+00
3.551417112350463867e+00
1.298389339447021484e+01
1.206628608703613281e+01
1.093806076049804688e+01
1.035428333282470703e+01
1.106598854064941406e+01
9.864020347595214844e+00
4.432358264923095703e+00
1.031970024108886719e+01
7.748130798339843750e+00
1.216975784301757812e+01
4.103122711181640625e+00
1.249812030792236328e+01
1.091571140289306641e+01
1.152898788452148438e+01
1.418216037750244141e+01
8.799221038818359375e+00
7.976324081420898438e+00
9.708220481872558594e+00
5.223876953125000000e+00
6.310577869415283203e+00
6.882427692413330078e+00
3.431979894638061523e+00
4.122828006744384766e+00
1.049363422393798828e+01
9.986343383789062500e+00
1.270290660858154297e+01
9.065672874450683594e+00
1.171846866607666016e+01
1.198270130157470703e+01
1.094746780395507812e+01
7.655552864074707031e+00
7.481822967529296875e+00
9.690242767333984375e+00
7.495869159698486328e+00
8.046944618225097656e+00
8.081297874450683594e+00
6.653149127960205078e+00
9.684629440307617188e+00
1.238552856445312500e+01
1.324746608734130859e+01
8.152970314025878906e+00
1.038134574890136719e+01
1.082863235473632812e+01
1.045775222778320312e+01
1.432520771026611328e+01
1.217522716522216797e+01
8.581216812133789062e+00
3.227076768875122070e+00
8.119344711303710938e+00
1.171770668029785156e+01
1.097329711914062500e+01
1.267114448547363281e+01
1.054049682617187500e+01
9.294994354248046875e+00
7.373888492584228516e+00
1.214307403564453125e+01
1.191993999481201172e+01
1.248296165466308594e+01
1.026595973968505859e+01
1.336154842376708984e+01
1.083549213409423828e+01
8.892139434814453125e+00
1.410193729400634766e+01
8.888925552368164062e+00
1.372794342041015625e+01
1.064389419555664062e+01
9.757096290588378906e+00
1.149750137329101562e+01
1.109579944610595703e+01
1.185748863220214844e+01
1.019802665710449219e+01
1.265563106536865234e+01
1.001060009002685547e+01
8.749363899230957031e+00
9.971700668334960938e+00
3.045703172683715820e+00
4.508494377136230469e+00
4.882458686828613281e+00
1.107615661621093750e+01
1.220056724548339844e+01
1.175972747802734375e+01
1.133299350738525391e+01
1.320864677429199219e+01
4.189321994781494141e+00
3.989189624786376953e+00
9.435857772827148438e+00
1.012746715545654297e+01
3.124503612518310547e+00
8.533899307250976562e+00
1.251560020446777344e+01
1.323598670959472656e+01
1.116175174713134766e+01
3.428133010864257812e+00
1.216359806060791016e+01
1.032666301727294922e+01
1.084861183166503906e+01
1.122632122039794922e+01
1.068743324279785156e+01
8.430409431457519531e+00
9.758936882019042969e+00
1.078844356536865234e+01
1.603499794006347656e+01
1.132170104980468750e+01
8.315313339233398438e+00
1.104574680328369141e+01
1.174661636352539062e+01
9.301270484924316406e+00
1.314154624938964844e+01
8.650838851928710938e+00
1.320826721191406250e+01
1.136531734466552734e+01
1.049027729034423828e+01
8.328906059265136719e+00
1.140333652496337891e+01
1.076205062866210938e+01
7.431027889251708984e+00
1.044481754302978516e+01
3.809391498565673828e+00
1.171704959869384766e+01
1.040996742248535156e+01
1.114083099365234375e+01
