1.150466060638427734e+01
1.126548480987548828e+01
1.007836723327636719e+01
9.418324470520019531e+00
1.022931575775146484e+01
1.013185214996337891e+01
1.116382598876953125e+01
6.862292289733886719e+00
1.296713542938232422e+01
8.688557624816894531e+00
3.644620895385742188e+00
1.048619842529296875e+01
1.237283229827880859e+01
8.344593048095703125e+00
8.316954612731933594e+00
5.108628273010253906e+00
7.639457702636718750e+00
9.744472503662109375e+00
8.650482177734375000e+00
7.879628658294677734e+00
8.767073631286621094e+00
7.199696063995361328e+00
1.120393276214599609e+01
9.480420112609863281e+00
1.286432361602783203e+01
8.179407119750976562e+00
9.170271873474121094e+00
1.189604282379150391e+01
1.026632499694824219e+01
8.535283088684082031e+00
1.133489418029785156e+01
1.146183490753173828e+01
1.060278511047363281e+01
9.321643829345703125e+00
1.405491256713867188e+01
1.147728824615478516e+01
8.852332115173339844e+00
8.656332969665527344e+00
1.129783725738525391e+01
1.296990489959716797e+01
1.123052978515625000e+01
9.491917610168457031e+00
8.732303619384765625e+00
3.930460691452026367e+00
8.604064941406250000e+00
1.324909877777099609e+01
1.321369171142578125e+01
1.263560581207275391e+01
1.255814361572265625e+01
9.062225341796875000e+00
9.168429374694824219e+00
1.171529293060302734e+01
1.112420368194580078e+01
9.141592979431152344e+00
1.366774177551269531e+01
8.114232063293457031e+00
1.091033649444580078e+01
9.371764183044433594e+00
9.997733116149902344e+00
3.290549039840698242e+00
1.092777061462402344e+01
1.188923358917236328e+01
8.688068389892578125e+00
1.243374538421630859e+01
9.109299659729003906e+00
9.436043739318847656e+00
8.688886642456054688e+00
1.001723957061767578e+01
1.067097854614257812e+01
8.113982200622558594e+00
8.732430458068847656e+00
8.594737052917480469e+00
1.247621536254882812e+01
1.276206207275390625e+01
9.734449386596679688e+00
8.685388565063476562e+00
1.060569381713867188e+01
1.065660476684570312e+01
8.166091918945312500e+00
8.254755973815917969e+00
1.169038009643554688e+01
8.976188659667968750e+00
8.781221389770507812e+00
9.417289733886718750e+00
1.180179691314697266e+01
3.512280941009521484e+00
1.131217098236083984e+01
1.245656108856201172e+01
8.788167953491210938e+00
1.119103908538818359e+01
7.157660961151123047e+00
1.357423877716064453e+01
1.201377296447753906e+01
1.147200870513916016e+01
1.083411788940429688e+01
1.022447013854980469e+01
8.695796966552734375e+00
7.810382843017578125e+00
1.380966758728027344e+01
8.335654258728027344e+00
1.147314262390136719e+01
9.928813934326171875e+00
1.478242206573486328e+01
1.166813659667968750e+01
7.493147850036621094e+00
3.889571428298950195e+00
1.151016902923583984e+01
4.799718379974365234e+00
1.148106765747070312e+01
9.765423774719238281e+00
9.444896697998046875e+00
1.004712963104248047e+01
7.345042705535888672e+00
1.313916683197021484e+01
1.169330024719238281e+01
1.225895977020263672e+01
9.096206665039062500e+00
3.665582418441772461e+00
4.554757118225097656e+00
1.321222019195556641e+01
1.353482818603515625e+01
8.199845314025878906e+00
1.010019493103027344e+01
1.137928485870361328e+01
1.479557800292968750e+01
8.213659286499023438e+00
1.370486164093017578e+01
1.296409893035888672e+01
8.823027610778808594e+00
9.891642570495605469e+00
1.167715358734130859e+01
9.185807228088378906e+00
9.726005554199218750e+00
3.440098762512207031e+00
1.042252635955810547e+01
1.116065788269042969e+01
1.201010704040527344e+01
8.312024116516113281e+00
9.575577735900878906e+00
1.073894786834716797e+01
9.234959602355957031e+00
9.990836143493652344e+00
1.238537120819091797e+01
8.607341766357421875e+00
8.094884872436523438e+00
3.585780620574951172e+00
9.687208175659179688e+00
8.011448860168457031e+00
1.004956531524658203e+01
1.183034801483154297e+01
8.355290412902832031e+00
3.802279710769653320e+00
1.008308124542236328e+01
7.409415721893310547e+00
1.305785560607910156e+01
8.075053215026855469e+00
9.913516998291015625e+00
6.283424854278564453e+00
9.894391059875488281e+00
7.432041645050048828e+00
1.207521915435791016e+01
1.050832653045654297e+01
9.007360458374023438e+00
7.977064609527587891e+00
1.162342834472656250e+01
8.296222686767578125e+00
1.163647556304931641e+01
4.887004852294921875e+00
9.827363967895507812e+00
7.706177234649658203e+00
9.365763664245605469e+00
1.230459117889404297e+01
1.338888359069824219e+01
1.001875591278076172e+01
7.569298267364501953e+00
7.505300521850585938e+00
8.773386955261230469e+00
9.473870277404785156e+00
1.127305507659912109e+01
1.150490951538085938e+01
1.271559619903564453e+01
8.041112899780273438e+00
1.296327400207519531e+01
8.856527328491210938e+00
7.914258003234863281e+00
1.154790592193603516e+01
1.006006813049316406e+01
8.848139762878417969e+00
1.104406261444091797e+01
3.499094247817993164e+00
1.137781047821044922e+01
9.172005653381347656e+00
1.137050437927246094e+01
6.218989849090576172e+00
1.141403675079345703e+01
1.053872776031494141e+01
1.036728096008300781e+01
9.680761337280273438e+00
8.910263061523437500e+00
9.827985763549804688e+00
1.344148921966552734e+01
1.176254081726074219e+01
9.116823196411132812e+00
1.035703182220458984e+01
4.641142845153808594e+00
9.186199188232421875e+00
1.058925247192382812e+01
8.649735450744628906e+00
1.173952388763427734e+01
7.430804252624511719e+00
1.496594715118408203e+01
1.246343421936035156e+01
9.445137023925781250e+00
1.098193836212158203e+01
1.445748519897460938e+01
8.424430847167968750e+00
1.249942302703857422e+01
8.758750915527343750e+00
4.234270095825195312e+00
1.025749301910400391e+01
9.332519531250000000e+00
1.325072765350341797e+01
8.200287818908691406e+00
1.076274204254150391e+01
8.825642585754394531e+00
6.006941795349121094e+00
6.969425678253173828e+00
1.219138145446777344e+01
1.093295097351074219e+01
1.320490837097167969e+01
1.227669525146484375e+01
1.134836196899414062e+01
3.402430295944213867e+00
1.011243820190429688e+01
1.585076904296875000e+01
1.005037117004394531e+01
1.158591079711914062e+01
8.487180709838867188e+00
8.718054771423339844e+00
1.008637237548828125e+01
1.035847187042236328e+01
8.476810455322265625e+00
1.022130203247070312e+01
9.194887161254882812e+00
1.052122020721435547e+01
5.215178966522216797e+00
9.863574028015136719e+00
1.462815761566162109e+01
1.453718280792236328e+01
1.273975467681884766e+01
