3.781783342361450195e+00
1.272456645965576172e+01
4.367549896240234375e+00
1.033951854705810547e+01
1.205764675140380859e+01
9.847227096557617188e+00
9.477174758911132812e+00
1.093838119506835938e+01
9.502173423767089844e+00
1.217817497253417969e+01
9.482923507690429688e+00
8.681190490722656250e+00
1.417301177978515625e+01
8.242054939270019531e+00
1.091897106170654297e+01
5.392469406127929688e+00
1.022821521759033203e+01
9.464606285095214844e+00
9.230739593505859375e+00
1.276267910003662109e+01
1.488505554199218750e+01
1.092943000793457031e+01
9.810460090637207031e+00
1.009191703796386719e+01
9.957785606384277344e+00
9.152776718139648438e+00
4.917703151702880859e+00
9.366613388061523438e+00
5.865130424499511719e+00
1.330841350555419922e+01
8.604089736938476562e+00
1.106763935089111328e+01
1.022009563446044922e+01
1.086341381072998047e+01
1.168531703948974609e+01
9.685534477233886719e+00
1.018613719940185547e+01
1.494453525543212891e+01
1.070256996154785156e+01
4.920979499816894531e+00
4.577846527099609375e+00
1.244609928131103516e+01
1.188148689270019531e+01
1.120386314392089844e+01
3.698910474777221680e+00
1.140518379211425781e+01
1.013738155364990234e+01
1.075751399993896484e+01
8.397260665893554688e+00
1.080513954162597656e+01
1.312933063507080078e+01
1.122839832305908203e+01
1.377061557769775391e+01
1.170262145996093750e+01
9.304262161254882812e+00
1.043783092498779297e+01
9.493546485900878906e+00
9.419918060302734375e+00
3.257103204727172852e+00
1.134848594665527344e+01
9.459438323974609375e+00
9.978369712829589844e+00
8.897481918334960938e+00
1.139423561096191406e+01
9.303782463073730469e+00
1.199558353424072266e+01
8.284758567810058594e+00
7.105016231536865234e+00
1.385569858551025391e+01
9.243422508239746094e+00
1.278067111968994141e+01
3.541243791580200195e+00
8.793556213378906250e+00
1.036478233337402344e+01
1.081341171264648438e+01
9.615571022033691406e+00
1.236378765106201172e+01
8.575429916381835938e+00
1.253272914886474609e+01
1.240011501312255859e+01
8.580894470214843750e+00
9.469574928283691406e+00
1.070905971527099609e+01
1.140363883972167969e+01
8.629480361938476562e+00
1.186147308349609375e+01
8.084894180297851562e+00
1.133662223815917969e+01
1.358614730834960938e+01
1.025160503387451172e+01
9.539583206176757812e+00
8.962019920349121094e+00
1.234231185913085938e+01
5.646977424621582031e+00
8.299303054809570312e+00
1.210249710083007812e+01
1.476646423339843750e+01
1.090892219543457031e+01
3.226476430892944336e+00
1.028305530548095703e+01
1.049157619476318359e+01
1.052635574340820312e+01
3.591506242752075195e+00
9.764495849609375000e+00
1.021881961822509766e+01
1.105680465698242188e+01
1.247658061981201172e+01
1.002454757690429688e+01
1.209149837493896484e+01
8.386177062988281250e+00
1.166415309906005859e+01
8.634104728698730469e+00
1.254825496673583984e+01
5.439412117004394531e+00
8.480865478515625000e+00
1.241579532623291016e+01
8.985459327697753906e+00
1.125395679473876953e+01
7.404955387115478516e+00
1.335389614105224609e+01
1.101871967315673828e+01
1.018487453460693359e+01
1.072014522552490234e+01
1.096302509307861328e+01
7.767355442047119141e+00
1.044830417633056641e+01
1.133994579315185547e+01
1.024773406982421875e+01
7.461404323577880859e+00
8.685944557189941406e+00
1.079852485656738281e+01
9.411964416503906250e+00
3.921513795852661133e+00
7.050168991088867188e+00
6.139608860015869141e+00
1.149275207519531250e+01
1.223240566253662109e+01
1.185196399688720703e+01
1.178831863403320312e+01
1.197595787048339844e+01
1.371094894409179688e+01
9.411121368408203125e+00
1.028247070312500000e+01
1.166878890991210938e+01
8.976675987243652344e+00
9.317944526672363281e+00
6.651563167572021484e+00
1.068442630767822266e+01
1.058079624176025391e+01
7.164267063140869141e+00
9.364315986633300781e+00
9.301884651184082031e+00
8.969521522521972656e+00
1.007778072357177734e+01
1.254881191253662109e+01
1.043479537963867188e+01
3.651694297790527344e+00
8.795948028564453125e+00
1.079674434661865234e+01
1.083284950256347656e+01
8.998324394226074219e+00
1.319625473022460938e+01
8.791215896606445312e+00
8.417510032653808594e+00
1.026035594940185547e+01
9.785064697265625000e+00
1.045761394500732422e+01
9.867445945739746094e+00
1.206857776641845703e+01
8.102116584777832031e+00
1.206676578521728516e+01
5.019761085510253906e+00
8.115976333618164062e+00
9.393697738647460938e+00
8.489401817321777344e+00
4.363097190856933594e+00
3.193341970443725586e+00
8.377918243408203125e+00
1.161618423461914062e+01
4.236514091491699219e+00
1.174627590179443359e+01
9.787920951843261719e+00
4.354078769683837891e+00
8.879661560058593750e+00
4.287126541137695312e+00
7.921312332153320312e+00
1.142927646636962891e+01
1.115199565887451172e+01
1.226837921142578125e+01
4.210377216339111328e+00
1.184177970886230469e+01
9.658978462219238281e+00
7.390745162963867188e+00
8.819391250610351562e+00
3.652334451675415039e+00
1.016985797882080078e+01
9.845730781555175781e+00
5.345269203186035156e+00
1.301796150207519531e+01
1.452289772033691406e+01
1.030945110321044922e+01
1.216024494171142578e+01
8.496561050415039062e+00
1.156257247924804688e+01
6.984533309936523438e+00
3.454018115997314453e+00
1.369474697113037109e+01
1.203194236755371094e+01
1.558059978485107422e+01
9.280181884765625000e+00
1.132505321502685547e+01
8.827854156494140625e+00
1.192139530181884766e+01
1.079896926879882812e+01
1.048730659484863281e+01
1.162260341644287109e+01
1.204884815216064453e+01
7.994300365447998047e+00
1.179946231842041016e+01
1.175753116607666016e+01
1.077230834960937500e+01
9.906587600708007812e+00
8.930482864379882812e+00
1.076838493347167969e+01
1.241090393066406250e+01
8.218507766723632812e+00
1.022158527374267578e+01
8.507905960083007812e+00
1.103318691253662109e+01
1.211031150817871094e+01
1.002243041992187500e+01
8.307445526123046875e+00
1.146273708343505859e+01
9.388928413391113281e+00
1.088400363922119141e+01
1.211696434020996094e+01
9.282136917114257812e+00
8.713436126708984375e+00
1.086609458923339844e+01
1.079905128479003906e+01
1.136714649200439453e+01
1.002757930755615234e+01
3.724466323852539062e+00
5.377824783325195312e+00
1.017161178588867188e+01
9.231019973754882812e+00
1.183418178558349609e+01
1.279688072204589844e+01
1.025867652893066406e+01
1.113662242889404297e+01
