1.127464008331298828e+01
1.346522140502929688e+01
9.090520858764648438e+00
1.058240318298339844e+01
9.338073730468750000e+00
1.281639671325683594e+01
1.470329284667968750e+01
7.872166156768798828e+00
1.265863418579101562e+01
1.430189800262451172e+01
1.309657287597656250e+01
1.235647106170654297e+01
9.875278472900390625e+00
1.014790153503417969e+01
1.151847171783447266e+01
1.476940441131591797e+01
4.079751014709472656e+00
6.938397884368896484e+00
7.389913082122802734e+00
1.448971366882324219e+01
8.862984657287597656e+00
1.209386157989501953e+01
1.074066257476806641e+01
1.350801849365234375e+01
1.120846366882324219e+01
1.295420837402343750e+01
8.577402114868164062e+00
1.394254684448242188e+01
9.848975181579589844e+00
1.378482627868652344e+01
1.273272514343261719e+01
1.469225215911865234e+01
1.324300193786621094e+01
1.282014942169189453e+01
9.125836372375488281e+00
7.894736289978027344e+00
1.173526573181152344e+01
1.100598144531250000e+01
1.165972995758056641e+01
1.000151729583740234e+01
4.306539058685302734e+00
1.435588932037353516e+01
1.124334144592285156e+01
7.349136829376220703e+00
9.609955787658691406e+00
1.011298847198486328e+01
7.843050479888916016e+00
1.382960605621337891e+01
1.042544460296630859e+01
1.151640701293945312e+01
1.004697608947753906e+01
8.133793830871582031e+00
9.827973365783691406e+00
1.391657924652099609e+01
1.384648513793945312e+01
1.121617698669433594e+01
7.966682434082031250e+00
1.030306529998779297e+01
1.269482707977294922e+01
1.020905113220214844e+01
9.701345443725585938e+00
1.118721199035644531e+01
1.417170715332031250e+01
1.207224559783935547e+01
1.143261051177978516e+01
1.117939853668212891e+01
1.158031749725341797e+01
1.437642574310302734e+01
3.767752170562744141e+00
1.535636520385742188e+01
1.105549049377441406e+01
1.442336654663085938e+01
9.648572921752929688e+00
8.552926063537597656e+00
7.275979995727539062e+00
4.145452022552490234e+00
9.678561210632324219e+00
1.239652824401855469e+01
9.307943344116210938e+00
1.144018268585205078e+01
1.023443222045898438e+01
1.109029865264892578e+01
1.104757308959960938e+01
1.122014141082763672e+01
1.186117362976074219e+01
7.629260540008544922e+00
8.338004112243652344e+00
8.003282546997070312e+00
1.140658283233642578e+01
1.178567981719970703e+01
1.033037376403808594e+01
8.857177734375000000e+00
4.002106189727783203e+00
8.992853164672851562e+00
1.346188163757324219e+01
4.161624908447265625e+00
4.133526802062988281e+00
1.130656433105468750e+01
1.126374244689941406e+01
1.171743202209472656e+01
1.496854209899902344e+01
9.734129905700683594e+00
8.805838584899902344e+00
1.092662239074707031e+01
1.316797828674316406e+01
8.930630683898925781e+00
1.135604286193847656e+01
9.453351974487304688e+00
9.559700012207031250e+00
1.182588100433349609e+01
1.096928596496582031e+01
9.344057083129882812e+00
4.791193962097167969e+00
1.050863361358642578e+01
5.235151767730712891e+00
3.098545551300048828e+00
9.451705932617187500e+00
1.157852745056152344e+01
1.248409652709960938e+01
1.294786071777343750e+01
1.096417903900146484e+01
1.173767566680908203e+01
1.147474861145019531e+01
1.222955894470214844e+01
7.342655658721923828e+00
1.016164302825927734e+01
4.023850440979003906e+00
7.884213924407958984e+00
4.039025306701660156e+00
1.166148662567138672e+01
1.055811786651611328e+01
9.844418525695800781e+00
1.155472564697265625e+01
1.109035778045654297e+01
1.025486183166503906e+01
1.404366588592529297e+01
1.176486015319824219e+01
8.982906341552734375e+00
7.462574958801269531e+00
1.179683971405029297e+01
1.231341075897216797e+01
1.136558723449707031e+01
6.392272472381591797e+00
1.184100246429443359e+01
1.017294502258300781e+01
1.150991058349609375e+01
9.308112144470214844e+00
1.273383331298828125e+01
1.061599540710449219e+01
4.197653770446777344e+00
1.247766399383544922e+01
1.302304935455322266e+01
1.236442470550537109e+01
1.102902984619140625e+01
4.427073955535888672e+00
1.352260112762451172e+01
1.163448715209960938e+01
9.232822418212890625e+00
8.422685623168945312e+00
3.702708482742309570e+00
9.421531677246093750e+00
1.150857448577880859e+01
1.398463916778564453e+01
4.645779609680175781e+00
1.106681632995605469e+01
1.160887145996093750e+01
3.884507179260253906e+00
1.329210472106933594e+01
9.909052848815917969e+00
9.827388763427734375e+00
5.247732639312744141e+00
1.247828006744384766e+01
9.281562805175781250e+00
1.100243473052978516e+01
1.193945980072021484e+01
9.359183311462402344e+00
1.214151859283447266e+01
6.882307529449462891e+00
9.689045906066894531e+00
1.200588130950927734e+01
1.039492416381835938e+01
7.493940353393554688e+00
1.100774097442626953e+01
1.078291320800781250e+01
1.045555782318115234e+01
1.121465778350830078e+01
1.006866741180419922e+01
1.358704662322998047e+01
1.105577468872070312e+01
9.613849639892578125e+00
8.011338233947753906e+00
1.379871368408203125e+01
1.078627014160156250e+01
1.117023277282714844e+01
1.203524208068847656e+01
7.999488830566406250e+00
1.370122241973876953e+01
1.212953281402587891e+01
4.756977558135986328e+00
9.071750640869140625e+00
9.957785606384277344e+00
1.234889698028564453e+01
9.293724060058593750e+00
1.422633266448974609e+01
1.281014442443847656e+01
4.845345497131347656e+00
9.584685325622558594e+00
8.662563323974609375e+00
5.785157680511474609e+00
1.142105960845947266e+01
9.469599723815917969e+00
8.451463699340820312e+00
1.075012588500976562e+01
1.026901245117187500e+01
1.216379070281982422e+01
1.340074634552001953e+01
1.061181163787841797e+01
1.077167224884033203e+01
5.138140678405761719e+00
8.775944709777832031e+00
1.082341003417968750e+01
9.631688117980957031e+00
1.260582923889160156e+01
1.047941780090332031e+01
6.865680217742919922e+00
1.047941780090332031e+01
1.069251251220703125e+01
1.268124008178710938e+01
8.377252578735351562e+00
8.996643066406250000e+00
9.494505882263183594e+00
1.157115364074707031e+01
1.038432025909423828e+01
1.127142620086669922e+01
8.037877082824707031e+00
7.453935623168945312e+00
1.148672294616699219e+01
7.251679420471191406e+00
1.308919239044189453e+01
1.106763076782226562e+01
1.069957065582275391e+01
1.176304054260253906e+01
1.320497894287109375e+01
1.269017696380615234e+01
1.135319805145263672e+01
8.321842193603515625e+00
8.717547416687011719e+00
1.442138481140136719e+01
9.116195678710937500e+00
1.080013656616210938e+01
