1.146747684478759766e+01
1.142349433898925781e+01
1.170141696929931641e+01
1.352772140502929688e+01
1.119771671295166016e+01
9.954604148864746094e+00
1.496692752838134766e+01
9.478128433227539062e+00
1.002760028839111328e+01
8.765838623046875000e+00
8.965851783752441406e+00
1.437489509582519531e+01
1.203041076660156250e+01
4.504317283630371094e+00
3.641556024551391602e+00
9.940566062927246094e+00
9.559928894042968750e+00
1.233351325988769531e+01
1.167702960968017578e+01
8.885430335998535156e+00
9.490916252136230469e+00
1.165609455108642578e+01
5.348962306976318359e+00
1.273913860321044922e+01
1.034932613372802734e+01
1.465650463104248047e+01
7.027687549591064453e+00
1.233324337005615234e+01
6.798665523529052734e+00
8.671727180480957031e+00
1.475637245178222656e+01
1.274341583251953125e+01
1.020192337036132812e+01
1.205313110351562500e+01
1.187087821960449219e+01
9.633499145507812500e+00
1.021350574493408203e+01
1.007051563262939453e+01
1.164156913757324219e+01
1.005943489074707031e+01
8.935236930847167969e+00
8.998468399047851562e+00
1.075618171691894531e+01
8.267247200012207031e+00
8.829018592834472656e+00
1.016398620605468750e+01
9.961911201477050781e+00
1.008064651489257812e+01
1.262595081329345703e+01
9.902165412902832031e+00
8.606705665588378906e+00
1.232152938842773438e+01
8.086757659912109375e+00
4.084128856658935547e+00
9.890659332275390625e+00
4.744482517242431641e+00
8.254744529724121094e+00
1.344114780426025391e+01
8.695302009582519531e+00
1.179173183441162109e+01
1.072379779815673828e+01
5.919885635375976562e+00
1.250820064544677734e+01
9.810428619384765625e+00
1.046695995330810547e+01
1.414086151123046875e+01
1.307896518707275391e+01
4.385716438293457031e+00
1.287224864959716797e+01
1.217270374298095703e+01
1.019609928131103516e+01
1.481038284301757812e+01
9.980612754821777344e+00
9.564013481140136719e+00
1.471245479583740234e+01
1.239808559417724609e+01
1.082823753356933594e+01
1.045146846771240234e+01
3.586166858673095703e+00
1.061031532287597656e+01
1.164739704132080078e+01
1.406172561645507812e+01
1.235204982757568359e+01
6.975097656250000000e+00
9.647827148437500000e+00
1.079418563842773438e+01
1.267595958709716797e+01
5.495465278625488281e+00
1.171531581878662109e+01
1.218852806091308594e+01
4.401474952697753906e+00
1.424710750579833984e+01
8.789073944091796875e+00
1.006943702697753906e+01
8.591719627380371094e+00
1.241546154022216797e+01
1.102767181396484375e+01
8.906841278076171875e+00
9.899659156799316406e+00
1.097097873687744141e+01
1.004264926910400391e+01
1.263220024108886719e+01
1.072186756134033203e+01
7.775152206420898438e+00
1.070377922058105469e+01
1.347776222229003906e+01
1.336366081237792969e+01
4.474659442901611328e+00
1.040810871124267578e+01
1.184403038024902344e+01
1.383514022827148438e+01
1.348190593719482422e+01
1.208336830139160156e+01
9.179540634155273438e+00
1.027547931671142578e+01
1.226453685760498047e+01
1.078021144866943359e+01
9.030363082885742188e+00
1.031627845764160156e+01
7.769065856933593750e+00
9.861072540283203125e+00
1.038111209869384766e+01
1.080991744995117188e+01
1.035591888427734375e+01
6.688775539398193359e+00
1.135714530944824219e+01
1.283705520629882812e+01
1.142414760589599609e+01
1.387021732330322266e+01
1.164530658721923828e+01
9.609290122985839844e+00
1.072623538970947266e+01
1.195467281341552734e+01
1.166657066345214844e+01
3.422916173934936523e+00
9.077563285827636719e+00
1.024356079101562500e+01
1.029674339294433594e+01
3.404264926910400391e+00
1.181847572326660156e+01
1.190348720550537109e+01
1.031452465057373047e+01
1.163487339019775391e+01
9.122735023498535156e+00
9.819319725036621094e+00
9.449017524719238281e+00
1.190802192687988281e+01
1.141160869598388672e+01
4.322522163391113281e+00
1.533882617950439453e+01
9.176818847656250000e+00
1.402454280853271484e+01
1.007107067108154297e+01
1.171309280395507812e+01
1.166616249084472656e+01
1.037808895111083984e+01
1.026045989990234375e+01
1.282071113586425781e+01
1.381618976593017578e+01
1.186435222625732422e+01
1.040417194366455078e+01
1.083004379272460938e+01
9.768891334533691406e+00
4.291909217834472656e+00
1.080689811706542969e+01
4.945419788360595703e+00
1.038520145416259766e+01
1.136032104492187500e+01
1.203660774230957031e+01
9.524223327636718750e+00
1.354537868499755859e+01
1.081089591979980469e+01
9.876481056213378906e+00
1.106731986999511719e+01
4.672719478607177734e+00
4.094508171081542969e+00
9.586894035339355469e+00
1.212755298614501953e+01
8.296145439147949219e+00
1.155379772186279297e+01
1.100206851959228516e+01
9.044038772583007812e+00
4.332834720611572266e+00
1.240831089019775391e+01
1.169134521484375000e+01
9.949191093444824219e+00
7.809823036193847656e+00
9.043561935424804688e+00
1.370459842681884766e+01
1.181663608551025391e+01
9.641338348388671875e+00
1.051458454132080078e+01
1.510433197021484375e+01
9.083223342895507812e+00
8.887389183044433594e+00
1.072653007507324219e+01
1.043019294738769531e+01
1.129745006561279297e+01
1.230126571655273438e+01
3.618891954421997070e+00
8.436474800109863281e+00
1.195483970642089844e+01
1.446051025390625000e+01
1.072776794433593750e+01
4.455406188964843750e+00
3.502889633178710938e+00
7.955852985382080078e+00
9.145262718200683594e+00
9.461291313171386719e+00
1.065909767150878906e+01
1.241035747528076172e+01
1.128846740722656250e+01
4.951653957366943359e+00
3.209530353546142578e+00
4.496943473815917969e+00
3.619546175003051758e+00
4.168839931488037109e+00
1.091274738311767578e+01
9.063688278198242188e+00
9.765174865722656250e+00
9.512089729309082031e+00
9.008818626403808594e+00
9.952360153198242188e+00
9.325678825378417969e+00
1.094683456420898438e+01
9.339905738830566406e+00
1.221715545654296875e+01
1.026757431030273438e+01
1.006962299346923828e+01
9.461183547973632812e+00
4.718264579772949219e+00
1.154628372192382812e+01
4.320913791656494141e+00
9.708489418029785156e+00
9.925672531127929688e+00
1.183656978607177734e+01
1.018751049041748047e+01
3.696614742279052734e+00
1.277121639251708984e+01
1.028108406066894531e+01
4.919035434722900391e+00
9.875388145446777344e+00
4.615451335906982422e+00
1.136866474151611328e+01
1.184226226806640625e+01
9.839036941528320312e+00
1.412007236480712891e+01
1.362429904937744141e+01
9.727517127990722656e+00
5.038463115692138672e+00
