1.112898635864257812e+01
1.015251922607421875e+01
9.359689712524414062e+00
1.072054672241210938e+01
8.684733390808105469e+00
9.827388763427734375e+00
1.079673576354980469e+01
8.366069793701171875e+00
9.418455123901367188e+00
9.197068214416503906e+00
1.111545276641845703e+01
9.484539031982421875e+00
9.502471923828125000e+00
5.442125797271728516e+00
1.133874320983886719e+01
1.351156997680664062e+01
9.630040168762207031e+00
1.264444160461425781e+01
1.138970661163330078e+01
1.088760566711425781e+01
9.136911392211914062e+00
1.006261062622070312e+01
1.323831272125244141e+01
9.827513694763183594e+00
1.103321743011474609e+01
8.363958358764648438e+00
9.777914047241210938e+00
1.484569263458251953e+01
9.965726852416992188e+00
9.334687232971191406e+00
4.930514335632324219e+00
8.417644500732421875e+00
1.382572174072265625e+01
9.149502754211425781e+00
8.957964897155761719e+00
1.150234985351562500e+01
1.314315891265869141e+01
1.151834106445312500e+01
4.928867340087890625e+00
1.010538578033447266e+01
3.319148540496826172e+00
4.444761753082275391e+00
4.083224773406982422e+00
1.116390895843505859e+01
1.068003463745117188e+01
1.064823436737060547e+01
1.129447460174560547e+01
1.070711994171142578e+01
8.513584136962890625e+00
4.586196899414062500e+00
9.639966011047363281e+00
9.691908836364746094e+00
1.122401714324951172e+01
1.326146030426025391e+01
1.177691936492919922e+01
1.086358642578125000e+01
3.495268583297729492e+00
9.459447860717773438e+00
9.361042976379394531e+00
1.266436290740966797e+01
5.956980705261230469e+00
1.019769859313964844e+01
7.329008102416992188e+00
1.305593776702880859e+01
1.353360366821289062e+01
9.284880638122558594e+00
1.298987865447998047e+01
9.722023010253906250e+00
9.296966552734375000e+00
8.390239715576171875e+00
9.950635910034179688e+00
4.839883327484130859e+00
6.084187030792236328e+00
1.089937114715576172e+01
1.022515964508056641e+01
1.066426467895507812e+01
9.853702545166015625e+00
1.088011360168457031e+01
1.000980091094970703e+01
1.308984279632568359e+01
1.268443489074707031e+01
8.345492362976074219e+00
1.200334167480468750e+01
1.073924255371093750e+01
1.007679557800292969e+01
1.145079040527343750e+01
1.071385192871093750e+01
1.135647010803222656e+01
7.976432323455810547e+00
1.237771129608154297e+01
8.618312835693359375e+00
1.316178417205810547e+01
1.105759716033935547e+01
1.253090763092041016e+01
9.104379653930664062e+00
9.504074096679687500e+00
1.034924125671386719e+01
9.618945121765136719e+00
1.069736671447753906e+01
1.267411231994628906e+01
1.106919002532958984e+01
1.167917442321777344e+01
1.143310451507568359e+01
1.050924491882324219e+01
7.755328178405761719e+00
9.013045310974121094e+00
4.083601474761962891e+00
8.885025024414062500e+00
9.896302223205566406e+00
1.119817066192626953e+01
9.927831649780273438e+00
8.593544960021972656e+00
1.326269435882568359e+01
7.186727523803710938e+00
8.360427856445312500e+00
8.478529930114746094e+00
9.225712776184082031e+00
1.340336704254150391e+01
1.020451831817626953e+01
8.735758781433105469e+00
7.522329330444335938e+00
9.488938331604003906e+00
9.575031280517578125e+00
1.225602340698242188e+01
1.039912223815917969e+01
1.006400108337402344e+01
9.834618568420410156e+00
1.269290351867675781e+01
4.434446334838867188e+00
1.100969505310058594e+01
1.082361507415771484e+01
1.043705558776855469e+01
5.280336380004882812e+00
4.247889518737792969e+00
9.646809577941894531e+00
1.220437622070312500e+01
3.215437650680541992e+00
1.211200809478759766e+01
7.180433750152587891e+00
7.099334716796875000e+00
1.110850811004638672e+01
5.651751995086669922e+00
1.082424831390380859e+01
7.889798164367675781e+00
9.547553062438964844e+00
4.013648509979248047e+00
1.219514942169189453e+01
7.758567333221435547e+00
1.240606498718261719e+01
8.451459884643554688e+00
1.165843486785888672e+01
1.322576713562011719e+01
1.109419822692871094e+01
1.175168704986572266e+01
3.930961608886718750e+00
9.271016120910644531e+00
1.261954402923583984e+01
1.175295925140380859e+01
4.206196308135986328e+00
9.063355445861816406e+00
1.054391574859619141e+01
1.181859588623046875e+01
9.082552909851074219e+00
1.123440933227539062e+01
1.030269718170166016e+01
7.580772399902343750e+00
9.520612716674804688e+00
9.447269439697265625e+00
1.179015827178955078e+01
1.091846656799316406e+01
9.373936653137207031e+00
7.753000259399414062e+00
7.139008522033691406e+00
1.160862731933593750e+01
1.255988597869873047e+01
1.100187873840332031e+01
8.333654403686523438e+00
8.761907577514648438e+00
4.269505977630615234e+00
9.950657844543457031e+00
1.215201473236083984e+01
1.255182361602783203e+01
1.121746063232421875e+01
1.215566635131835938e+01
1.312705039978027344e+01
6.613243579864501953e+00
1.336345863342285156e+01
9.647514343261718750e+00
1.252929687500000000e+01
1.148571681976318359e+01
1.325177192687988281e+01
6.922393798828125000e+00
1.161324787139892578e+01
8.514508247375488281e+00
1.265843772888183594e+01
9.516877174377441406e+00
1.234074211120605469e+01
9.898070335388183594e+00
9.405380249023437500e+00
8.704745292663574219e+00
8.821465492248535156e+00
9.197559356689453125e+00
1.069567298889160156e+01
9.010627746582031250e+00
1.100998306274414062e+01
8.561344146728515625e+00
9.777165412902832031e+00
7.363106250762939453e+00
9.813792228698730469e+00
4.721555709838867188e+00
1.129983806610107422e+01
1.411950302124023438e+01
5.007368564605712891e+00
1.128921985626220703e+01
1.030049991607666016e+01
4.762134075164794922e+00
8.713577270507812500e+00
9.514378547668457031e+00
9.912062644958496094e+00
9.899937629699707031e+00
1.175155925750732422e+01
4.626287460327148438e+00
9.388580322265625000e+00
1.575426673889160156e+01
1.065651512145996094e+01
9.615324974060058594e+00
3.526203155517578125e+00
9.613281250000000000e+00
1.202498722076416016e+01
1.170055198669433594e+01
4.876142501831054688e+00
7.180558204650878906e+00
9.635303497314453125e+00
8.168592453002929688e+00
1.424578475952148438e+01
1.165800762176513672e+01
6.652288913726806641e+00
9.328224182128906250e+00
9.709879875183105469e+00
9.759951591491699219e+00
7.240753650665283203e+00
4.152109622955322266e+00
1.453718280792236328e+01
1.297813701629638672e+01
1.226481533050537109e+01
1.054685878753662109e+01
1.023048210144042969e+01
1.029235649108886719e+01
8.074722290039062500e+00
9.170750617980957031e+00
