1.389657688140869141e+01
1.028123474121093750e+01
4.213100910186767578e+00
1.004425716400146484e+01
9.034542083740234375e+00
8.435173988342285156e+00
8.298161506652832031e+00
8.627832412719726562e+00
1.098438835144042969e+01
8.908605575561523438e+00
1.203929996490478516e+01
4.843764305114746094e+00
1.185343074798583984e+01
1.035049629211425781e+01
5.457583904266357422e+00
1.185971832275390625e+01
9.438331604003906250e+00
1.387621021270751953e+01
1.711511039733886719e+01
9.276193618774414062e+00
6.625915050506591797e+00
1.130248641967773438e+01
1.049868297576904297e+01
1.074948787689208984e+01
9.870951652526855469e+00
1.040550899505615234e+01
1.238653469085693359e+01
1.104503440856933594e+01
1.299265289306640625e+01
1.115592193603515625e+01
1.183125209808349609e+01
7.459842205047607422e+00
1.463696575164794922e+01
8.187435150146484375e+00
1.208098506927490234e+01
8.190233230590820312e+00
1.293606376647949219e+01
1.237722396850585938e+01
8.087305068969726562e+00
7.205628395080566406e+00
1.355206680297851562e+01
1.042682552337646484e+01
1.218809700012207031e+01
1.383530902862548828e+01
1.012176227569580078e+01
9.879919052124023438e+00
1.442804241180419922e+01
1.324575328826904297e+01
9.695472717285156250e+00
1.151249694824218750e+01
1.297853469848632812e+01
1.326193618774414062e+01
1.174603462219238281e+01
1.348756408691406250e+01
9.351992607116699219e+00
1.074335193634033203e+01
5.574904441833496094e+00
1.278630065917968750e+01
9.924457550048828125e+00
6.623314857482910156e+00
9.771812438964843750e+00
9.821923255920410156e+00
8.461669921875000000e+00
1.054356288909912109e+01
1.376971721649169922e+01
8.984330177307128906e+00
9.888532638549804688e+00
1.003014945983886719e+01
1.191902065277099609e+01
5.501579284667968750e+00
1.208611011505126953e+01
5.690330028533935547e+00
8.909216880798339844e+00
1.185768508911132812e+01
1.264236354827880859e+01
1.040192794799804688e+01
9.082325935363769531e+00
1.292003250122070312e+01
5.923775672912597656e+00
8.819391250610351562e+00
1.083114814758300781e+01
5.055393218994140625e+00
1.058705902099609375e+01
1.510507106781005859e+01
4.296121120452880859e+00
1.173834609985351562e+01
1.089061641693115234e+01
5.954692840576171875e+00
3.969123601913452148e+00
1.177127170562744141e+01
1.332032203674316406e+01
1.298622417449951172e+01
1.228323268890380859e+01
1.272575855255126953e+01
1.102568531036376953e+01
1.096485233306884766e+01
9.341107368469238281e+00
1.053557872772216797e+01
9.691049575805664062e+00
1.046995449066162109e+01
5.350382328033447266e+00
1.770143127441406250e+01
1.092693519592285156e+01
1.014437294006347656e+01
9.927546501159667969e+00
1.040131568908691406e+01
1.258461380004882812e+01
6.073460578918457031e+00
8.594295501708984375e+00
1.291825485229492188e+01
9.954542160034179688e+00
1.175439548492431641e+01
9.924717903137207031e+00
1.236555671691894531e+01
8.433903694152832031e+00
1.008883571624755859e+01
1.175803661346435547e+01
1.277356815338134766e+01
1.025282764434814453e+01
1.009752082824707031e+01
1.171306514739990234e+01
1.312583637237548828e+01
9.800645828247070312e+00
9.919801712036132812e+00
8.435267448425292969e+00
1.215351295471191406e+01
4.673384666442871094e+00
6.431281566619873047e+00
1.252670574188232422e+01
1.281693935394287109e+01
9.209920883178710938e+00
1.501871585845947266e+01
9.317624092102050781e+00
1.138348293304443359e+01
1.084393405914306641e+01
1.020444583892822266e+01
1.285110378265380859e+01
1.137479400634765625e+01
1.102639675140380859e+01
1.203309726715087891e+01
8.850646018981933594e+00
1.455869770050048828e+01
1.108415412902832031e+01
9.876135826110839844e+00
9.238379478454589844e+00
1.282387256622314453e+01
3.356560468673706055e+00
1.328339004516601562e+01
9.881487846374511719e+00
7.733147144317626953e+00
1.189964008331298828e+01
1.072219085693359375e+01
1.356852817535400391e+01
1.068019866943359375e+01
1.230101299285888672e+01
9.328567504882812500e+00
7.734124660491943359e+00
9.437995910644531250e+00
1.143408584594726562e+01
1.474591827392578125e+01
4.479399681091308594e+00
1.227314090728759766e+01
3.764428138732910156e+00
7.571715354919433594e+00
8.931381225585937500e+00
1.454491519927978516e+01
1.120961284637451172e+01
1.068538951873779297e+01
9.754609107971191406e+00
1.360727977752685547e+01
1.360972976684570312e+01
6.005313396453857422e+00
9.353216171264648438e+00
1.516317081451416016e+01
1.469927406311035156e+01
1.182968807220458984e+01
1.172793483734130859e+01
8.640361785888671875e+00
1.241757297515869141e+01
1.223623371124267578e+01
1.220681285858154297e+01
9.137022018432617188e+00
1.060828304290771484e+01
1.247700977325439453e+01
9.694435119628906250e+00
1.125801944732666016e+01
8.026112556457519531e+00
1.036653327941894531e+01
3.489094257354736328e+00
1.246160125732421875e+01
8.028714179992675781e+00
4.540383815765380859e+00
1.146765995025634766e+01
7.395683765411376953e+00
1.061832714080810547e+01
7.580086708068847656e+00
1.056550407409667969e+01
9.843553543090820312e+00
9.847739219665527344e+00
1.256452941894531250e+01
7.762103080749511719e+00
7.102999210357666016e+00
9.985993385314941406e+00
1.349061298370361328e+01
1.160246562957763672e+01
9.939297676086425781e+00
1.115406608581542969e+01
9.604004859924316406e+00
1.224540424346923828e+01
7.830412864685058594e+00
1.123217201232910156e+01
7.117736816406250000e+00
1.200722885131835938e+01
9.727994918823242188e+00
1.133310794830322266e+01
1.261690521240234375e+01
1.162869071960449219e+01
9.893995285034179688e+00
7.069730281829833984e+00
1.111637687683105469e+01
9.461112022399902344e+00
5.102291107177734375e+00
9.716609001159667969e+00
4.251472473144531250e+00
1.028901195526123047e+01
8.626414299011230469e+00
1.061871814727783203e+01
1.261155796051025391e+01
9.871744155883789062e+00
1.543784427642822266e+01
1.002807617187500000e+01
9.637039184570312500e+00
1.067553329467773438e+01
1.133784294128417969e+01
1.208493518829345703e+01
1.194514942169189453e+01
1.263729190826416016e+01
1.254417896270751953e+01
9.906264305114746094e+00
1.083585548400878906e+01
1.491677761077880859e+01
9.086947441101074219e+00
6.457841396331787109e+00
5.045015335083007812e+00
7.979809284210205078e+00
1.416646194458007812e+01
4.491797447204589844e+00
1.017627334594726562e+01
1.060062885284423828e+01
1.186843490600585938e+01
