1.120526409149169922e+01
1.082602119445800781e+01
1.253435230255126953e+01
1.259671306610107422e+01
9.489642143249511719e+00
1.069863224029541016e+01
9.390970230102539062e+00
9.758830070495605469e+00
8.291824340820312500e+00
1.052903747558593750e+01
1.101748657226562500e+01
4.675766468048095703e+00
1.194655323028564453e+01
4.300586223602294922e+00
4.909541130065917969e+00
9.001423835754394531e+00
1.161850070953369141e+01
8.126747131347656250e+00
1.259154987335205078e+01
3.671250104904174805e+00
1.175237464904785156e+01
1.177391052246093750e+01
3.346731901168823242e+00
1.040293598175048828e+01
1.225671863555908203e+01
1.033729076385498047e+01
1.092777061462402344e+01
1.092603015899658203e+01
9.247076034545898438e+00
1.009933567047119141e+01
7.675030231475830078e+00
1.021666145324707031e+01
3.445111036300659180e+00
1.019543266296386719e+01
1.196522808074951172e+01
1.058033466339111328e+01
1.361652946472167969e+01
1.090979290008544922e+01
1.046340656280517578e+01
1.261619377136230469e+01
1.033557987213134766e+01
5.490112304687500000e+00
7.922322273254394531e+00
1.119979476928710938e+01
1.157081985473632812e+01
1.065148067474365234e+01
1.042431449890136719e+01
1.118142032623291016e+01
6.504590511322021484e+00
1.264632892608642578e+01
9.039572715759277344e+00
1.018571472167968750e+01
1.071257781982421875e+01
1.069433498382568359e+01
1.528460597991943359e+01
1.117739295959472656e+01
1.050438594818115234e+01
9.033551216125488281e+00
1.397160148620605469e+01
1.219619750976562500e+01
1.335126209259033203e+01
1.144892597198486328e+01
1.110663318634033203e+01
1.052256488800048828e+01
1.432201099395751953e+01
1.007599067687988281e+01
1.236194896697998047e+01
7.955284595489501953e+00
1.090474224090576172e+01
9.908231735229492188e+00
1.157198143005371094e+01
8.445158004760742188e+00
1.502066135406494141e+01
1.213404273986816406e+01
1.136264801025390625e+01
1.069209480285644531e+01
1.190144824981689453e+01
1.089725112915039062e+01
1.277903747558593750e+01
4.259227752685546875e+00
1.044072532653808594e+01
6.723663806915283203e+00
1.146679782867431641e+01
9.967985153198242188e+00
4.251342296600341797e+00
9.409051895141601562e+00
8.836800575256347656e+00
5.325455665588378906e+00
1.038693141937255859e+01
1.190196323394775391e+01
1.071714401245117188e+01
1.020066261291503906e+01
1.054351425170898438e+01
1.079497241973876953e+01
9.772231101989746094e+00
1.007295227050781250e+01
9.356826782226562500e+00
8.052640914916992188e+00
1.088389778137207031e+01
9.310501098632812500e+00
1.002376270294189453e+01
9.217711448669433594e+00
1.106349754333496094e+01
7.632581710815429688e+00
8.493914604187011719e+00
1.179321479797363281e+01
1.183144760131835938e+01
9.272349357604980469e+00
8.659022331237792969e+00
3.653437376022338867e+00
1.134155273437500000e+01
1.023986625671386719e+01
1.253770542144775391e+01
9.264584541320800781e+00
1.125504398345947266e+01
1.077006340026855469e+01
1.419178771972656250e+01
1.008090400695800781e+01
1.166106796264648438e+01
1.005273914337158203e+01
1.339336776733398438e+01
1.207697296142578125e+01
1.029035472869873047e+01
5.602877616882324219e+00
1.216753292083740234e+01
9.668424606323242188e+00
1.145818710327148438e+01
8.977799415588378906e+00
1.269971752166748047e+01
9.501802444458007812e+00
1.017681407928466797e+01
1.074979209899902344e+01
1.035123252868652344e+01
4.630002498626708984e+00
9.990685462951660156e+00
1.482456779479980469e+01
6.802238464355468750e+00
1.094106960296630859e+01
4.713503837585449219e+00
9.776715278625488281e+00
9.035212516784667969e+00
1.176689434051513672e+01
1.053228855133056641e+01
1.004119777679443359e+01
9.040657997131347656e+00
9.303124427795410156e+00
1.117216587066650391e+01
1.357290077209472656e+01
9.196673393249511719e+00
8.198618888854980469e+00
1.069039249420166016e+01
1.004014873504638672e+01
9.728449821472167969e+00
4.233885288238525391e+00
1.423321151733398438e+01
1.373554611206054688e+01
1.461894702911376953e+01
1.398016929626464844e+01
1.197317218780517578e+01
1.040229415893554688e+01
1.086338233947753906e+01
9.921713829040527344e+00
4.939433097839355469e+00
8.905139923095703125e+00
1.138100910186767578e+01
9.015044212341308594e+00
9.801499366760253906e+00
1.154587554931640625e+01
4.577913761138916016e+00
8.973203659057617188e+00
1.022387790679931641e+01
1.144087791442871094e+01
1.591110229492187500e+01
3.642155885696411133e+00
9.237248420715332031e+00
1.505584526062011719e+01
3.057958602905273438e+00
1.149901485443115234e+01
1.140721225738525391e+01
1.287957096099853516e+01
1.030871677398681641e+01
1.136022281646728516e+01
1.211883735656738281e+01
9.297095298767089844e+00
7.544673919677734375e+00
8.131400108337402344e+00
1.065205192565917969e+01
1.162052822113037109e+01
1.169618511199951172e+01
1.223838806152343750e+01
1.186289691925048828e+01
1.157355308532714844e+01
1.328117561340332031e+01
1.201065063476562500e+01
1.223736190795898438e+01
1.260308742523193359e+01
8.169405937194824219e+00
7.896929740905761719e+00
1.061556053161621094e+01
8.473565101623535156e+00
1.183080005645751953e+01
9.958805084228515625e+00
1.192261314392089844e+01
1.323517704010009766e+01
8.920161247253417969e+00
1.251320934295654297e+01
1.000074481964111328e+01
1.059925651550292969e+01
1.250137710571289062e+01
9.957075119018554688e+00
1.290619754791259766e+01
1.273772335052490234e+01
1.408123874664306641e+01
9.609360694885253906e+00
8.525912284851074219e+00
1.035640907287597656e+01
9.183101654052734375e+00
3.943444967269897461e+00
1.215560722351074219e+01
1.222467899322509766e+01
3.419877767562866211e+00
1.035366535186767578e+01
1.008250713348388672e+01
1.122947311401367188e+01
9.919792175292968750e+00
1.456584167480468750e+01
1.009556770324707031e+01
9.473682403564453125e+00
1.177485561370849609e+01
1.282087230682373047e+01
8.444189071655273438e+00
1.570651054382324219e+01
9.230982780456542969e+00
4.188227653503417969e+00
1.153969097137451172e+01
9.815654754638671875e+00
1.242416572570800781e+01
8.859975814819335938e+00
9.122155189514160156e+00
8.298829078674316406e+00
1.093478298187255859e+01
1.061448860168457031e+01
1.248259830474853516e+01
3.959945678710937500e+00
1.056544303894042969e+01
1.446071434020996094e+01
1.196197223663330078e+01
1.092227172851562500e+01
8.560100555419921875e+00
8.024422645568847656e+00
