8.142163276672363281e+00
1.075012969970703125e+01
5.433273792266845703e+00
1.157753849029541016e+01
1.036254501342773438e+01
1.074674892425537109e+01
9.969263076782226562e+00
8.890136718750000000e+00
1.119734668731689453e+01
1.324240207672119141e+01
1.003041934967041016e+01
1.471802139282226562e+01
9.405187606811523438e+00
1.033636188507080078e+01
4.146416664123535156e+00
1.115482711791992188e+01
1.299682903289794922e+01
1.135176181793212891e+01
1.004785442352294922e+01
1.140675067901611328e+01
1.058064842224121094e+01
1.214575099945068359e+01
1.127121925354003906e+01
1.127427482604980469e+01
8.623588562011718750e+00
9.356077194213867188e+00
8.618630409240722656e+00
1.268084430694580078e+01
1.026302719116210938e+01
1.252896976470947266e+01
8.894736289978027344e+00
5.446746826171875000e+00
1.082081794738769531e+01
1.406229782104492188e+01
1.296596717834472656e+01
3.653942346572875977e+00
1.077702140808105469e+01
3.754275083541870117e+00
1.209056377410888672e+01
3.142153024673461914e+00
1.085687351226806641e+01
1.399648189544677734e+01
1.173757648468017578e+01
1.033218669891357422e+01
1.218720245361328125e+01
9.848238945007324219e+00
1.361757659912109375e+01
1.174828147888183594e+01
1.114653015136718750e+01
9.797397613525390625e+00
8.406138420104980469e+00
1.101012706756591797e+01
1.054589366912841797e+01
1.140028858184814453e+01
1.078917503356933594e+01
1.049641227722167969e+01
5.594834804534912109e+00
1.101513290405273438e+01
1.055134677886962891e+01
3.731924295425415039e+00
8.417327880859375000e+00
1.170670509338378906e+01
1.050980949401855469e+01
1.286797714233398438e+01
1.368551731109619141e+01
9.555644989013671875e+00
1.137934112548828125e+01
1.147508907318115234e+01
1.074058341979980469e+01
1.183808517456054688e+01
1.279308509826660156e+01
8.710926055908203125e+00
1.309315204620361328e+01
9.442199707031250000e+00
1.140432167053222656e+01
9.790745735168457031e+00
8.909082412719726562e+00
1.391992378234863281e+01
6.796914577484130859e+00
1.102576351165771484e+01
9.268693923950195312e+00
4.035391330718994141e+00
7.664294242858886719e+00
1.084886264801025391e+01
7.289844989776611328e+00
1.251404380798339844e+01
9.689843177795410156e+00
3.801932096481323242e+00
9.754158020019531250e+00
1.118187713623046875e+01
1.233556461334228516e+01
1.175796413421630859e+01
9.460084915161132812e+00
1.037357330322265625e+01
8.568199157714843750e+00
1.276723194122314453e+01
1.166268730163574219e+01
9.654443740844726562e+00
4.322329998016357422e+00
9.955425262451171875e+00
1.243853569030761719e+01
1.015173149108886719e+01
1.410483932495117188e+01
8.197767257690429688e+00
3.817336559295654297e+00
1.126108455657958984e+01
8.699149131774902344e+00
1.089430999755859375e+01
1.138531398773193359e+01
1.061394214630126953e+01
4.045668125152587891e+00
1.047445297241210938e+01
7.631130695343017578e+00
1.511839485168457031e+01
1.217772197723388672e+01
9.864480972290039062e+00
1.198543262481689453e+01
3.441645145416259766e+00
1.112086868286132812e+01
9.059010505676269531e+00
1.171833801269531250e+01
1.210789871215820312e+01
1.387855052947998047e+01
9.617591857910156250e+00
1.377174949645996094e+01
1.172455310821533203e+01
9.492548942565917969e+00
9.603882789611816406e+00
1.080662822723388672e+01
1.358618831634521484e+01
1.122712898254394531e+01
9.000419616699218750e+00
1.065366840362548828e+01
1.140151023864746094e+01
1.023221015930175781e+01
1.540640926361083984e+01
1.173365688323974609e+01
1.347926902770996094e+01
1.041249656677246094e+01
1.116260337829589844e+01
1.219229698181152344e+01
1.128831005096435547e+01
9.607088088989257812e+00
8.261623382568359375e+00
9.137671470642089844e+00
1.034252643585205078e+01
1.109809207916259766e+01
5.136782169342041016e+00
1.143665504455566406e+01
1.313404083251953125e+01
9.376010894775390625e+00
1.155552196502685547e+01
1.128655815124511719e+01
8.741850852966308594e+00
9.418481826782226562e+00
1.219013595581054688e+01
1.123328590393066406e+01
1.012863063812255859e+01
1.306429100036621094e+01
8.656507492065429688e+00
1.008009147644042969e+01
1.284196186065673828e+01
1.186680984497070312e+01
7.442628860473632812e+00
1.129399013519287109e+01
9.358154296875000000e+00
1.454054260253906250e+01
4.847229957580566406e+00
1.023090267181396484e+01
1.205156421661376953e+01
1.010549831390380859e+01
1.241314411163330078e+01
1.153634643554687500e+01
8.622879028320312500e+00
1.036699390411376953e+01
1.358308982849121094e+01
1.236570739746093750e+01
9.242907524108886719e+00
1.034922981262207031e+01
1.004134178161621094e+01
1.131540489196777344e+01
1.413486766815185547e+01
9.189807891845703125e+00
8.013460159301757812e+00
8.258172035217285156e+00
1.027440834045410156e+01
1.181756973266601562e+01
4.753361701965332031e+00
1.239531993865966797e+01
1.065983104705810547e+01
1.169114780426025391e+01
1.105136680603027344e+01
1.164477920532226562e+01
1.067501163482666016e+01
1.202889060974121094e+01
1.166431999206542969e+01
3.220875740051269531e+00
1.315426063537597656e+01
4.250792026519775391e+00
8.352204322814941406e+00
1.116215133666992188e+01
1.364044952392578125e+01
1.062910366058349609e+01
9.411840438842773438e+00
9.728709220886230469e+00
9.925678253173828125e+00
1.037214565277099609e+01
8.669441223144531250e+00
1.329874706268310547e+01
8.693922042846679688e+00
9.158484458923339844e+00
1.062397956848144531e+01
1.023127937316894531e+01
9.504834175109863281e+00
8.614846229553222656e+00
1.003399658203125000e+01
8.564426422119140625e+00
4.350587368011474609e+00
9.729146003723144531e+00
1.119937896728515625e+01
1.022197341918945312e+01
7.966512680053710938e+00
1.292366313934326172e+01
1.054104232788085938e+01
1.008217239379882812e+01
8.384852409362792969e+00
4.539198398590087891e+00
1.273810482025146484e+01
1.494283199310302734e+01
1.004898738861083984e+01
1.395970916748046875e+01
1.104050827026367188e+01
1.367915534973144531e+01
1.569332885742187500e+01
7.089011669158935547e+00
1.091670417785644531e+01
1.305477237701416016e+01
1.268681716918945312e+01
1.338934230804443359e+01
9.605630874633789062e+00
1.222809219360351562e+01
1.144940090179443359e+01
1.028034591674804688e+01
1.164856910705566406e+01
1.134673500061035156e+01
6.661807060241699219e+00
3.886961221694946289e+00
6.840879440307617188e+00
1.427020549774169922e+01
9.969999313354492188e+00
