1.169996070861816406e+01
1.046230411529541016e+01
4.934436798095703125e+00
1.079802894592285156e+01
1.060985469818115234e+01
1.023785209655761719e+01
1.378937339782714844e+01
1.353781414031982422e+01
1.050921535491943359e+01
1.000268173217773438e+01
1.022130775451660156e+01
1.157435321807861328e+01
5.874494075775146484e+00
1.120839786529541016e+01
1.281737327575683594e+01
9.257510185241699219e+00
1.094279575347900391e+01
1.135525989532470703e+01
1.116418170928955078e+01
9.994824409484863281e+00
1.049578189849853516e+01
1.332758331298828125e+01
1.210575389862060547e+01
1.315275382995605469e+01
1.056471157073974609e+01
1.275700187683105469e+01
1.101834678649902344e+01
1.160016441345214844e+01
8.718718528747558594e+00
1.120890808105468750e+01
1.255457210540771484e+01
1.094209575653076172e+01
1.204520320892333984e+01
5.411031246185302734e+00
8.141168594360351562e+00
1.026661586761474609e+01
1.137216281890869141e+01
1.302031421661376953e+01
1.085601329803466797e+01
8.695461273193359375e+00
1.133745956420898438e+01
9.591926574707031250e+00
1.114555644989013672e+01
1.427918529510498047e+01
1.150673198699951172e+01
7.587893486022949219e+00
6.866508483886718750e+00
1.050637912750244141e+01
1.087317752838134766e+01
9.779357910156250000e+00
1.415574741363525391e+01
1.305234909057617188e+01
1.028715324401855469e+01
1.026014995574951172e+01
1.367226886749267578e+01
5.517478466033935547e+00
1.127593898773193359e+01
1.206692409515380859e+01
1.113041210174560547e+01
1.313294219970703125e+01
5.015684604644775391e+00
1.314060020446777344e+01
1.176249694824218750e+01
1.275288581848144531e+01
1.054021644592285156e+01
1.183299350738525391e+01
1.053334236145019531e+01
1.093313026428222656e+01
1.386873149871826172e+01
1.008877182006835938e+01
8.714466094970703125e+00
1.006958961486816406e+01
9.677207946777343750e+00
1.296874141693115234e+01
1.044872188568115234e+01
1.152344512939453125e+01
7.749361038208007812e+00
9.726878166198730469e+00
1.212798595428466797e+01
1.265864276885986328e+01
8.712567329406738281e+00
1.102633285522460938e+01
4.934268474578857422e+00
1.338107776641845703e+01
9.246340751647949219e+00
1.285832786560058594e+01
4.999358654022216797e+00
1.062292385101318359e+01
1.137652397155761719e+01
9.165263175964355469e+00
1.200990200042724609e+01
1.378129005432128906e+01
8.679925918579101562e+00
1.199345970153808594e+01
1.319932937622070312e+01
1.178425216674804688e+01
1.122601985931396484e+01
1.031928634643554688e+01
1.037093734741210938e+01
1.006642150878906250e+01
9.799248695373535156e+00
1.031512165069580078e+01
9.352952957153320312e+00
1.110948181152343750e+01
1.047969913482666016e+01
1.041164588928222656e+01
1.158641910552978516e+01
1.185255432128906250e+01
7.942670345306396484e+00
1.259068298339843750e+01
9.224576950073242188e+00
1.242876434326171875e+01
1.139047718048095703e+01
9.080297470092773438e+00
9.990743637084960938e+00
1.205996227264404297e+01
1.109324932098388672e+01
1.316546249389648438e+01
9.237059593200683594e+00
1.054229164123535156e+01
1.176337814331054688e+01
6.343629360198974609e+00
1.036565494537353516e+01
1.120805740356445312e+01
1.052073192596435547e+01
1.182196807861328125e+01
1.138733291625976562e+01
5.149764537811279297e+00
4.642991542816162109e+00
9.927686691284179688e+00
8.559429168701171875e+00
1.134635829925537109e+01
6.146372795104980469e+00
1.128920936584472656e+01
1.471924018859863281e+01
1.264974784851074219e+01
9.398569107055664062e+00
9.995450019836425781e+00
1.187362384796142578e+01
6.307072639465332031e+00
1.053983402252197266e+01
1.366722679138183594e+01
4.627511024475097656e+00
1.443919086456298828e+01
5.549184322357177734e+00
1.421011352539062500e+01
8.252452850341796875e+00
1.098651123046875000e+01
1.289291763305664062e+01
1.084558200836181641e+01
1.024849891662597656e+01
9.900928497314453125e+00
9.084679603576660156e+00
1.331227684020996094e+01
1.033290958404541016e+01
7.491337776184082031e+00
3.537889480590820312e+00
1.051034545898437500e+01
8.751767158508300781e+00
5.207128524780273438e+00
1.067061901092529297e+01
1.432276630401611328e+01
1.356613349914550781e+01
1.258538913726806641e+01
1.162316417694091797e+01
1.061580657958984375e+01
1.343662071228027344e+01
7.427608489990234375e+00
1.061726474761962891e+01
8.603682518005371094e+00
1.208616828918457031e+01
6.386861324310302734e+00
8.539408683776855469e+00
1.468699645996093750e+01
1.020915031433105469e+01
1.362860870361328125e+01
1.154141044616699219e+01
1.459206199645996094e+01
8.581255912780761719e+00
1.503487491607666016e+01
1.207007694244384766e+01
1.275438880920410156e+01
9.078423500061035156e+00
1.012180519104003906e+01
9.706962585449218750e+00
1.217923164367675781e+01
1.321556282043457031e+01
8.550671577453613281e+00
1.183703231811523438e+01
6.215670585632324219e+00
1.052857875823974609e+01
9.595551490783691406e+00
1.162825012207031250e+01
9.149795532226562500e+00
8.850440979003906250e+00
1.239922904968261719e+01
1.087963581085205078e+01
1.307843494415283203e+01
1.285083103179931641e+01
1.380191040039062500e+01
3.679935932159423828e+00
1.482194042205810547e+01
9.650995254516601562e+00
1.029246139526367188e+01
1.212207794189453125e+01
6.005226135253906250e+00
9.264143943786621094e+00
9.962924003601074219e+00
9.780729293823242188e+00
8.928277969360351562e+00
1.187415790557861328e+01
1.111048698425292969e+01
1.104664897918701172e+01
1.413024616241455078e+01
8.119117736816406250e+00
1.237172126770019531e+01
9.038681030273437500e+00
1.524645805358886719e+01
8.789956092834472656e+00
8.887368202209472656e+00
1.170215511322021484e+01
1.351172733306884766e+01
1.092442798614501953e+01
1.131229400634765625e+01
1.250333595275878906e+01
1.076323699951171875e+01
1.315402030944824219e+01
4.093088150024414062e+00
1.004475307464599609e+01
1.258962535858154297e+01
9.758388519287109375e+00
1.393483161926269531e+01
1.311948776245117188e+01
1.375002193450927734e+01
1.249677848815917969e+01
5.452368259429931641e+00
1.319151878356933594e+01
8.902015686035156250e+00
9.370235443115234375e+00
7.637214660644531250e+00
1.163077449798583984e+01
1.423041915893554688e+01
1.363060760498046875e+01
1.298165321350097656e+01
9.182264328002929688e+00
1.106600189208984375e+01
1.477495861053466797e+01
1.475084400177001953e+01
4.001222610473632812e+00
9.761548995971679688e+00
