1.242546558380126953e+01
1.245535087585449219e+01
9.593889236450195312e+00
1.044414424896240234e+01
1.046875190734863281e+01
4.556100368499755859e+00
1.215451717376708984e+01
1.093340110778808594e+01
1.354744148254394531e+01
9.870173454284667969e+00
3.299696683883666992e+00
1.222952079772949219e+01
9.585462570190429688e+00
9.434238433837890625e+00
9.750259399414062500e+00
1.041051387786865234e+01
1.104993915557861328e+01
8.497951507568359375e+00
1.534189987182617188e+01
1.104965782165527344e+01
1.149276065826416016e+01
8.119852066040039062e+00
1.205367946624755859e+01
1.259022426605224609e+01
1.187690830230712891e+01
1.078693962097167969e+01
9.358049392700195312e+00
8.810527801513671875e+00
9.971598625183105469e+00
1.252362155914306641e+01
1.345495414733886719e+01
1.276604652404785156e+01
1.063236141204833984e+01
1.197508430480957031e+01
1.060346031188964844e+01
1.088925266265869141e+01
9.584875106811523438e+00
1.122241497039794922e+01
1.413137054443359375e+01
9.145330429077148438e+00
1.197567844390869141e+01
8.193380355834960938e+00
1.642641639709472656e+01
8.294150352478027344e+00
9.706274032592773438e+00
8.861071586608886719e+00
8.754276275634765625e+00
6.509355068206787109e+00
9.553086280822753906e+00
8.496395111083984375e+00
8.968253135681152344e+00
3.416260480880737305e+00
1.355981826782226562e+01
1.119511032104492188e+01
1.414705657958984375e+01
1.136233425140380859e+01
5.982411384582519531e+00
4.050507545471191406e+00
1.202796649932861328e+01
1.216649150848388672e+01
1.142897129058837891e+01
9.205397605895996094e+00
1.056616973876953125e+01
1.090885925292968750e+01
1.207861804962158203e+01
1.050461673736572266e+01
4.389424800872802734e+00
8.736857414245605469e+00
3.505417346954345703e+00
7.344875335693359375e+00
1.151707553863525391e+01
9.477151870727539062e+00
1.250251960754394531e+01
8.661902427673339844e+00
1.466656875610351562e+01
1.192359352111816406e+01
5.755072593688964844e+00
1.021645641326904297e+01
1.158701896667480469e+01
1.177237892150878906e+01
9.648356437683105469e+00
7.972887039184570312e+00
1.065487575531005859e+01
9.293574333190917969e+00
9.525315284729003906e+00
3.814168691635131836e+00
4.544061183929443359e+00
1.299291419982910156e+01
9.916061401367187500e+00
1.130387592315673828e+01
1.041846752166748047e+01
8.222964286804199219e+00
1.228589344024658203e+01
9.102628707885742188e+00
8.853265762329101562e+00
9.881039619445800781e+00
1.189747333526611328e+01
8.527355194091796875e+00
6.686710357666015625e+00
1.128914928436279297e+01
1.165495967864990234e+01
7.363984107971191406e+00
1.323005485534667969e+01
1.100091648101806641e+01
1.074666690826416016e+01
5.624082088470458984e+00
5.551810741424560547e+00
1.361985778808593750e+01
1.100474834442138672e+01
1.296701526641845703e+01
1.372477245330810547e+01
9.797469139099121094e+00
4.300335884094238281e+00
7.810981273651123047e+00
9.893062591552734375e+00
9.618580818176269531e+00
3.391166210174560547e+00
9.688071250915527344e+00
1.098103332519531250e+01
1.168858528137207031e+01
8.662804603576660156e+00
8.929207801818847656e+00
8.230976104736328125e+00
1.007456111907958984e+01
3.919003009796142578e+00
5.602245807647705078e+00
1.166437244415283203e+01
1.093506622314453125e+01
1.188182544708251953e+01
1.256603813171386719e+01
9.346110343933105469e+00
1.351641559600830078e+01
1.257729911804199219e+01
1.090227985382080078e+01
1.077393913269042969e+01
1.065777587890625000e+01
9.454888343811035156e+00
8.359772682189941406e+00
1.166866111755371094e+01
1.250548076629638672e+01
1.153540515899658203e+01
8.332785606384277344e+00
8.629693031311035156e+00
3.971106767654418945e+00
1.065368556976318359e+01
1.125911426544189453e+01
1.260892581939697266e+01
9.849484443664550781e+00
8.881863594055175781e+00
1.164387035369873047e+01
1.309989356994628906e+01
8.722827911376953125e+00
1.178134822845458984e+01
9.983894348144531250e+00
1.309485721588134766e+01
7.869215488433837891e+00
1.410986518859863281e+01
1.032999610900878906e+01
1.051784324645996094e+01
1.149036788940429688e+01
1.221162605285644531e+01
9.508108139038085938e+00
1.221515750885009766e+01
1.126968193054199219e+01
1.205213260650634766e+01
4.378691196441650391e+00
9.358410835266113281e+00
9.802832603454589844e+00
1.176450252532958984e+01
6.050028324127197266e+00
1.289351749420166016e+01
1.260193347930908203e+01
8.786221504211425781e+00
1.309393024444580078e+01
1.037273788452148438e+01
1.225599765777587891e+01
9.441163063049316406e+00
9.200374603271484375e+00
9.877337455749511719e+00
5.291822433471679688e+00
1.153400516510009766e+01
8.693239212036132812e+00
5.895316600799560547e+00
8.362627029418945312e+00
9.286138534545898438e+00
9.618469238281250000e+00
9.855609893798828125e+00
4.805974960327148438e+00
7.661998271942138672e+00
8.276197433471679688e+00
9.827113151550292969e+00
1.023442268371582031e+01
1.081676101684570312e+01
9.650533676147460938e+00
1.042366790771484375e+01
9.639371871948242188e+00
6.504945278167724609e+00
8.025051116943359375e+00
5.245698928833007812e+00
9.245502471923828125e+00
1.408629894256591797e+01
8.529562950134277344e+00
8.761489868164062500e+00
8.362011909484863281e+00
1.384919071197509766e+01
8.609168052673339844e+00
1.029033946990966797e+01
1.076061534881591797e+01
8.931381225585937500e+00
8.989026069641113281e+00
9.842590332031250000e+00
8.535546302795410156e+00
5.173641204833984375e+00
1.123729228973388672e+01
1.203646183013916016e+01
8.650291442871093750e+00
1.203758621215820312e+01
9.315247535705566406e+00
9.442284584045410156e+00
1.120775604248046875e+01
8.325859069824218750e+00
7.473275184631347656e+00
1.027309131622314453e+01
1.076758480072021484e+01
9.456754684448242188e+00
1.155846214294433594e+01
1.041312313079833984e+01
8.609996795654296875e+00
1.201312446594238281e+01
9.476161956787109375e+00
8.723169326782226562e+00
1.095394039154052734e+01
1.183815765380859375e+01
1.056075477600097656e+01
1.248724746704101562e+01
8.136600494384765625e+00
9.818528175354003906e+00
1.038189697265625000e+01
9.267950057983398438e+00
1.203594017028808594e+01
1.161480712890625000e+01
8.858711242675781250e+00
9.382176399230957031e+00
9.428556442260742188e+00
1.204354000091552734e+01
3.990083932876586914e+00
1.174139118194580078e+01
4.402487754821777344e+00
9.251318931579589844e+00
1.186208152770996094e+01
