1.079611396789550781e+01
1.133263587951660156e+01
9.594872474670410156e+00
1.140840053558349609e+01
1.251543998718261719e+01
1.288705444335937500e+01
4.410075664520263672e+00
1.275946617126464844e+01
1.049047946929931641e+01
1.122060298919677734e+01
9.949556350708007812e+00
1.155344963073730469e+01
4.990565776824951172e+00
5.328821659088134766e+00
9.798037528991699219e+00
1.168633842468261719e+01
1.284989929199218750e+01
1.337430667877197266e+01
9.244604110717773438e+00
1.001325321197509766e+01
1.262506866455078125e+01
1.198917675018310547e+01
1.341463661193847656e+01
1.179713916778564453e+01
1.022521686553955078e+01
8.301793098449707031e+00
1.119267082214355469e+01
1.221753597259521484e+01
1.055901527404785156e+01
4.587498188018798828e+00
4.929547309875488281e+00
1.102650547027587891e+01
1.306164169311523438e+01
1.084771156311035156e+01
1.288168907165527344e+01
1.312550354003906250e+01
1.120950603485107422e+01
1.092620754241943359e+01
3.539906024932861328e+00
1.248966407775878906e+01
9.683238983154296875e+00
1.183791065216064453e+01
3.794538736343383789e+00
7.121253490447998047e+00
1.050874137878417969e+01
1.106161594390869141e+01
1.006563949584960938e+01
8.972854614257812500e+00
1.421469497680664062e+01
1.037515449523925781e+01
3.439374208450317383e+00
1.470281028747558594e+01
1.397123146057128906e+01
1.066916942596435547e+01
1.364988517761230469e+01
9.762305259704589844e+00
9.689163208007812500e+00
1.032335376739501953e+01
9.266776084899902344e+00
1.034949779510498047e+01
9.534241676330566406e+00
9.137069702148437500e+00
8.885713577270507812e+00
8.386074066162109375e+00
1.301639270782470703e+01
1.394926452636718750e+01
9.391874313354492188e+00
1.319187545776367188e+01
9.531583786010742188e+00
1.036544799804687500e+01
9.561408996582031250e+00
9.689551353454589844e+00
8.394868850708007812e+00
1.295413494110107422e+01
3.657905101776123047e+00
5.046210289001464844e+00
8.960900306701660156e+00
8.282089233398437500e+00
4.830710411071777344e+00
9.115281105041503906e+00
1.118070507049560547e+01
7.807074069976806641e+00
1.238722229003906250e+01
1.185529327392578125e+01
1.461525154113769531e+01
9.622353553771972656e+00
1.614021301269531250e+01
1.345044708251953125e+01
5.456417083740234375e+00
4.594130516052246094e+00
9.797607421875000000e+00
1.278548336029052734e+01
8.073758125305175781e+00
1.432000255584716797e+01
1.227972126007080078e+01
6.035374641418457031e+00
1.019122886657714844e+01
1.281077480316162109e+01
1.211820316314697266e+01
1.276303958892822266e+01
9.513783454895019531e+00
8.939928054809570312e+00
4.299062728881835938e+00
1.016822242736816406e+01
8.226392745971679688e+00
1.057926464080810547e+01
1.286004447937011719e+01
1.033850765228271484e+01
9.050361633300781250e+00
1.237004947662353516e+01
3.951478004455566406e+00
1.369608497619628906e+01
1.122419738769531250e+01
1.463756656646728516e+01
1.305703735351562500e+01
6.232881546020507812e+00
9.590251922607421875e+00
1.541807651519775391e+01
1.033171939849853516e+01
1.355997848510742188e+01
9.459731101989746094e+00
9.820874214172363281e+00
1.267472076416015625e+01
1.123907661437988281e+01
1.293373966217041016e+01
5.778817176818847656e+00
8.830571174621582031e+00
1.092810535430908203e+01
1.272813129425048828e+01
1.230280017852783203e+01
7.776588439941406250e+00
1.293787193298339844e+01
1.264946842193603516e+01
4.011823654174804688e+00
9.434198379516601562e+00
1.209263992309570312e+01
7.745113372802734375e+00
1.121299552917480469e+01
1.230275440216064453e+01
1.404775714874267578e+01
1.017911720275878906e+01
1.020752716064453125e+01
9.555796623229980469e+00
1.116918945312500000e+01
8.562773704528808594e+00
1.468984222412109375e+01
1.127549171447753906e+01
1.149611854553222656e+01
4.373355865478515625e+00
1.023727130889892578e+01
1.060030746459960938e+01
1.113564491271972656e+01
4.309959411621093750e+00
1.064004135131835938e+01
1.047329330444335938e+01
1.051228046417236328e+01
1.192675590515136719e+01
8.829809188842773438e+00
1.001182556152343750e+01
1.130574035644531250e+01
5.331677913665771484e+00
1.302223396301269531e+01
1.239091873168945312e+01
1.533385658264160156e+01
3.837859869003295898e+00
1.135326862335205078e+01
1.280348587036132812e+01
9.603244781494140625e+00
1.402997398376464844e+01
1.166846656799316406e+01
1.245183372497558594e+01
8.753829956054687500e+00
9.621848106384277344e+00
8.978929519653320312e+00
1.471239662170410156e+01
1.369288253784179688e+01
1.694215774536132812e+01
8.298725128173828125e+00
8.146615028381347656e+00
4.510724544525146484e+00
1.514048194885253906e+01
1.141335487365722656e+01
1.181869983673095703e+01
1.067954826354980469e+01
1.132759666442871094e+01
1.172352981567382812e+01
9.442427635192871094e+00
1.359175395965576172e+01
1.467818450927734375e+01
7.761568069458007812e+00
1.405047035217285156e+01
1.296871089935302734e+01
9.826727867126464844e+00
1.218163204193115234e+01
1.102670383453369141e+01
1.413001060485839844e+01
9.503423690795898438e+00
9.117993354797363281e+00
1.134532737731933594e+01
8.287394523620605469e+00
1.255338954925537109e+01
1.206046485900878906e+01
1.390358543395996094e+01
1.288857364654541016e+01
9.002339363098144531e+00
5.078108787536621094e+00
1.020833110809326172e+01
1.290504550933837891e+01
1.023460578918457031e+01
1.219875431060791016e+01
9.892440795898437500e+00
1.188543987274169922e+01
1.135590934753417969e+01
1.061166858673095703e+01
1.567216491699218750e+01
1.143421268463134766e+01
1.247894954681396484e+01
9.655195236206054688e+00
9.089745521545410156e+00
1.303373813629150391e+01
1.089486885070800781e+01
1.117327785491943359e+01
9.135757446289062500e+00
1.024596309661865234e+01
8.207322120666503906e+00
4.487940311431884766e+00
7.806743144989013672e+00
1.242885112762451172e+01
1.159076023101806641e+01
1.299084663391113281e+01
1.137522602081298828e+01
1.272734260559082031e+01
1.015444660186767578e+01
9.493044853210449219e+00
1.088897800445556641e+01
9.368817329406738281e+00
1.130377578735351562e+01
1.055246734619140625e+01
3.868471860885620117e+00
1.065742492675781250e+01
1.056979656219482422e+01
7.303468704223632812e+00
1.160013961791992188e+01
1.128341293334960938e+01
1.401233768463134766e+01
8.109064102172851562e+00
1.357691192626953125e+01
1.009644317626953125e+01
1.215875244140625000e+01
1.278445529937744141e+01
