9.785793304443359375e+00
1.146388244628906250e+01
1.205888462066650391e+01
4.164255142211914062e+00
8.083033561706542969e+00
6.743771076202392578e+00
1.141556262969970703e+01
9.398612022399902344e+00
1.317996311187744141e+01
5.637982845306396484e+00
1.056633090972900391e+01
1.010648441314697266e+01
1.011898803710937500e+01
1.013557910919189453e+01
1.309232997894287109e+01
1.245324707031250000e+01
3.816014766693115234e+00
1.413824653625488281e+01
1.006955528259277344e+01
8.472741127014160156e+00
1.249019050598144531e+01
7.485452175140380859e+00
1.029340553283691406e+01
1.214495849609375000e+01
7.572170257568359375e+00
9.516633987426757812e+00
9.411323547363281250e+00
1.066269207000732422e+01
1.114586162567138672e+01
9.191745758056640625e+00
9.062791824340820312e+00
8.313244819641113281e+00
1.001635932922363281e+01
1.154329490661621094e+01
1.520644378662109375e+01
9.416992187500000000e+00
1.184461688995361328e+01
1.120311927795410156e+01
1.215996932983398438e+01
1.153031635284423828e+01
1.194890308380126953e+01
3.804228544235229492e+00
1.121670627593994141e+01
1.071007633209228516e+01
1.200852680206298828e+01
1.189777755737304688e+01
1.196579265594482422e+01
8.667518615722656250e+00
1.055116844177246094e+01
1.194002532958984375e+01
1.344698905944824219e+01
1.181559753417968750e+01
1.069786739349365234e+01
1.163274383544921875e+01
9.996908187866210938e+00
1.240464878082275391e+01
8.608741760253906250e+00
1.173572635650634766e+01
1.084489536285400391e+01
1.170188236236572266e+01
5.047045230865478516e+00
6.188170433044433594e+00
9.782744407653808594e+00
8.588224411010742188e+00
9.463040351867675781e+00
1.214152145385742188e+01
1.165199851989746094e+01
9.182541847229003906e+00
6.968079090118408203e+00
1.407404613494873047e+01
9.196693420410156250e+00
4.713640689849853516e+00
9.932184219360351562e+00
8.223486900329589844e+00
1.148713588714599609e+01
3.658653259277343750e+00
1.057710361480712891e+01
1.172951316833496094e+01
1.009282207489013672e+01
1.198549938201904297e+01
1.337513542175292969e+01
1.201083374023437500e+01
1.113928985595703125e+01
9.454364776611328125e+00
4.462924480438232422e+00
4.077775478363037109e+00
9.297407150268554688e+00
1.153789520263671875e+01
1.168458747863769531e+01
1.226785755157470703e+01
9.492778778076171875e+00
1.223437404632568359e+01
1.044848060607910156e+01
1.385077381134033203e+01
1.143934154510498047e+01
5.118913650512695312e+00
1.356806087493896484e+01
7.716239929199218750e+00
1.192349624633789062e+01
1.062956333160400391e+01
1.031786060333251953e+01
9.144227027893066406e+00
1.133488655090332031e+01
1.304897212982177734e+01
1.212320518493652344e+01
8.089568138122558594e+00
4.914105892181396484e+00
1.022138977050781250e+01
1.038875007629394531e+01
1.059829330444335938e+01
1.065224552154541016e+01
1.306652641296386719e+01
5.303926944732666016e+00
1.464948558807373047e+01
1.395057964324951172e+01
5.110626697540283203e+00
9.950357437133789062e+00
1.187893295288085938e+01
8.785766601562500000e+00
1.426226806640625000e+01
1.020062065124511719e+01
1.019104862213134766e+01
6.060979366302490234e+00
1.408171081542968750e+01
9.241063117980957031e+00
1.222385597229003906e+01
1.051783466339111328e+01
9.251853942871093750e+00
1.202465248107910156e+01
1.483215427398681641e+01
1.037407302856445312e+01
6.009772777557373047e+00
6.817801952362060547e+00
1.398832321166992188e+01
7.697343349456787109e+00
1.532589912414550781e+01
9.558256149291992188e+00
1.017825031280517578e+01
1.117309093475341797e+01
1.214226818084716797e+01
1.191814136505126953e+01
1.196971035003662109e+01
8.470482826232910156e+00
1.060868930816650391e+01
1.163882541656494141e+01
1.367015838623046875e+01
1.018908405303955078e+01
9.705441474914550781e+00
9.752650260925292969e+00
1.481496143341064453e+01
9.274051666259765625e+00
5.243481636047363281e+00
1.050175666809082031e+01
1.447671890258789062e+01
1.117729854583740234e+01
1.483237934112548828e+01
6.591002941131591797e+00
1.068807220458984375e+01
9.097149848937988281e+00
1.362282943725585938e+01
9.143275260925292969e+00
1.286952495574951172e+01
8.066482543945312500e+00
1.026461124420166016e+01
1.361689472198486328e+01
1.279620742797851562e+01
1.017795085906982422e+01
9.374658584594726562e+00
9.102548599243164062e+00
1.079721164703369141e+01
1.181147289276123047e+01
1.175966930389404297e+01
1.138714885711669922e+01
1.266229724884033203e+01
1.010799121856689453e+01
1.190798854827880859e+01
8.564439773559570312e+00
1.238489723205566406e+01
9.979879379272460938e+00
1.448580741882324219e+01
8.554421424865722656e+00
8.351699829101562500e+00
3.222556114196777344e+00
1.244846343994140625e+01
7.554940700531005859e+00
3.466346979141235352e+00
1.093666934967041016e+01
9.607173919677734375e+00
1.158804893493652344e+01
1.294833564758300781e+01
1.437314796447753906e+01
1.446333599090576172e+01
1.486299610137939453e+01
1.161647319793701172e+01
1.176462459564208984e+01
9.251598358154296875e+00
9.770446777343750000e+00
1.360676765441894531e+01
6.790834903717041016e+00
1.182359600067138672e+01
8.936562538146972656e+00
5.082262039184570312e+00
1.212493610382080078e+01
9.236438751220703125e+00
1.052906703948974609e+01
1.377376365661621094e+01
1.294341754913330078e+01
1.318100357055664062e+01
1.170814132690429688e+01
1.111336612701416016e+01
6.946407794952392578e+00
1.450270175933837891e+01
8.758986473083496094e+00
1.264448261260986328e+01
1.228012847900390625e+01
1.535608196258544922e+01
1.274083328247070312e+01
1.316209793090820312e+01
1.033067989349365234e+01
9.583021163940429688e+00
1.103856563568115234e+01
1.217391109466552734e+01
1.502677726745605469e+01
1.233815288543701172e+01
3.823350667953491211e+00
4.765169143676757812e+00
8.734078407287597656e+00
9.227439880371093750e+00
1.481770610809326172e+01
1.300165748596191406e+01
1.231834316253662109e+01
1.208072376251220703e+01
8.050787925720214844e+00
1.217594623565673828e+01
3.568937778472900391e+00
9.874599456787109375e+00
9.605515480041503906e+00
1.338545227050781250e+01
9.494978904724121094e+00
9.324978828430175781e+00
1.183051586151123047e+01
9.933753967285156250e+00
1.081268310546875000e+01
9.267827033996582031e+00
7.428378582000732422e+00
1.096369552612304688e+01
8.624067306518554688e+00
1.291906452178955078e+01
1.172349929809570312e+01
1.462203311920166016e+01
