1.117232322692871094e+01
1.348525047302246094e+01
9.746406555175781250e+00
1.421392345428466797e+01
1.076193618774414062e+01
1.008296871185302734e+01
1.036647033691406250e+01
1.070640850067138672e+01
9.305901527404785156e+00
9.356962203979492188e+00
1.083774852752685547e+01
9.149473190307617188e+00
1.227134990692138672e+01
3.136833190917968750e+00
1.461621570587158203e+01
7.380621433258056641e+00
4.485561370849609375e+00
1.084408950805664062e+01
1.475403594970703125e+01
4.091457366943359375e+00
8.783567428588867188e+00
7.592768192291259766e+00
9.437416076660156250e+00
7.910685539245605469e+00
8.881684303283691406e+00
7.977152824401855469e+00
1.185009860992431641e+01
8.424204826354980469e+00
1.073946094512939453e+01
1.124650382995605469e+01
1.038557243347167969e+01
1.158004474639892578e+01
8.676392555236816406e+00
8.172628402709960938e+00
8.354030609130859375e+00
4.038317203521728516e+00
1.144496154785156250e+01
9.515335083007812500e+00
1.224284934997558594e+01
9.614278793334960938e+00
1.133222007751464844e+01
1.180872821807861328e+01
1.174544334411621094e+01
7.368459701538085938e+00
1.058183670043945312e+01
7.894713401794433594e+00
8.167384147644042969e+00
8.922616004943847656e+00
1.003702831268310547e+01
1.347898101806640625e+01
4.783117771148681641e+00
8.755907058715820312e+00
1.229437446594238281e+01
3.759047985076904297e+00
9.222929954528808594e+00
9.463244438171386719e+00
1.029266452789306641e+01
8.034565925598144531e+00
1.252780818939208984e+01
1.149985313415527344e+01
1.061589717864990234e+01
1.110819721221923828e+01
1.139143276214599609e+01
9.283243179321289062e+00
9.700517654418945312e+00
1.267405414581298828e+01
1.273919677734375000e+01
1.043547344207763672e+01
1.029017257690429688e+01
1.221893882751464844e+01
4.078582286834716797e+00
9.600172996520996094e+00
6.055460929870605469e+00
9.484597206115722656e+00
3.802182674407958984e+00
2.994712829589843750e+00
7.798863410949707031e+00
1.132674217224121094e+01
1.022222900390625000e+01
9.289946556091308594e+00
1.085887718200683594e+01
8.877887725830078125e+00
8.453308105468750000e+00
1.082938957214355469e+01
1.433565044403076172e+01
8.031338691711425781e+00
1.075687694549560547e+01
6.851001739501953125e+00
1.019798183441162109e+01
9.103743553161621094e+00
1.410354042053222656e+01
7.399650573730468750e+00
1.079180335998535156e+01
9.855678558349609375e+00
8.855860710144042969e+00
4.164964199066162109e+00
1.292000865936279297e+01
1.115985965728759766e+01
1.299453544616699219e+01
9.965183258056640625e+00
1.102928638458251953e+01
9.578340530395507812e+00
1.394020366668701172e+01
1.047234821319580078e+01
1.125059413909912109e+01
8.142539978027343750e+00
1.099884414672851562e+01
8.069025039672851562e+00
1.196168231964111328e+01
1.181165313720703125e+01
1.016091346740722656e+01
7.061419963836669922e+00
1.135227966308593750e+01
9.069027900695800781e+00
9.526768684387207031e+00
4.078303337097167969e+00
3.933276653289794922e+00
1.132044601440429688e+01
8.460844039916992188e+00
9.746659278869628906e+00
1.006196594238281250e+01
9.599154472351074219e+00
1.134898376464843750e+01
1.103169536590576172e+01
1.045205020904541016e+01
8.377762794494628906e+00
1.013671684265136719e+01
9.117058753967285156e+00
7.860396862030029297e+00
1.127551078796386719e+01
1.455906677246093750e+01
8.718144416809082031e+00
9.937081336975097656e+00
1.001227760314941406e+01
8.647075653076171875e+00
1.256184577941894531e+01
9.048251152038574219e+00
9.191812515258789062e+00
7.666878223419189453e+00
1.186300659179687500e+01
1.327484703063964844e+01
1.016975021362304688e+01
9.443414688110351562e+00
8.735833168029785156e+00
9.669764518737792969e+00
9.472270011901855469e+00
9.563701629638671875e+00
1.141742038726806641e+01
5.507473945617675781e+00
8.645728111267089844e+00
1.368828964233398438e+01
1.073115062713623047e+01
9.055655479431152344e+00
6.812188148498535156e+00
7.345252037048339844e+00
9.188850402832031250e+00
9.440286636352539062e+00
9.343619346618652344e+00
1.324899005889892578e+01
9.896258354187011719e+00
7.682159423828125000e+00
7.811370849609375000e+00
1.049025154113769531e+01
3.490900993347167969e+00
1.139485073089599609e+01
3.904275417327880859e+00
1.173520183563232422e+01
9.408264160156250000e+00
8.038809776306152344e+00
1.041472721099853516e+01
1.160922145843505859e+01
9.761029243469238281e+00
1.076770210266113281e+01
1.002398681640625000e+01
5.234258651733398438e+00
7.833354949951171875e+00
4.207921504974365234e+00
8.714660644531250000e+00
1.003354644775390625e+01
3.780684947967529297e+00
9.605012893676757812e+00
8.482424736022949219e+00
4.225427627563476562e+00
1.030078697204589844e+01
1.000065517425537109e+01
1.096843624114990234e+01
9.090239524841308594e+00
7.455329895019531250e+00
4.532701969146728516e+00
9.308045387268066406e+00
1.051003837585449219e+01
1.013887119293212891e+01
1.051833438873291016e+01
7.154484748840332031e+00
8.876398086547851562e+00
9.677631378173828125e+00
7.419524669647216797e+00
9.530076026916503906e+00
1.153590583801269531e+01
8.577115058898925781e+00
1.125833606719970703e+01
1.229935550689697266e+01
1.197022151947021484e+01
9.945194244384765625e+00
7.355590820312500000e+00
1.183793067932128906e+01
1.225526332855224609e+01
3.974482297897338867e+00
1.029736423492431641e+01
1.023768329620361328e+01
1.108019924163818359e+01
7.562590599060058594e+00
1.289005661010742188e+01
1.082085227966308594e+01
1.474417781829833984e+01
1.306456947326660156e+01
1.282215023040771484e+01
9.817076683044433594e+00
1.051874065399169922e+01
1.122368049621582031e+01
1.057003211975097656e+01
7.718217372894287109e+00
1.241697788238525391e+01
9.268624305725097656e+00
1.141543292999267578e+01
1.000025558471679688e+01
7.761821746826171875e+00
1.049627780914306641e+01
1.266544532775878906e+01
3.616324424743652344e+00
1.066690063476562500e+01
1.104436588287353516e+01
1.086590194702148438e+01
9.759229660034179688e+00
1.260766887664794922e+01
3.888084411621093750e+00
1.366797161102294922e+01
9.374380111694335938e+00
9.971712112426757812e+00
1.016916847229003906e+01
1.244967365264892578e+01
7.968171596527099609e+00
9.913899421691894531e+00
9.092002868652343750e+00
1.056704711914062500e+01
9.015572547912597656e+00
9.403371810913085938e+00
1.299385356903076172e+01
1.062881374359130859e+01
1.093935489654541016e+01
