3.571961641311645508e+00
9.129974365234375000e+00
8.389022827148437500e+00
1.081936264038085938e+01
1.037003612518310547e+01
7.819198608398437500e+00
9.983185768127441406e+00
9.301154136657714844e+00
1.070117568969726562e+01
8.232686996459960938e+00
1.173397541046142578e+01
6.768373012542724609e+00
8.425307273864746094e+00
1.175117969512939453e+01
1.319763469696044922e+01
5.458074092864990234e+00
1.218931007385253906e+01
4.043394088745117188e+00
4.114590644836425781e+00
4.995844841003417969e+00
9.987051963806152344e+00
1.145048904418945312e+01
8.550681114196777344e+00
1.038742351531982422e+01
1.116479587554931641e+01
8.319879531860351562e+00
1.026503753662109375e+01
9.551521301269531250e+00
1.034663581848144531e+01
1.061093902587890625e+01
1.523993015289306641e+01
9.012618064880371094e+00
1.059822368621826172e+01
1.101146030426025391e+01
9.451661109924316406e+00
4.744773864746093750e+00
8.278066635131835938e+00
1.016540527343750000e+01
3.640440940856933594e+00
9.755841255187988281e+00
1.112633514404296875e+01
1.024041080474853516e+01
1.025494384765625000e+01
8.815058708190917969e+00
9.857872009277343750e+00
9.465090751647949219e+00
1.222461223602294922e+01
7.880136489868164062e+00
1.082983303070068359e+01
1.072984123229980469e+01
1.252833557128906250e+01
7.897151947021484375e+00
1.229927730560302734e+01
8.275903701782226562e+00
9.688811302185058594e+00
8.657100677490234375e+00
6.029709815979003906e+00
1.066303062438964844e+01
1.296842479705810547e+01
1.171929264068603516e+01
9.483790397644042969e+00
8.529039382934570312e+00
9.371338844299316406e+00
4.414752960205078125e+00
8.527098655700683594e+00
1.172402381896972656e+01
1.312469291687011719e+01
1.142629051208496094e+01
1.450864791870117188e+01
3.986999273300170898e+00
1.002860641479492188e+01
1.166809749603271484e+01
1.077107524871826172e+01
8.338054656982421875e+00
1.142258453369140625e+01
1.028875541687011719e+01
1.226801109313964844e+01
1.066058921813964844e+01
1.243488502502441406e+01
9.822480201721191406e+00
1.424853038787841797e+01
1.130510425567626953e+01
1.014820480346679688e+01
8.616938591003417969e+00
1.002487945556640625e+01
1.035048389434814453e+01
8.890381813049316406e+00
9.278153419494628906e+00
9.290618896484375000e+00
9.355212211608886719e+00
4.536853313446044922e+00
1.195528030395507812e+01
8.850364685058593750e+00
1.053427886962890625e+01
3.448046684265136719e+00
1.063663864135742188e+01
1.188473415374755859e+01
1.067835330963134766e+01
4.999475479125976562e+00
3.519664049148559570e+00
5.641195297241210938e+00
1.006235122680664062e+01
1.470966243743896484e+01
1.032557868957519531e+01
1.122609233856201172e+01
9.710456848144531250e+00
8.186446189880371094e+00
1.009422492980957031e+01
1.068766975402832031e+01
1.033030796051025391e+01
3.666396141052246094e+00
8.977562904357910156e+00
1.246165847778320312e+01
8.221882820129394531e+00
9.695202827453613281e+00
8.155429840087890625e+00
1.195615196228027344e+01
9.812407493591308594e+00
6.475378036499023438e+00
1.003180789947509766e+01
8.449986457824707031e+00
1.165717601776123047e+01
9.543357849121093750e+00
9.955990791320800781e+00
8.725870132446289062e+00
1.033688354492187500e+01
1.330453872680664062e+01
8.921771049499511719e+00
1.193732929229736328e+01
7.548949241638183594e+00
3.553832769393920898e+00
1.063552570343017578e+01
1.285225009918212891e+01
4.775131225585937500e+00
5.378145217895507812e+00
1.203119182586669922e+01
1.578586101531982422e+01
1.042883968353271484e+01
6.690339088439941406e+00
9.886410713195800781e+00
1.213716125488281250e+01
1.098639392852783203e+01
7.693793773651123047e+00
9.442071914672851562e+00
1.157231521606445312e+01
7.880756855010986328e+00
1.037154865264892578e+01
1.145922851562500000e+01
1.135049438476562500e+01
1.124001502990722656e+01
1.014228630065917969e+01
9.142746925354003906e+00
1.205612182617187500e+01
3.782027006149291992e+00
1.265999984741210938e+01
1.535762500762939453e+01
1.227984046936035156e+01
1.009642982482910156e+01
8.039804458618164062e+00
1.165743541717529297e+01
1.198129558563232422e+01
1.098332786560058594e+01
1.131894302368164062e+01
1.165500736236572266e+01
8.936077117919921875e+00
1.086522483825683594e+01
3.617455244064331055e+00
5.022591114044189453e+00
8.245547294616699219e+00
1.252760887145996094e+01
1.217548942565917969e+01
1.022617626190185547e+01
1.372250938415527344e+01
1.082896423339843750e+01
1.279491806030273438e+01
1.232798290252685547e+01
1.011559200286865234e+01
1.220302200317382812e+01
1.103796672821044922e+01
9.666379928588867188e+00
1.094570159912109375e+01
1.543285083770751953e+01
1.285048007965087891e+01
1.008432960510253906e+01
3.807243347167968750e+00
1.202160549163818359e+01
1.043554115295410156e+01
3.580072164535522461e+00
1.456563949584960938e+01
1.355964565277099609e+01
1.173306846618652344e+01
4.704640388488769531e+00
1.178522205352783203e+01
1.085723972320556641e+01
8.387889862060546875e+00
1.378464412689208984e+01
4.183878421783447266e+00
1.010984325408935547e+01
1.381672573089599609e+01
1.304614353179931641e+01
1.396800041198730469e+01
1.053875732421875000e+01
9.890525817871093750e+00
1.187392807006835938e+01
1.126269054412841797e+01
8.817573547363281250e+00
1.100379848480224609e+01
9.107668876647949219e+00
4.239090442657470703e+00
1.345683479309082031e+01
1.244711780548095703e+01
9.051854133605957031e+00
1.253862571716308594e+01
1.187246799468994141e+01
1.230139541625976562e+01
1.099260711669921875e+01
1.263961696624755859e+01
1.120520210266113281e+01
1.109782028198242188e+01
9.345009803771972656e+00
1.176842784881591797e+01
1.003658962249755859e+01
1.101181507110595703e+01
3.682868719100952148e+00
9.555571556091308594e+00
9.616750717163085938e+00
1.451584434509277344e+01
1.143193435668945312e+01
1.153935813903808594e+01
8.471387863159179688e+00
9.507720947265625000e+00
1.362584972381591797e+01
4.085965633392333984e+00
1.102352046966552734e+01
1.284450435638427734e+01
5.487741947174072266e+00
7.498917102813720703e+00
1.054852962493896484e+01
4.885821342468261719e+00
8.836100578308105469e+00
7.593639373779296875e+00
1.040739154815673828e+01
1.315291213989257812e+01
9.669812202453613281e+00
4.559420108795166016e+00
4.266709804534912109e+00
5.956645011901855469e+00
1.332790374755859375e+01
1.007108974456787109e+01
1.038111400604248047e+01
