1.379409885406494141e+01
1.089877033233642578e+01
1.172764110565185547e+01
1.069210910797119141e+01
9.096203804016113281e+00
1.164736747741699219e+01
1.171270370483398438e+01
8.482568740844726562e+00
1.204631042480468750e+01
1.179308223724365234e+01
1.238674068450927734e+01
1.241994190216064453e+01
1.324266529083251953e+01
1.045322227478027344e+01
9.639416694641113281e+00
1.212433242797851562e+01
1.261048698425292969e+01
1.502364540100097656e+01
1.083765792846679688e+01
5.744143486022949219e+00
1.236877632141113281e+01
8.499008178710937500e+00
1.100197315216064453e+01
1.194227313995361328e+01
1.043682575225830078e+01
9.706144332885742188e+00
9.433762550354003906e+00
6.548573493957519531e+00
1.121416568756103516e+01
9.048785209655761719e+00
1.077318191528320312e+01
5.914682865142822266e+00
9.769304275512695312e+00
1.067640018463134766e+01
9.556800842285156250e+00
9.158359527587890625e+00
1.337619400024414062e+01
1.090257263183593750e+01
4.495225906372070312e+00
1.290842533111572266e+01
6.215185165405273438e+00
9.990423202514648438e+00
1.034720230102539062e+01
1.054914283752441406e+01
9.227760314941406250e+00
1.305650901794433594e+01
3.719259977340698242e+00
7.013335227966308594e+00
1.150775909423828125e+01
1.423180961608886719e+01
1.001182460784912109e+01
9.263515472412109375e+00
1.153969097137451172e+01
1.179213523864746094e+01
1.183422374725341797e+01
1.192582988739013672e+01
3.940534591674804688e+00
1.285934543609619141e+01
1.172200870513916016e+01
9.835622787475585938e+00
1.026520729064941406e+01
8.268838882446289062e+00
9.455262184143066406e+00
8.612600326538085938e+00
1.201621341705322266e+01
1.125812625885009766e+01
1.182713127136230469e+01
5.052922725677490234e+00
9.362124443054199219e+00
9.509043693542480469e+00
1.167695903778076172e+01
1.255499172210693359e+01
9.038446426391601562e+00
8.184831619262695312e+00
7.383237838745117188e+00
1.004212379455566406e+01
1.092829990386962891e+01
8.151423454284667969e+00
1.219775485992431641e+01
8.719353675842285156e+00
9.014801979064941406e+00
1.259024143218994141e+01
1.017241287231445312e+01
9.965717315673828125e+00
1.131567859649658203e+01
9.910684585571289062e+00
1.053111934661865234e+01
1.049117469787597656e+01
1.276832866668701172e+01
4.720969200134277344e+00
9.071534156799316406e+00
9.138476371765136719e+00
1.469784927368164062e+01
1.090845108032226562e+01
1.114669609069824219e+01
9.500370025634765625e+00
1.132587528228759766e+01
1.082278537750244141e+01
9.496937751770019531e+00
1.045536899566650391e+01
1.318777179718017578e+01
8.970913887023925781e+00
1.205623435974121094e+01
7.348939895629882812e+00
7.861680030822753906e+00
9.770277023315429688e+00
8.498154640197753906e+00
1.040617942810058594e+01
1.049121856689453125e+01
5.927393913269042969e+00
1.284305763244628906e+01
9.128266334533691406e+00
1.299376106262207031e+01
1.102689647674560547e+01
1.434027481079101562e+01
1.147477245330810547e+01
3.528366088867187500e+00
8.086829185485839844e+00
4.285634040832519531e+00
5.471283912658691406e+00
3.845401525497436523e+00
1.242103862762451172e+01
9.972023963928222656e+00
1.327953624725341797e+01
1.227227401733398438e+01
9.189188003540039062e+00
9.083778381347656250e+00
1.260523891448974609e+01
1.272818660736083984e+01
1.006701755523681641e+01
9.789461135864257812e+00
8.882369995117187500e+00
1.522039508819580078e+01
1.195377254486083984e+01
8.499464988708496094e+00
1.132202148437500000e+01
1.079747104644775391e+01
7.379029273986816406e+00
1.156732463836669922e+01
6.724313735961914062e+00
1.375837230682373047e+01
1.164406394958496094e+01
6.823465824127197266e+00
1.113867187500000000e+01
9.150216102600097656e+00
1.206654167175292969e+01
9.139402389526367188e+00
1.179407882690429688e+01
6.697290897369384766e+00
1.043721485137939453e+01
8.417590141296386719e+00
1.144393348693847656e+01
8.265256881713867188e+00
8.802519798278808594e+00
1.514799785614013672e+01
9.447263717651367188e+00
1.185156726837158203e+01
7.806447505950927734e+00
1.117835044860839844e+01
7.400011062622070312e+00
7.801816940307617188e+00
1.002052307128906250e+01
1.370420742034912109e+01
1.039762496948242188e+01
1.190449428558349609e+01
1.151490116119384766e+01
1.344398307800292969e+01
8.240923881530761719e+00
5.072885513305664062e+00
1.109581947326660156e+01
1.128820133209228516e+01
9.567316055297851562e+00
4.556673526763916016e+00
1.000627326965332031e+01
1.078790092468261719e+01
1.260111236572265625e+01
1.260467338562011719e+01
1.103400897979736328e+01
1.231700515747070312e+01
7.843451499938964844e+00
9.684655189514160156e+00
5.905143260955810547e+00
8.401138305664062500e+00
1.184318447113037109e+01
8.730997085571289062e+00
1.186992168426513672e+01
1.329884243011474609e+01
1.151790809631347656e+01
9.442736625671386719e+00
1.135222816467285156e+01
1.036319446563720703e+01
1.004519462585449219e+01
1.409681701660156250e+01
9.059910774230957031e+00
1.229814910888671875e+01
1.063900947570800781e+01
6.681570529937744141e+00
1.123633384704589844e+01
1.154657745361328125e+01
1.070827770233154297e+01
7.213137149810791016e+00
1.044682407379150391e+01
8.804122924804687500e+00
4.893005371093750000e+00
3.569032669067382812e+00
1.362380218505859375e+01
1.379769420623779297e+01
9.840237617492675781e+00
1.124277782440185547e+01
9.180268287658691406e+00
6.576913833618164062e+00
1.200651264190673828e+01
1.232256031036376953e+01
9.908286094665527344e+00
9.425646781921386719e+00
7.849068641662597656e+00
1.547542381286621094e+01
1.063306140899658203e+01
1.040335559844970703e+01
8.860833168029785156e+00
8.227279663085937500e+00
9.815299987792968750e+00
9.327775955200195312e+00
4.854775428771972656e+00
1.014937114715576172e+01
1.268127822875976562e+01
9.793764114379882812e+00
1.025350666046142578e+01
1.125435543060302734e+01
1.111965370178222656e+01
1.178220081329345703e+01
1.124382591247558594e+01
6.050308227539062500e+00
1.107988834381103516e+01
1.240621089935302734e+01
9.004134178161621094e+00
9.734016418457031250e+00
1.107527351379394531e+01
1.038273143768310547e+01
8.522372245788574219e+00
1.334159660339355469e+01
1.054727554321289062e+01
1.202457809448242188e+01
4.336779594421386719e+00
1.116077899932861328e+01
1.260289955139160156e+01
1.290450859069824219e+01
9.250331878662109375e+00
9.384040832519531250e+00
1.053757286071777344e+01
