7.965516567230224609e+00
1.109650707244873047e+01
3.574044704437255859e+00
1.174043464660644531e+01
1.577901554107666016e+01
9.880239486694335938e+00
3.181124687194824219e+00
8.332133293151855469e+00
1.300659084320068359e+01
1.140584945678710938e+01
5.725646018981933594e+00
1.252253913879394531e+01
8.245125770568847656e+00
1.162507057189941406e+01
1.060060310363769531e+01
1.529170417785644531e+01
7.764179229736328125e+00
1.467322921752929688e+01
3.354938030242919922e+00
8.921316146850585938e+00
1.253499984741210938e+01
8.966238975524902344e+00
1.255032253265380859e+01
9.530143737792968750e+00
1.178013134002685547e+01
9.713081359863281250e+00
1.430639076232910156e+01
9.880140304565429688e+00
7.984367847442626953e+00
1.132598686218261719e+01
8.321654319763183594e+00
3.644857168197631836e+00
1.349947452545166016e+01
1.155059528350830078e+01
9.158145904541015625e+00
1.061285781860351562e+01
1.069218444824218750e+01
3.733382701873779297e+00
1.187621402740478516e+01
1.164424419403076172e+01
1.218958473205566406e+01
1.192480659484863281e+01
8.213610649108886719e+00
1.233210563659667969e+01
1.181961345672607422e+01
1.040878009796142578e+01
4.701795578002929688e+00
1.078557777404785156e+01
1.238982391357421875e+01
9.218639373779296875e+00
1.170023441314697266e+01
1.025566291809082031e+01
1.067779350280761719e+01
9.950364112854003906e+00
1.045810794830322266e+01
1.105404186248779297e+01
1.052199172973632812e+01
1.188625335693359375e+01
8.523927688598632812e+00
1.058990955352783203e+01
1.053413581848144531e+01
3.990345954895019531e+00
1.164956474304199219e+01
1.279635906219482422e+01
8.565908432006835938e+00
1.245629501342773438e+01
1.032309722900390625e+01
9.889266014099121094e+00
1.106082057952880859e+01
1.339430809020996094e+01
1.305373287200927734e+01
1.152701377868652344e+01
9.904724121093750000e+00
1.101726341247558594e+01
1.004767799377441406e+01
1.018148040771484375e+01
1.114883232116699219e+01
9.526410102844238281e+00
4.079600334167480469e+00
1.154341411590576172e+01
1.417257690429687500e+01
4.128821849822998047e+00
7.230138778686523438e+00
1.356107807159423828e+01
4.581459999084472656e+00
1.217701148986816406e+01
5.059248924255371094e+00
1.149710464477539062e+01
9.316725730895996094e+00
1.264278030395507812e+01
1.007704544067382812e+01
1.218039512634277344e+01
8.761026382446289062e+00
9.130571365356445312e+00
7.911066532135009766e+00
1.499582862854003906e+01
1.098523139953613281e+01
1.183400821685791016e+01
1.164820671081542969e+01
1.108430671691894531e+01
7.477047920227050781e+00
3.685823917388916016e+00
3.331773281097412109e+00
1.320597934722900391e+01
1.215387535095214844e+01
1.362440776824951172e+01
1.094515132904052734e+01
1.076038169860839844e+01
1.086973094940185547e+01
1.054665279388427734e+01
1.175289058685302734e+01
1.045925235748291016e+01
1.202916622161865234e+01
9.483880996704101562e+00
1.066746520996093750e+01
1.159220218658447266e+01
1.088119411468505859e+01
1.192423057556152344e+01
5.255440711975097656e+00
8.230608940124511719e+00
9.521245956420898438e+00
9.239714622497558594e+00
1.450618171691894531e+01
1.147151279449462891e+01
1.005439472198486328e+01
4.277243614196777344e+00
1.113166713714599609e+01
1.086165237426757812e+01
7.189659118652343750e+00
8.170139312744140625e+00
4.694876194000244141e+00
1.123233699798583984e+01
1.513350677490234375e+01
1.400129890441894531e+01
9.358108520507812500e+00
1.339344692230224609e+01
9.920213699340820312e+00
1.123078441619873047e+01
1.230109214782714844e+01
9.851055145263671875e+00
8.246281623840332031e+00
1.114871788024902344e+01
1.411329078674316406e+01
9.395423889160156250e+00
4.404122352600097656e+00
9.018837928771972656e+00
6.827665805816650391e+00
9.204185485839843750e+00
1.212627506256103516e+01
1.055796337127685547e+01
1.020068359375000000e+01
9.261473655700683594e+00
1.242460536956787109e+01
1.170123386383056641e+01
1.078327655792236328e+01
5.578752994537353516e+00
1.345417499542236328e+01
4.591873645782470703e+00
1.338803768157958984e+01
1.205576705932617188e+01
1.222861766815185547e+01
1.192738533020019531e+01
1.326679039001464844e+01
1.149987888336181641e+01
1.035336685180664062e+01
1.362533760070800781e+01
3.990754604339599609e+00
9.526412963867187500e+00
8.690398216247558594e+00
1.530147838592529297e+01
1.035169029235839844e+01
1.621730995178222656e+01
8.522705078125000000e+00
9.376698493957519531e+00
9.040575981140136719e+00
1.415878105163574219e+01
1.139910316467285156e+01
1.425460815429687500e+01
1.562700557708740234e+01
1.241581058502197266e+01
1.266778850555419922e+01
1.410062980651855469e+01
1.260505199432373047e+01
1.258464050292968750e+01
1.054236984252929688e+01
8.803023338317871094e+00
1.246738719940185547e+01
1.327877902984619141e+01
9.712733268737792969e+00
9.882596015930175781e+00
6.978298664093017578e+00
1.606057929992675781e+01
1.402082061767578125e+01
1.344298648834228516e+01
9.565631866455078125e+00
9.026801109313964844e+00
8.511607170104980469e+00
1.205798530578613281e+01
1.129051399230957031e+01
1.460913562774658203e+01
9.216688156127929688e+00
9.446429252624511719e+00
7.878372192382812500e+00
1.316391277313232422e+01
1.257216548919677734e+01
9.352975845336914062e+00
9.632943153381347656e+00
1.473219394683837891e+01
1.190558528900146484e+01
1.086846065521240234e+01
1.085173034667968750e+01
1.182688426971435547e+01
1.061157035827636719e+01
5.823327541351318359e+00
1.053475284576416016e+01
1.223142528533935547e+01
7.142923831939697266e+00
1.393508243560791016e+01
7.647847175598144531e+00
7.550904750823974609e+00
9.738524436950683594e+00
9.714136123657226562e+00
8.179745674133300781e+00
1.045796108245849609e+01
1.032111835479736328e+01
8.775300979614257812e+00
1.223502826690673828e+01
9.878850936889648438e+00
8.751697540283203125e+00
8.717014312744140625e+00
1.444797611236572266e+01
3.729557991027832031e+00
1.272700691223144531e+01
8.571558952331542969e+00
1.409888553619384766e+01
1.183751392364501953e+01
1.070874023437500000e+01
1.418229103088378906e+01
8.483678817749023438e+00
8.793948173522949219e+00
3.335860490798950195e+00
1.421718406677246094e+01
1.089028358459472656e+01
8.769967079162597656e+00
1.188095569610595703e+01
9.363129615783691406e+00
1.246425247192382812e+01
1.298822593688964844e+01
1.076831626892089844e+01
1.420535755157470703e+01
