1.015084075927734375e+01
9.800247192382812500e+00
1.064210224151611328e+01
1.226301383972167969e+01
4.588912487030029297e+00
1.155838298797607422e+01
1.163060569763183594e+01
1.308048629760742188e+01
9.602700233459472656e+00
4.579613208770751953e+00
4.147247314453125000e+00
9.758514404296875000e+00
7.965353488922119141e+00
1.438752746582031250e+01
1.147436523437500000e+01
1.189026546478271484e+01
1.194838619232177734e+01
8.027342796325683594e+00
8.663721084594726562e+00
1.432835388183593750e+01
1.126320934295654297e+01
1.559451770782470703e+01
1.173131179809570312e+01
9.247474670410156250e+00
1.311513996124267578e+01
1.035091209411621094e+01
8.548691749572753906e+00
1.058036327362060547e+01
1.107896614074707031e+01
5.264322757720947266e+00
1.123698806762695312e+01
9.968904495239257812e+00
9.776497840881347656e+00
9.411541938781738281e+00
1.305817508697509766e+01
1.051413726806640625e+01
4.179222106933593750e+00
1.067397403717041016e+01
9.604263305664062500e+00
1.202188301086425781e+01
1.065755081176757812e+01
1.325549316406250000e+01
9.844649314880371094e+00
1.043668174743652344e+01
1.344833755493164062e+01
1.235760974884033203e+01
1.447911548614501953e+01
8.557977676391601562e+00
1.083604526519775391e+01
1.006795787811279297e+01
1.145857429504394531e+01
1.262596321105957031e+01
1.081787776947021484e+01
9.482297897338867188e+00
8.905660629272460938e+00
4.368845939636230469e+00
7.752900600433349609e+00
1.031660270690917969e+01
1.109220981597900391e+01
9.753589630126953125e+00
7.907896995544433594e+00
1.012648296356201172e+01
1.053787612915039062e+01
1.017902088165283203e+01
1.112696361541748047e+01
1.254700660705566406e+01
9.718080520629882812e+00
9.449666023254394531e+00
1.270518589019775391e+01
7.754673480987548828e+00
1.196318721771240234e+01
1.028397750854492188e+01
1.409322071075439453e+01
9.761268615722656250e+00
1.191721630096435547e+01
1.411559104919433594e+01
1.183536434173583984e+01
9.888685226440429688e+00
1.072054195404052734e+01
9.761394500732421875e+00
1.156471252441406250e+01
4.910850048065185547e+00
1.161883163452148438e+01
1.324826812744140625e+01
9.531926155090332031e+00
1.020547676086425781e+01
1.253205680847167969e+01
5.233253955841064453e+00
1.277977561950683594e+01
1.432532596588134766e+01
7.306487560272216797e+00
1.012400245666503906e+01
9.270482063293457031e+00
7.288798332214355469e+00
1.052566528320312500e+01
1.368960380554199219e+01
1.119330883026123047e+01
6.998729228973388672e+00
1.103036880493164062e+01
1.152206802368164062e+01
7.990955829620361328e+00
4.820997238159179688e+00
1.034485721588134766e+01
1.218234348297119141e+01
9.874188423156738281e+00
9.874310493469238281e+00
9.324425697326660156e+00
9.333373069763183594e+00
1.312829399108886719e+01
8.858892440795898438e+00
8.572122573852539062e+00
1.214847755432128906e+01
1.410478591918945312e+01
8.427472114562988281e+00
1.302397727966308594e+01
1.250120639801025391e+01
1.122063636779785156e+01
5.304704189300537109e+00
8.720493316650390625e+00
1.256682968139648438e+01
1.154202651977539062e+01
1.214532947540283203e+01
1.163045215606689453e+01
9.221465110778808594e+00
1.195770549774169922e+01
1.341814136505126953e+01
9.495898246765136719e+00
8.582926750183105469e+00
4.176056385040283203e+00
1.066188812255859375e+01
8.982607841491699219e+00
1.020595836639404297e+01
1.410889720916748047e+01
7.260538578033447266e+00
8.152227401733398438e+00
9.488799095153808594e+00
1.159983253479003906e+01
9.463875770568847656e+00
9.252160072326660156e+00
1.173287773132324219e+01
1.033256435394287109e+01
7.272234439849853516e+00
1.023029804229736328e+01
1.204972648620605469e+01
4.998226642608642578e+00
1.032529544830322266e+01
1.269119262695312500e+01
1.257677364349365234e+01
9.194204330444335938e+00
1.136940956115722656e+01
1.201739597320556641e+01
1.234650421142578125e+01
3.647986412048339844e+00
1.143011760711669922e+01
1.277750396728515625e+01
1.371990489959716797e+01
9.276133537292480469e+00
1.370423316955566406e+01
1.139271068572998047e+01
1.335465049743652344e+01
1.204778480529785156e+01
1.068000602722167969e+01
8.841331481933593750e+00
6.239194869995117188e+00
1.271683025360107422e+01
1.264847946166992188e+01
9.022479057312011719e+00
1.340901470184326172e+01
4.707685947418212891e+00
7.976197242736816406e+00
1.222300243377685547e+01
1.073689174652099609e+01
4.510697364807128906e+00
4.966186523437500000e+00
1.075134468078613281e+01
4.821354389190673828e+00
1.264740848541259766e+01
8.813599586486816406e+00
1.341142559051513672e+01
5.172541618347167969e+00
3.924877166748046875e+00
1.257408237457275391e+01
1.187453651428222656e+01
5.318497657775878906e+00
1.346528148651123047e+01
1.280778121948242188e+01
1.031129264831542969e+01
8.293233871459960938e+00
2.941856145858764648e+00
1.152299118041992188e+01
1.007034111022949219e+01
7.288583278656005859e+00
1.082769584655761719e+01
6.459331989288330078e+00
1.006565475463867188e+01
9.040838241577148438e+00
9.129495620727539062e+00
8.312156677246093750e+00
1.488145923614501953e+01
8.812678337097167969e+00
9.027525901794433594e+00
1.144857406616210938e+01
1.034850406646728516e+01
9.283051490783691406e+00
1.068369483947753906e+01
8.286355972290039062e+00
1.270029449462890625e+01
4.981615066528320312e+00
1.021443653106689453e+01
5.707083225250244141e+00
1.019582176208496094e+01
8.355742454528808594e+00
1.092758178710937500e+01
8.777027130126953125e+00
1.049116611480712891e+01
5.445075035095214844e+00
1.310237693786621094e+01
1.092239570617675781e+01
1.045766735076904297e+01
1.136166954040527344e+01
1.073506355285644531e+01
1.007829666137695312e+01
8.137064933776855469e+00
3.512062072753906250e+00
8.172906875610351562e+00
7.244588375091552734e+00
9.357767105102539062e+00
4.582433223724365234e+00
1.406125926971435547e+01
1.011200904846191406e+01
1.100491905212402344e+01
8.692552566528320312e+00
1.300692462921142578e+01
7.357727527618408203e+00
1.140722084045410156e+01
1.265434169769287109e+01
1.392385959625244141e+01
6.019499778747558594e+00
7.172041893005371094e+00
1.347560214996337891e+01
6.969288825988769531e+00
1.640033721923828125e+01
1.124684906005859375e+01
1.092457008361816406e+01
1.410958290100097656e+01
9.540060043334960938e+00
1.090383338928222656e+01
1.089510631561279297e+01
9.768066406250000000e+00
1.373787593841552734e+01
