5.999369144439697266e+00
8.575440406799316406e+00
1.415547943115234375e+01
1.149696636199951172e+01
1.065921974182128906e+01
8.423441886901855469e+00
1.055527210235595703e+01
8.423635482788085938e+00
9.589774131774902344e+00
1.282824993133544922e+01
1.083394527435302734e+01
9.629842758178710938e+00
1.048210239410400391e+01
8.957838058471679688e+00
1.221181774139404297e+01
3.759743690490722656e+00
1.273016262054443359e+01
1.204600715637207031e+01
9.038704872131347656e+00
1.080365371704101562e+01
9.544407844543457031e+00
8.766901016235351562e+00
1.164458179473876953e+01
1.307071971893310547e+01
9.269888877868652344e+00
1.081121540069580078e+01
1.224435138702392578e+01
1.111018276214599609e+01
4.545956134796142578e+00
3.947194814682006836e+00
4.989055633544921875e+00
1.216643047332763672e+01
4.218426704406738281e+00
1.250667572021484375e+01
1.117813014984130859e+01
9.080560684204101562e+00
5.564477920532226562e+00
1.004067707061767578e+01
9.433106422424316406e+00
1.388320636749267578e+01
1.325341701507568359e+01
1.064719104766845703e+01
1.144117546081542969e+01
1.312292194366455078e+01
9.681208610534667969e+00
9.980037689208984375e+00
4.292195796966552734e+00
1.048463153839111328e+01
1.038122367858886719e+01
1.186668777465820312e+01
8.457553863525390625e+00
1.365847206115722656e+01
1.552535343170166016e+01
1.053361701965332031e+01
1.044384098052978516e+01
1.048867702484130859e+01
1.267277717590332031e+01
6.416640281677246094e+00
1.375495529174804688e+01
1.006767749786376953e+01
1.311402130126953125e+01
1.089719200134277344e+01
1.497224521636962891e+01
1.127498435974121094e+01
1.121651744842529297e+01
1.146742343902587891e+01
1.034124946594238281e+01
9.012389183044433594e+00
4.383885860443115234e+00
7.819289684295654297e+00
7.768416404724121094e+00
1.090348720550537109e+01
9.341426849365234375e+00
5.627766609191894531e+00
9.094137191772460938e+00
8.048113822937011719e+00
8.943319320678710938e+00
1.415598392486572266e+01
1.088579463958740234e+01
9.438012123107910156e+00
7.086177825927734375e+00
7.276990413665771484e+00
3.569954633712768555e+00
9.981771469116210938e+00
1.025023937225341797e+01
1.323363590240478516e+01
8.492358207702636719e+00
9.897738456726074219e+00
1.105096626281738281e+01
1.116848468780517578e+01
1.014223766326904297e+01
1.066547298431396484e+01
8.784534454345703125e+00
1.049142074584960938e+01
1.421061420440673828e+01
1.161017704010009766e+01
9.846293449401855469e+00
1.278646564483642578e+01
4.856707096099853516e+00
1.222808742523193359e+01
1.158439826965332031e+01
9.886821746826171875e+00
9.784414291381835938e+00
8.566744804382324219e+00
1.041863059997558594e+01
1.119980049133300781e+01
9.192139625549316406e+00
3.483474731445312500e+00
8.259411811828613281e+00
8.784505844116210938e+00
1.352005863189697266e+01
9.653560638427734375e+00
7.827085971832275391e+00
8.573226928710937500e+00
1.063037300109863281e+01
3.407506942749023438e+00
8.695863723754882812e+00
1.101467132568359375e+01
1.234538078308105469e+01
1.111501026153564453e+01
6.038971424102783203e+00
1.014910125732421875e+01
1.175130271911621094e+01
1.192145538330078125e+01
9.547382354736328125e+00
3.286602258682250977e+00
9.720438003540039062e+00
3.832695007324218750e+00
7.865697383880615234e+00
1.224098968505859375e+01
1.242120265960693359e+01
1.243473911285400391e+01
9.079112052917480469e+00
9.075584411621093750e+00
3.491526603698730469e+00
7.687366962432861328e+00
5.772879600524902344e+00
7.826598167419433594e+00
1.072262096405029297e+01
1.207940864562988281e+01
9.961849212646484375e+00
1.094185638427734375e+01
1.171037673950195312e+01
1.087838077545166016e+01
7.848296642303466797e+00
1.210705471038818359e+01
1.172408103942871094e+01
9.485171318054199219e+00
8.596375465393066406e+00
1.242344760894775391e+01
1.115982818603515625e+01
1.312406730651855469e+01
1.531011962890625000e+01
9.676756858825683594e+00
1.195190429687500000e+01
8.290726661682128906e+00
4.510315418243408203e+00
9.506221771240234375e+00
9.886600494384765625e+00
1.255152702331542969e+01
1.148664855957031250e+01
1.138381671905517578e+01
1.015231990814208984e+01
1.071347618103027344e+01
1.367284679412841797e+01
1.125850582122802734e+01
8.984207153320312500e+00
1.118012714385986328e+01
1.334945011138916016e+01
9.087862014770507812e+00
4.014000892639160156e+00
5.256599426269531250e+00
1.222919940948486328e+01
8.763938903808593750e+00
1.127495384216308594e+01
9.313338279724121094e+00
7.845458984375000000e+00
3.599111318588256836e+00
1.098906707763671875e+01
1.081492996215820312e+01
1.191828823089599609e+01
9.605515480041503906e+00
3.647792339324951172e+00
8.052270889282226562e+00
1.158031463623046875e+01
1.163106060028076172e+01
1.154268360137939453e+01
1.041946506500244141e+01
1.041671371459960938e+01
7.638692378997802734e+00
1.390421199798583984e+01
1.190006828308105469e+01
9.640571594238281250e+00
9.238063812255859375e+00
1.255672073364257812e+01
1.053575420379638672e+01
1.064953327178955078e+01
5.478620529174804688e+00
8.675707817077636719e+00
1.170073795318603516e+01
1.175586605072021484e+01
1.034403705596923828e+01
1.234504127502441406e+01
8.616688728332519531e+00
1.256259059906005859e+01
1.109706687927246094e+01
1.597661781311035156e+01
8.052717208862304688e+00
9.199862480163574219e+00
7.231096744537353516e+00
1.120689964294433594e+01
1.019517612457275391e+01
1.048011398315429688e+01
9.457340240478515625e+00
9.671023368835449219e+00
4.285605430603027344e+00
1.162671279907226562e+01
1.138094329833984375e+01
1.251024341583251953e+01
1.095535564422607422e+01
1.030776882171630859e+01
8.548130989074707031e+00
1.031555652618408203e+01
1.184253978729248047e+01
1.329443645477294922e+01
8.208445549011230469e+00
1.109419536590576172e+01
8.521683692932128906e+00
4.389992237091064453e+00
1.110231494903564453e+01
1.059039020538330078e+01
1.031013774871826172e+01
1.142317390441894531e+01
1.198377037048339844e+01
9.913089752197265625e+00
1.298409843444824219e+01
1.324734497070312500e+01
4.734598636627197266e+00
1.102148914337158203e+01
1.166370296478271484e+01
8.581923484802246094e+00
9.696551322937011719e+00
1.087815475463867188e+01
1.011313438415527344e+01
3.617659330368041992e+00
1.167411899566650391e+01
1.153724193572998047e+01
1.427798461914062500e+01
5.337967872619628906e+00
1.138180351257324219e+01
