1.034258556365966797e+01
9.239072799682617188e+00
9.556032180786132812e+00
1.200340557098388672e+01
9.976686477661132812e+00
8.775856971740722656e+00
1.100968933105468750e+01
1.068063068389892578e+01
1.240041065216064453e+01
1.080052471160888672e+01
1.261867332458496094e+01
9.259643554687500000e+00
1.057687187194824219e+01
3.361074924468994141e+00
8.513724327087402344e+00
9.985598564147949219e+00
9.674311637878417969e+00
4.507191181182861328e+00
8.991140365600585938e+00
1.058041286468505859e+01
1.196791076660156250e+01
1.382423210144042969e+01
4.593266963958740234e+00
4.690510749816894531e+00
1.171482181549072266e+01
1.291333675384521484e+01
1.127103519439697266e+01
1.157281112670898438e+01
7.519724369049072266e+00
9.559060096740722656e+00
8.680659294128417969e+00
1.036361312866210938e+01
8.974067687988281250e+00
1.286009788513183594e+01
9.056306838989257812e+00
9.516938209533691406e+00
9.213689804077148438e+00
1.111462306976318359e+01
1.077810859680175781e+01
4.272018909454345703e+00
9.185251235961914062e+00
1.174233436584472656e+01
1.035436725616455078e+01
1.210134792327880859e+01
1.351328659057617188e+01
1.034868812561035156e+01
7.739305019378662109e+00
1.141706275939941406e+01
1.305349159240722656e+01
1.181692028045654297e+01
1.140444850921630859e+01
1.424862003326416016e+01
1.307438087463378906e+01
1.331359100341796875e+01
8.017428398132324219e+00
9.735548019409179688e+00
5.394094467163085938e+00
8.209224700927734375e+00
1.020266437530517578e+01
1.143233776092529297e+01
4.226963520050048828e+00
1.364341354370117188e+01
1.405331993103027344e+01
1.243816661834716797e+01
1.181348514556884766e+01
9.239245414733886719e+00
8.697940826416015625e+00
1.431659698486328125e+01
9.429105758666992188e+00
1.159719276428222656e+01
4.369634151458740234e+00
1.260333347320556641e+01
1.229456520080566406e+01
1.211167812347412109e+01
1.551955127716064453e+01
1.005457210540771484e+01
1.072002506256103516e+01
1.366177749633789062e+01
1.001866817474365234e+01
1.430926227569580078e+01
4.477201938629150391e+00
1.211753082275390625e+01
1.234713745117187500e+01
1.174890899658203125e+01
1.269845104217529297e+01
9.150023460388183594e+00
1.058414459228515625e+01
1.400345611572265625e+01
9.130975723266601562e+00
1.064546012878417969e+01
1.037818717956542969e+01
1.380741596221923828e+01
1.097035884857177734e+01
1.029060840606689453e+01
8.671424865722656250e+00
1.446243858337402344e+01
1.239142036437988281e+01
1.138390254974365234e+01
1.048987197875976562e+01
1.163387680053710938e+01
1.131017112731933594e+01
1.289696311950683594e+01
8.622804641723632812e+00
1.264127349853515625e+01
9.675803184509277344e+00
1.235607242584228516e+01
1.248455238342285156e+01
1.208353805541992188e+01
1.029268932342529297e+01
9.530967712402343750e+00
1.283868598937988281e+01
1.083207607269287109e+01
1.276983737945556641e+01
8.702030181884765625e+00
9.806199073791503906e+00
5.734872817993164062e+00
1.144607734680175781e+01
1.246374034881591797e+01
1.257201099395751953e+01
9.669236183166503906e+00
1.293274974822998047e+01
1.450108814239501953e+01
1.401737213134765625e+01
9.845833778381347656e+00
1.400935363769531250e+01
1.193929386138916016e+01
4.123633384704589844e+00
1.300793838500976562e+01
1.193254375457763672e+01
9.602344512939453125e+00
1.245406055450439453e+01
1.252645492553710938e+01
1.111497116088867188e+01
9.919135093688964844e+00
1.264721679687500000e+01
1.094872188568115234e+01
3.925543069839477539e+00
3.922109603881835938e+00
1.187261390686035156e+01
3.873914480209350586e+00
7.015334129333496094e+00
5.029903888702392578e+00
1.317718982696533203e+01
1.164443778991699219e+01
1.241856288909912109e+01
1.335633277893066406e+01
1.237302589416503906e+01
1.261783123016357422e+01
8.670388221740722656e+00
8.840958595275878906e+00
1.207767772674560547e+01
8.054637908935546875e+00
1.157431602478027344e+01
4.498960494995117188e+00
8.646631240844726562e+00
1.168194961547851562e+01
1.060116577148437500e+01
9.075936317443847656e+00
1.307551002502441406e+01
3.333988428115844727e+00
1.260713195800781250e+01
8.641148567199707031e+00
7.892332077026367188e+00
4.321768283843994141e+00
8.913072586059570312e+00
1.345628261566162109e+01
1.049983406066894531e+01
9.867018699645996094e+00
1.038392829895019531e+01
1.137689208984375000e+01
8.601315498352050781e+00
8.474037170410156250e+00
1.050025272369384766e+01
1.165410518646240234e+01
1.138118457794189453e+01
9.041005134582519531e+00
7.746720790863037109e+00
9.087059020996093750e+00
1.277370643615722656e+01
1.349219608306884766e+01
1.120156764984130859e+01
1.175194263458251953e+01
8.135723114013671875e+00
1.166462326049804688e+01
1.058733558654785156e+01
4.798859119415283203e+00
1.206633186340332031e+01
1.045722866058349609e+01
1.066426467895507812e+01
9.660169601440429688e+00
8.803483963012695312e+00
1.085430431365966797e+01
1.104549884796142578e+01
1.123277950286865234e+01
4.279299736022949219e+00
1.184124088287353516e+01
9.579990386962890625e+00
1.086131572723388672e+01
1.099433612823486328e+01
9.158013343811035156e+00
1.044968414306640625e+01
9.176989555358886719e+00
9.625356674194335938e+00
4.308553218841552734e+00
1.293334770202636719e+01
9.428412437438964844e+00
1.145159244537353516e+01
9.987165451049804688e+00
1.023890590667724609e+01
8.708602905273437500e+00
9.574630737304687500e+00
8.141954421997070312e+00
1.155321598052978516e+01
4.583178043365478516e+00
1.090851879119873047e+01
3.753496408462524414e+00
9.270860671997070312e+00
8.285583496093750000e+00
8.319491386413574219e+00
9.662120819091796875e+00
9.290989875793457031e+00
9.655870437622070312e+00
8.147283554077148438e+00
1.135113334655761719e+01
9.119478225708007812e+00
7.895725727081298828e+00
1.121751213073730469e+01
1.060373592376708984e+01
9.389745712280273438e+00
7.605085372924804688e+00
1.084622287750244141e+01
8.864681243896484375e+00
1.066018009185791016e+01
1.057789802551269531e+01
8.714855194091796875e+00
3.974482297897338867e+00
1.053750228881835938e+01
1.073185443878173828e+01
8.071454048156738281e+00
9.728408813476562500e+00
9.931576728820800781e+00
4.082644939422607422e+00
8.763852119445800781e+00
1.010661506652832031e+01
9.275881767272949219e+00
4.039124488830566406e+00
9.748930931091308594e+00
9.487110137939453125e+00
1.048075008392333984e+01
1.116676330566406250e+01
