1.101953506469726562e+01
9.822771072387695312e+00
9.988329887390136719e+00
1.151466274261474609e+01
1.026813220977783203e+01
1.164604377746582031e+01
1.402133560180664062e+01
1.054281234741210938e+01
1.244492340087890625e+01
9.656271934509277344e+00
9.352674484252929688e+00
1.150118446350097656e+01
1.176157855987548828e+01
1.157318878173828125e+01
9.747382164001464844e+00
9.748256683349609375e+00
1.195449066162109375e+01
1.229315853118896484e+01
9.403512954711914062e+00
1.200122737884521484e+01
1.538828086853027344e+01
1.470294761657714844e+01
1.054348468780517578e+01
1.098711013793945312e+01
1.248562240600585938e+01
1.003112125396728516e+01
1.574216747283935547e+01
1.148990154266357422e+01
1.379447555541992188e+01
8.200695991516113281e+00
1.009180831909179688e+01
1.409156894683837891e+01
7.803464412689208984e+00
9.293193817138671875e+00
1.075959873199462891e+01
3.162632703781127930e+00
5.970101356506347656e+00
1.172270488739013672e+01
7.894864559173583984e+00
5.368849754333496094e+00
3.782913446426391602e+00
1.342730426788330078e+01
1.190299892425537109e+01
1.338426589965820312e+01
1.183793354034423828e+01
1.293332195281982422e+01
1.346660709381103516e+01
7.082053184509277344e+00
7.025853633880615234e+00
1.103618907928466797e+01
9.818687438964843750e+00
9.526316642761230469e+00
1.018858814239501953e+01
1.475926303863525391e+01
1.221128177642822266e+01
7.868890762329101562e+00
9.848819732666015625e+00
1.437017917633056641e+01
1.205175590515136719e+01
1.372378063201904297e+01
1.257668590545654297e+01
1.177414035797119141e+01
1.132717418670654297e+01
1.089616489410400391e+01
1.047083187103271484e+01
1.330959129333496094e+01
1.095696449279785156e+01
7.401092529296875000e+00
1.315464115142822266e+01
9.547971725463867188e+00
1.254762744903564453e+01
1.036605834960937500e+01
1.409436798095703125e+01
9.482404708862304688e+00
1.393461227416992188e+01
9.938275337219238281e+00
1.277540588378906250e+01
6.809270381927490234e+00
1.048966789245605469e+01
8.683857917785644531e+00
8.057948112487792969e+00
8.243443489074707031e+00
1.025350666046142578e+01
7.584244728088378906e+00
8.870099067687988281e+00
1.142208003997802734e+01
9.714383125305175781e+00
4.401328086853027344e+00
8.702461242675781250e+00
1.471496868133544922e+01
1.069330310821533203e+01
1.194845867156982422e+01
1.056985378265380859e+01
4.235693931579589844e+00
1.156055068969726562e+01
1.044307136535644531e+01
9.124188423156738281e+00
1.465548706054687500e+01
6.631306171417236328e+00
1.131302928924560547e+01
1.065402698516845703e+01
1.217327976226806641e+01
1.120259189605712891e+01
7.745196819305419922e+00
5.078629493713378906e+00
1.294719982147216797e+01
1.312756824493408203e+01
9.444059371948242188e+00
1.202577304840087891e+01
8.044799804687500000e+00
1.384517192840576172e+01
1.373836135864257812e+01
1.074283695220947266e+01
1.152259445190429688e+01
1.125004196166992188e+01
5.687285900115966797e+00
1.234764862060546875e+01
1.304099178314208984e+01
9.788502693176269531e+00
9.774997711181640625e+00
1.062448787689208984e+01
1.123947620391845703e+01
1.170278072357177734e+01
1.592129898071289062e+01
1.185647106170654297e+01
1.251621246337890625e+01
8.884006500244140625e+00
1.326463031768798828e+01
5.950760841369628906e+00
9.947188377380371094e+00
1.112357616424560547e+01
9.962384223937988281e+00
1.474580669403076172e+01
1.527500343322753906e+01
5.181987285614013672e+00
1.199525737762451172e+01
1.174959278106689453e+01
6.935621738433837891e+00
1.162215900421142578e+01
7.536956787109375000e+00
8.768342971801757812e+00
9.221832275390625000e+00
1.127956867218017578e+01
5.250223159790039062e+00
6.234840393066406250e+00
1.101062011718750000e+01
1.230645751953125000e+01
1.410590267181396484e+01
1.044682598114013672e+01
8.941293716430664062e+00
8.965138435363769531e+00
1.049692249298095703e+01
1.247764015197753906e+01
1.376970767974853516e+01
1.075274658203125000e+01
3.830559492111206055e+00
1.268994808197021484e+01
9.772816658020019531e+00
9.859928131103515625e+00
9.232175827026367188e+00
8.420699119567871094e+00
1.028346824645996094e+01
1.144569683074951172e+01
1.077439880371093750e+01
1.167172718048095703e+01
9.930381774902343750e+00
1.083940315246582031e+01
1.037150764465332031e+01
1.347839164733886719e+01
1.204883289337158203e+01
9.256074905395507812e+00
8.718175888061523438e+00
1.110232543945312500e+01
7.747364521026611328e+00
1.016666984558105469e+01
1.229323577880859375e+01
1.025764560699462891e+01
1.290490531921386719e+01
1.189296913146972656e+01
1.030073642730712891e+01
1.304339694976806641e+01
1.102362632751464844e+01
1.206749629974365234e+01
4.509176254272460938e+00
1.132129669189453125e+01
1.418317890167236328e+01
9.963266372680664062e+00
1.470803833007812500e+01
1.288224220275878906e+01
1.469029426574707031e+01
1.500931835174560547e+01
7.195628643035888672e+00
1.287526226043701172e+01
1.333015060424804688e+01
9.283296585083007812e+00
1.039604473114013672e+01
1.190000343322753906e+01
1.288187980651855469e+01
9.830370903015136719e+00
9.425094604492187500e+00
1.142178630828857422e+01
9.586338043212890625e+00
1.223179244995117188e+01
1.108238887786865234e+01
9.683759689331054688e+00
5.012549877166748047e+00
1.139341163635253906e+01
8.752235412597656250e+00
9.913043022155761719e+00
1.069773483276367188e+01
1.115525722503662109e+01
4.525850296020507812e+00
1.215522670745849609e+01
4.118057727813720703e+00
1.283613681793212891e+01
1.168428993225097656e+01
8.506553649902343750e+00
1.162182235717773438e+01
1.284415721893310547e+01
1.293090724945068359e+01
1.038359451293945312e+01
9.755283355712890625e+00
9.662986755371093750e+00
9.516150474548339844e+00
7.249986171722412109e+00
9.201204299926757812e+00
1.026963901519775391e+01
1.093576049804687500e+01
9.943180084228515625e+00
1.033829879760742188e+01
1.166003417968750000e+01
1.374355506896972656e+01
5.240882396697998047e+00
1.020646858215332031e+01
1.186586856842041016e+01
1.516644954681396484e+01
1.048219680786132812e+01
1.297086620330810547e+01
1.155883979797363281e+01
1.324811267852783203e+01
9.507143974304199219e+00
1.416050624847412109e+01
1.110394668579101562e+01
9.719654083251953125e+00
8.954603195190429688e+00
1.217598724365234375e+01
9.059656143188476562e+00
1.056522178649902344e+01
8.439904212951660156e+00
4.437989234924316406e+00
