1.018860054016113281e+01
9.053381919860839844e+00
1.029949665069580078e+01
8.289093971252441406e+00
4.376871585845947266e+00
8.766830444335937500e+00
9.667404174804687500e+00
1.015015411376953125e+01
3.604687452316284180e+00
8.906709671020507812e+00
1.169825172424316406e+01
1.213067913055419922e+01
1.145800781250000000e+01
7.789696693420410156e+00
1.246745872497558594e+01
8.931263923645019531e+00
1.080784893035888672e+01
3.290904283523559570e+00
1.348924064636230469e+01
7.594004154205322266e+00
1.084003353118896484e+01
1.033110523223876953e+01
8.323412895202636719e+00
1.079306602478027344e+01
7.513557910919189453e+00
8.883069038391113281e+00
1.044901657104492188e+01
9.573040008544921875e+00
1.067485332489013672e+01
1.135500812530517578e+01
1.087296772003173828e+01
7.994403839111328125e+00
9.235433578491210938e+00
4.032410144805908203e+00
1.226622486114501953e+01
8.746206283569335938e+00
8.977261543273925781e+00
1.005651473999023438e+01
8.145829200744628906e+00
1.053189086914062500e+01
1.603839111328125000e+01
1.214305591583251953e+01
9.785133361816406250e+00
9.655271530151367188e+00
7.799754142761230469e+00
9.249856948852539062e+00
8.816384315490722656e+00
8.382787704467773438e+00
1.142933273315429688e+01
8.584141731262207031e+00
1.360989093780517578e+01
8.949246406555175781e+00
1.426897525787353516e+01
6.007029056549072266e+00
9.030939102172851562e+00
8.560065269470214844e+00
1.180225086212158203e+01
1.187714862823486328e+01
1.239873313903808594e+01
9.728291511535644531e+00
9.915831565856933594e+00
1.018045234680175781e+01
1.261537170410156250e+01
7.571967601776123047e+00
1.125607776641845703e+01
8.100585937500000000e+00
1.052963924407958984e+01
9.420799255371093750e+00
1.210837173461914062e+01
8.699209213256835938e+00
1.237928199768066406e+01
1.171794891357421875e+01
7.896683692932128906e+00
1.064615631103515625e+01
4.524701595306396484e+00
9.467605590820312500e+00
1.086011123657226562e+01
5.407631397247314453e+00
1.175560474395751953e+01
8.001629829406738281e+00
6.267000675201416016e+00
9.238872528076171875e+00
1.134472084045410156e+01
4.707104206085205078e+00
9.681596755981445312e+00
1.156900596618652344e+01
1.012648391723632812e+01
1.251537418365478516e+01
7.696124553680419922e+00
1.247291660308837891e+01
8.880350112915039062e+00
4.948534488677978516e+00
1.000939178466796875e+01
1.151245975494384766e+01
9.176752090454101562e+00
1.316893672943115234e+01
6.773597240447998047e+00
1.102638530731201172e+01
1.187942790985107422e+01
1.278745841979980469e+01
1.186377811431884766e+01
1.022641658782958984e+01
1.235403633117675781e+01
8.462916374206542969e+00
1.017106437683105469e+01
1.024764060974121094e+01
1.204718208312988281e+01
9.885753631591796875e+00
1.198322105407714844e+01
9.417828559875488281e+00
7.980364322662353516e+00
8.643282890319824219e+00
1.180331230163574219e+01
1.186449050903320312e+01
9.329543113708496094e+00
1.311765003204345703e+01
1.392566585540771484e+01
1.114096069335937500e+01
8.080376625061035156e+00
1.058879947662353516e+01
1.041883659362792969e+01
9.075794219970703125e+00
1.437589740753173828e+01
8.900361061096191406e+00
1.075192070007324219e+01
8.439415931701660156e+00
1.076642513275146484e+01
1.015493106842041016e+01
1.018839263916015625e+01
1.214966678619384766e+01
1.067322731018066406e+01
1.314652442932128906e+01
1.073954391479492188e+01
8.790638923645019531e+00
1.192886543273925781e+01
1.106977939605712891e+01
1.314979553222656250e+01
1.116253185272216797e+01
9.621225357055664062e+00
1.143935775756835938e+01
1.019337272644042969e+01
4.669334888458251953e+00
1.187807559967041016e+01
1.180183601379394531e+01
1.313144588470458984e+01
1.200937461853027344e+01
9.606379508972167969e+00
1.125944614410400391e+01
1.010899829864501953e+01
7.833052635192871094e+00
1.086618804931640625e+01
9.602335929870605469e+00
1.004037952423095703e+01
8.961400985717773438e+00
1.255235290527343750e+01
1.124431037902832031e+01
5.023001194000244141e+00
1.118428897857666016e+01
3.688101291656494141e+00
1.107524394989013672e+01
8.401358604431152344e+00
8.811405181884765625e+00
3.646957635879516602e+00
8.616342544555664062e+00
4.513607978820800781e+00
9.656089782714843750e+00
4.818853378295898438e+00
1.164613533020019531e+01
4.500895023345947266e+00
4.633887290954589844e+00
1.006952571868896484e+01
1.055950832366943359e+01
9.997837066650390625e+00
4.575037479400634766e+00
8.367257118225097656e+00
1.089185905456542969e+01
1.095407581329345703e+01
9.319680213928222656e+00
7.120934009552001953e+00
3.851739168167114258e+00
1.140841197967529297e+01
1.159614276885986328e+01
1.121959114074707031e+01
1.096052265167236328e+01
8.599677085876464844e+00
1.067988491058349609e+01
8.011998176574707031e+00
1.065807056427001953e+01
1.182672309875488281e+01
1.022208404541015625e+01
1.008479213714599609e+01
7.776386737823486328e+00
9.685080528259277344e+00
9.725439071655273438e+00
1.151464462280273438e+01
9.179734230041503906e+00
1.062482261657714844e+01
1.105825328826904297e+01
1.297022247314453125e+01
4.247100353240966797e+00
1.227138233184814453e+01
1.236923122406005859e+01
1.542648220062255859e+01
9.269831657409667969e+00
9.500658988952636719e+00
9.995961189270019531e+00
4.386943817138671875e+00
7.506304740905761719e+00
9.815597534179687500e+00
1.033537960052490234e+01
1.265307140350341797e+01
8.539573669433593750e+00
1.074754810333251953e+01
1.257831287384033203e+01
1.341407680511474609e+01
3.585514783859252930e+00
1.103549194335937500e+01
1.177170562744140625e+01
1.002943706512451172e+01
1.108289241790771484e+01
1.027135467529296875e+01
9.406882286071777344e+00
3.336220264434814453e+00
7.948271751403808594e+00
1.031234455108642578e+01
1.231710910797119141e+01
1.301127815246582031e+01
8.154856681823730469e+00
1.314245700836181641e+01
8.497296333312988281e+00
8.261734962463378906e+00
9.933986663818359375e+00
1.027714729309082031e+01
6.678310871124267578e+00
8.258384704589843750e+00
1.066110897064208984e+01
9.376157760620117188e+00
1.140033912658691406e+01
1.224050140380859375e+01
1.108153152465820312e+01
1.070160102844238281e+01
3.301439285278320312e+00
1.067658710479736328e+01
8.872865676879882812e+00
9.635401725769042969e+00
8.550317764282226562e+00
1.238884830474853516e+01
7.761805534362792969e+00
7.463362216949462891e+00
1.047439765930175781e+01
