1.103253459930419922e+01
1.192671203613281250e+01
1.107957744598388672e+01
3.418618440628051758e+00
1.199069023132324219e+01
1.026765823364257812e+01
1.122244644165039062e+01
1.059586906433105469e+01
8.190440177917480469e+00
1.120014667510986328e+01
1.118945884704589844e+01
1.179375839233398438e+01
1.165212345123291016e+01
8.426822662353515625e+00
5.247386932373046875e+00
1.166042613983154297e+01
8.904393196105957031e+00
1.117648506164550781e+01
3.983587741851806641e+00
5.384220600128173828e+00
1.199086952209472656e+01
9.669388771057128906e+00
1.000294589996337891e+01
1.008060073852539062e+01
3.724020481109619141e+00
1.141365718841552734e+01
9.812385559082031250e+00
9.378542900085449219e+00
1.173339843750000000e+01
9.256802558898925781e+00
1.110082149505615234e+01
1.403262042999267578e+01
9.992341995239257812e+00
1.056460952758789062e+01
9.794488906860351562e+00
1.489655494689941406e+01
8.533200263977050781e+00
7.370300292968750000e+00
1.085197162628173828e+01
1.304071331024169922e+01
9.181815147399902344e+00
1.287482643127441406e+01
1.179126167297363281e+01
1.010768032073974609e+01
1.221889019012451172e+01
1.363833808898925781e+01
9.169368743896484375e+00
1.489851951599121094e+01
8.683082580566406250e+00
9.384818077087402344e+00
1.253748798370361328e+01
1.633448219299316406e+01
4.438703060150146484e+00
1.007527160644531250e+01
9.642823219299316406e+00
1.184825229644775391e+01
1.219801330566406250e+01
8.055191993713378906e+00
7.786263942718505859e+00
1.231494712829589844e+01
7.923451423645019531e+00
1.374110984802246094e+01
1.246110057830810547e+01
9.997886657714843750e+00
7.331756114959716797e+00
1.675344657897949219e+01
1.234830379486083984e+01
1.391553592681884766e+01
1.272214126586914062e+01
7.883598327636718750e+00
1.303762054443359375e+01
1.771761512756347656e+01
4.064493656158447266e+00
9.926369667053222656e+00
4.446477890014648438e+00
1.248563671112060547e+01
1.359790897369384766e+01
5.947978973388671875e+00
8.780293464660644531e+00
1.133736515045166016e+01
1.368489742279052734e+01
1.275512886047363281e+01
1.332131958007812500e+01
1.040296649932861328e+01
1.316945838928222656e+01
1.305908775329589844e+01
3.945176124572753906e+00
1.226225090026855469e+01
1.087988567352294922e+01
9.826797485351562500e+00
9.543905258178710938e+00
1.486822223663330078e+01
1.077585124969482422e+01
1.017849445343017578e+01
9.538329124450683594e+00
1.004188728332519531e+01
9.666509628295898438e+00
9.909784317016601562e+00
7.332549095153808594e+00
1.370804023742675781e+01
1.061020183563232422e+01
9.871454238891601562e+00
8.744714736938476562e+00
8.414513587951660156e+00
4.995210647583007812e+00
7.956962108612060547e+00
1.031630134582519531e+01
1.191571903228759766e+01
1.142962837219238281e+01
1.308607196807861328e+01
9.724943161010742188e+00
8.376011848449707031e+00
1.191252708435058594e+01
7.043303012847900391e+00
4.714567661285400391e+00
1.264900875091552734e+01
1.025848484039306641e+01
1.009556770324707031e+01
7.036364555358886719e+00
1.252100372314453125e+01
5.473818778991699219e+00
9.663159370422363281e+00
9.772860527038574219e+00
1.099920558929443359e+01
1.022950172424316406e+01
9.229470252990722656e+00
9.464739799499511719e+00
1.139691066741943359e+01
8.563377380371093750e+00
1.453803443908691406e+01
1.030230426788330078e+01
1.278759765625000000e+01
1.280695343017578125e+01
1.058151245117187500e+01
1.512396430969238281e+01
9.009248733520507812e+00
1.627877616882324219e+01
1.245433139801025391e+01
1.080439662933349609e+01
1.032834911346435547e+01
1.235182666778564453e+01
1.180223560333251953e+01
1.036661911010742188e+01
9.953278541564941406e+00
4.395405292510986328e+00
9.642697334289550781e+00
1.020845985412597656e+01
4.467270851135253906e+00
9.685414314270019531e+00
1.024139308929443359e+01
1.161207199096679688e+01
9.647263526916503906e+00
1.164051342010498047e+01
1.169773101806640625e+01
1.096426010131835938e+01
9.808221817016601562e+00
1.351895713806152344e+01
1.133045005798339844e+01
1.021157169342041016e+01
1.157414817810058594e+01
9.544987678527832031e+00
1.208351898193359375e+01
1.233484935760498047e+01
9.682003021240234375e+00
3.979462862014770508e+00
1.397598648071289062e+01
7.196573734283447266e+00
1.058303737640380859e+01
1.143851566314697266e+01
1.054644775390625000e+01
9.914237022399902344e+00
5.665720939636230469e+00
1.292418670654296875e+01
1.152334976196289062e+01
9.419379234313964844e+00
1.060029506683349609e+01
7.145683765411376953e+00
1.043960189819335938e+01
3.325943470001220703e+00
1.215442085266113281e+01
8.371141433715820312e+00
1.263677597045898438e+01
8.640325546264648438e+00
1.069829463958740234e+01
3.234293222427368164e+00
1.118110179901123047e+01
3.712762355804443359e+00
1.204813671112060547e+01
9.643481254577636719e+00
8.318625450134277344e+00
1.018315029144287109e+01
4.509421825408935547e+00
1.223375034332275391e+01
4.624372482299804688e+00
7.818140983581542969e+00
1.097080802917480469e+01
1.034889698028564453e+01
4.196701526641845703e+00
3.114248991012573242e+00
7.987345218658447266e+00
5.906049251556396484e+00
4.665862560272216797e+00
8.630487442016601562e+00
1.099892044067382812e+01
1.102596950531005859e+01
1.248947429656982422e+01
1.367786121368408203e+01
1.137031745910644531e+01
1.150024890899658203e+01
1.267104148864746094e+01
1.125629329681396484e+01
1.005176925659179688e+01
1.402202987670898438e+01
8.604560852050781250e+00
1.119781112670898438e+01
7.939413070678710938e+00
1.279914951324462891e+01
1.100681972503662109e+01
1.174855136871337891e+01
8.020450592041015625e+00
1.129951381683349609e+01
9.527908325195312500e+00
8.907494544982910156e+00
4.149189949035644531e+00
4.507013797760009766e+00
1.017092609405517578e+01
1.256916809082031250e+01
1.216580104827880859e+01
8.502749443054199219e+00
8.946043014526367188e+00
1.209840488433837891e+01
7.502439498901367188e+00
9.553359985351562500e+00
1.068439674377441406e+01
1.265742874145507812e+01
6.296555042266845703e+00
1.321448516845703125e+01
1.321206665039062500e+01
8.786127090454101562e+00
9.223409652709960938e+00
9.581830024719238281e+00
7.766202926635742188e+00
1.130754947662353516e+01
1.170923423767089844e+01
1.079078292846679688e+01
1.313881683349609375e+01
4.249641418457031250e+00
9.329948425292968750e+00
1.010999870300292969e+01
1.166945266723632812e+01
