1.009846496582031250e+01
5.016849517822265625e+00
1.491824913024902344e+01
1.251516532897949219e+01
8.190256118774414062e+00
8.437845230102539062e+00
1.319588184356689453e+01
1.349742317199707031e+01
1.066280460357666016e+01
6.508958339691162109e+00
1.340962982177734375e+01
1.078285312652587891e+01
1.046024322509765625e+01
8.269104003906250000e+00
8.769398689270019531e+00
3.884641885757446289e+00
1.140780162811279297e+01
1.283592319488525391e+01
8.761111259460449219e+00
1.130981445312500000e+01
1.136311244964599609e+01
1.170185279846191406e+01
9.088108062744140625e+00
1.038670063018798828e+01
1.188368415832519531e+01
1.006131458282470703e+01
1.132271099090576172e+01
1.062586498260498047e+01
1.049080848693847656e+01
1.074401283264160156e+01
9.642202377319335938e+00
1.273024559020996094e+01
1.062956333160400391e+01
1.116102981567382812e+01
1.178737926483154297e+01
1.219573307037353516e+01
9.345564842224121094e+00
7.546386241912841797e+00
9.428952217102050781e+00
1.094129753112792969e+01
1.221530628204345703e+01
8.656144142150878906e+00
1.324405765533447266e+01
6.451036453247070312e+00
9.894312858581542969e+00
9.883172035217285156e+00
1.189292526245117188e+01
4.597082138061523438e+00
9.121069908142089844e+00
1.346214866638183594e+01
1.073955154418945312e+01
9.207442283630371094e+00
1.409358692169189453e+01
9.780685424804687500e+00
9.297191619873046875e+00
4.834242820739746094e+00
1.001008701324462891e+01
8.591870307922363281e+00
9.859391212463378906e+00
9.797124862670898438e+00
9.336298942565917969e+00
1.373607635498046875e+01
9.741858482360839844e+00
1.154070949554443359e+01
1.214543628692626953e+01
1.015529441833496094e+01
9.208457946777343750e+00
1.049188423156738281e+01
1.039235877990722656e+01
1.114028930664062500e+01
1.012929821014404297e+01
9.157578468322753906e+00
9.845040321350097656e+00
7.351526260375976562e+00
1.179738235473632812e+01
1.171300792694091797e+01
9.569292068481445312e+00
8.284269332885742188e+00
1.158304691314697266e+01
7.887888431549072266e+00
1.100685310363769531e+01
3.962833881378173828e+00
1.148201465606689453e+01
9.918691635131835938e+00
8.400662422180175781e+00
1.168206214904785156e+01
9.726394653320312500e+00
1.310449218750000000e+01
1.410815620422363281e+01
8.549631118774414062e+00
8.903733253479003906e+00
1.424218654632568359e+01
1.150195789337158203e+01
1.113040447235107422e+01
5.101585388183593750e+00
5.062063217163085938e+00
1.320715713500976562e+01
1.166477584838867188e+01
3.713706731796264648e+00
1.165127277374267578e+01
1.081395721435546875e+01
5.650619506835937500e+00
1.130035018920898438e+01
9.221391677856445312e+00
1.061977291107177734e+01
1.380589866638183594e+01
1.102240943908691406e+01
9.355235099792480469e+00
1.107010936737060547e+01
1.154979419708251953e+01
3.733654737472534180e+00
6.645187854766845703e+00
7.806644439697265625e+00
1.053881263732910156e+01
1.002949523925781250e+01
1.377914142608642578e+01
7.729549884796142578e+00
1.045365715026855469e+01
1.005149650573730469e+01
7.041910171508789062e+00
8.644958496093750000e+00
4.270716190338134766e+00
1.414465808868408203e+01
1.066719436645507812e+01
9.637332916259765625e+00
1.480511569976806641e+01
9.151381492614746094e+00
1.362920284271240234e+01
7.771389961242675781e+00
8.510884284973144531e+00
1.377888584136962891e+01
1.406044101715087891e+01
8.097647666931152344e+00
7.889498233795166016e+00
1.335102844238281250e+01
1.148745536804199219e+01
9.627364158630371094e+00
1.363807201385498047e+01
1.199637508392333984e+01
8.395919799804687500e+00
1.363665103912353516e+01
1.202289485931396484e+01
9.056802749633789062e+00
7.288561820983886719e+00
1.142610836029052734e+01
1.293011665344238281e+01
4.359140872955322266e+00
4.041385650634765625e+00
1.218742847442626953e+01
1.427405357360839844e+01
7.470043659210205078e+00
1.126785659790039062e+01
4.648122787475585938e+00
1.018575668334960938e+01
1.177359199523925781e+01
1.275493335723876953e+01
1.151249122619628906e+01
8.179759979248046875e+00
4.964972019195556641e+00
8.752512931823730469e+00
8.522058486938476562e+00
1.447980976104736328e+01
9.112206459045410156e+00
4.725046157836914062e+00
6.457974910736083984e+00
1.490742588043212891e+01
4.752391338348388672e+00
1.261439990997314453e+01
8.411299705505371094e+00
1.035860538482666016e+01
1.039955043792724609e+01
1.217570018768310547e+01
1.008987522125244141e+01
8.236963272094726562e+00
8.103957176208496094e+00
1.431053638458251953e+01
1.287436580657958984e+01
1.075701141357421875e+01
9.682212829589843750e+00
1.464426422119140625e+01
1.168498229980468750e+01
5.012893676757812500e+00
1.117959880828857422e+01
1.473414134979248047e+01
1.024184322357177734e+01
1.293576908111572266e+01
9.758162498474121094e+00
1.042714881896972656e+01
1.214489269256591797e+01
9.452855110168457031e+00
1.064228153228759766e+01
9.194194793701171875e+00
9.902907371520996094e+00
5.486127376556396484e+00
1.023436832427978516e+01
9.893249511718750000e+00
1.239132499694824219e+01
1.396144580841064453e+01
1.064108276367187500e+01
3.636789321899414062e+00
1.085398101806640625e+01
1.216769504547119141e+01
9.453102111816406250e+00
1.191820907592773438e+01
1.173961353302001953e+01
7.717961788177490234e+00
3.536159276962280273e+00
9.961966514587402344e+00
8.914304733276367188e+00
8.788886070251464844e+00
9.451511383056640625e+00
1.025131988525390625e+01
9.456712722778320312e+00
1.151256370544433594e+01
9.978629112243652344e+00
1.084138584136962891e+01
1.182632732391357422e+01
1.281764507293701172e+01
1.525074958801269531e+01
1.032468128204345703e+01
1.263284301757812500e+01
1.009400177001953125e+01
1.106062889099121094e+01
1.803843688964843750e+01
9.025556564331054688e+00
1.341867923736572266e+01
6.920865535736083984e+00
3.744447231292724609e+00
8.709895133972167969e+00
8.199346542358398438e+00
9.056324005126953125e+00
1.100843811035156250e+01
1.251811885833740234e+01
9.882253646850585938e+00
9.561234474182128906e+00
1.014125537872314453e+01
1.164915561676025391e+01
7.191083908081054688e+00
9.592362403869628906e+00
4.668880939483642578e+00
1.287165069580078125e+01
1.400275802612304688e+01
8.189940452575683594e+00
4.459373474121093750e+00
9.126595497131347656e+00
1.311110591888427734e+01
9.585052490234375000e+00
1.704105758666992188e+01
1.134279537200927734e+01
9.583046913146972656e+00
