1.057891273498535156e+01
8.087731361389160156e+00
4.662769794464111328e+00
7.552200317382812500e+00
1.228700256347656250e+01
1.100039958953857422e+01
9.711577415466308594e+00
7.660589694976806641e+00
1.243834018707275391e+01
1.266486549377441406e+01
1.152533721923828125e+01
3.539254426956176758e+00
1.211204624176025391e+01
1.192675971984863281e+01
1.339521312713623047e+01
1.000880527496337891e+01
8.540311813354492188e+00
9.233478546142578125e+00
1.202552986145019531e+01
9.880416870117187500e+00
1.108664512634277344e+01
9.009379386901855469e+00
8.928587913513183594e+00
3.785774469375610352e+00
1.213183021545410156e+01
1.192798614501953125e+01
1.035619068145751953e+01
1.213476848602294922e+01
5.537037849426269531e+00
7.906660556793212891e+00
8.763094902038574219e+00
9.560083389282226562e+00
9.899627685546875000e+00
3.776354551315307617e+00
9.287172317504882812e+00
8.560793876647949219e+00
1.509482479095458984e+01
7.620212554931640625e+00
1.056673240661621094e+01
1.446621417999267578e+01
1.132779598236083984e+01
3.124031066894531250e+00
9.251441955566406250e+00
1.049777221679687500e+01
8.035767555236816406e+00
9.897134780883789062e+00
1.060015010833740234e+01
9.785881996154785156e+00
1.323260593414306641e+01
8.983703613281250000e+00
1.450374031066894531e+01
1.127998256683349609e+01
1.155640506744384766e+01
8.445977210998535156e+00
9.537222862243652344e+00
1.030980682373046875e+01
1.184214782714843750e+01
1.033325862884521484e+01
3.419265985488891602e+00
1.036892986297607422e+01
9.622039794921875000e+00
8.952661514282226562e+00
1.223630809783935547e+01
1.128614044189453125e+01
1.129875755310058594e+01
1.146600151062011719e+01
1.209258937835693359e+01
8.795626640319824219e+00
8.360743522644042969e+00
8.653074264526367188e+00
8.508871078491210938e+00
1.178656768798828125e+01
1.312402439117431641e+01
1.132514858245849609e+01
1.439661312103271484e+01
1.235818672180175781e+01
4.989363670349121094e+00
1.221596717834472656e+01
4.427970409393310547e+00
8.688790321350097656e+00
9.603024482727050781e+00
9.305283546447753906e+00
1.178979587554931641e+01
4.155108928680419922e+00
1.211682701110839844e+01
1.386076164245605469e+01
5.562526226043701172e+00
1.179421901702880859e+01
3.429505109786987305e+00
1.222282600402832031e+01
1.202168750762939453e+01
1.034428310394287109e+01
9.521540641784667969e+00
4.073503971099853516e+00
1.090686321258544922e+01
8.360321044921875000e+00
1.160877895355224609e+01
1.095871829986572266e+01
1.542139339447021484e+01
3.404788970947265625e+00
9.764429092407226562e+00
9.582913398742675781e+00
1.011277294158935547e+01
9.524194717407226562e+00
9.523079872131347656e+00
1.159854602813720703e+01
8.692861557006835938e+00
9.824089050292968750e+00
9.919600486755371094e+00
6.861355781555175781e+00
8.751380920410156250e+00
1.186456680297851562e+01
1.241394233703613281e+01
1.227709293365478516e+01
1.157246875762939453e+01
3.192975759506225586e+00
1.234301280975341797e+01
3.187046051025390625e+00
1.033323192596435547e+01
1.042897796630859375e+01
9.852388381958007812e+00
1.082863235473632812e+01
1.380957794189453125e+01
8.210700988769531250e+00
3.516770601272583008e+00
8.759752273559570312e+00
7.946240425109863281e+00
1.047946453094482422e+01
1.040834903717041016e+01
1.063270854949951172e+01
9.150262832641601562e+00
9.053902626037597656e+00
7.670793056488037109e+00
1.070554065704345703e+01
3.797990322113037109e+00
9.757496833801269531e+00
1.130070400238037109e+01
1.174750614166259766e+01
1.193482589721679688e+01
9.171099662780761719e+00
8.366524696350097656e+00
1.410250854492187500e+01
7.128980159759521484e+00
8.876962661743164062e+00
1.333874320983886719e+01
1.056394290924072266e+01
1.210111141204833984e+01
1.277173519134521484e+01
1.056748294830322266e+01
1.251821517944335938e+01
9.909784317016601562e+00
1.048889923095703125e+01
1.069877338409423828e+01
1.138782691955566406e+01
8.005034446716308594e+00
9.866991043090820312e+00
1.089708805084228516e+01
1.028577709197998047e+01
9.654981613159179688e+00
1.088952827453613281e+01
1.037220954895019531e+01
7.926494598388671875e+00
1.095696449279785156e+01
8.713931083679199219e+00
1.387884044647216797e+01
8.600099563598632812e+00
1.041213417053222656e+01
1.024129962921142578e+01
8.107979774475097656e+00
9.204712867736816406e+00
1.008973217010498047e+01
1.012689971923828125e+01
1.115138912200927734e+01
4.064917087554931641e+00
8.776392936706542969e+00
8.067623138427734375e+00
8.012263298034667969e+00
1.269142150878906250e+01
1.180254554748535156e+01
8.922898292541503906e+00
1.116177940368652344e+01
7.358501434326171875e+00
6.970068931579589844e+00
1.090406227111816406e+01
1.015601444244384766e+01
3.868901252746582031e+00
9.657739639282226562e+00
1.152967929840087891e+01
6.067430973052978516e+00
8.882535934448242188e+00
1.487712955474853516e+01
7.852347373962402344e+00
7.943743228912353516e+00
1.059504508972167969e+01
1.233066177368164062e+01
8.998662948608398438e+00
1.057050895690917969e+01
1.031806087493896484e+01
1.103126049041748047e+01
1.043344211578369141e+01
1.255784702301025391e+01
1.232449626922607422e+01
9.178319931030273438e+00
8.822964668273925781e+00
1.275168704986572266e+01
9.739472389221191406e+00
5.699365139007568359e+00
1.342869472503662109e+01
8.242495536804199219e+00
1.379485511779785156e+01
9.930919647216796875e+00
1.162552738189697266e+01
8.228763580322265625e+00
1.060662174224853516e+01
1.241976356506347656e+01
1.133184528350830078e+01
8.582001686096191406e+00
1.281036949157714844e+01
1.058883094787597656e+01
1.192980289459228516e+01
7.630316734313964844e+00
4.317303180694580078e+00
1.234791946411132812e+01
1.251023292541503906e+01
1.526204490661621094e+01
1.059988021850585938e+01
1.430977821350097656e+01
1.298344612121582031e+01
1.110305213928222656e+01
1.384983253479003906e+01
1.349121284484863281e+01
1.163226699829101562e+01
1.254777908325195312e+01
8.134482383728027344e+00
1.056647014617919922e+01
1.271300888061523438e+01
8.148310661315917969e+00
1.164992332458496094e+01
1.307315349578857422e+01
1.421697330474853516e+01
3.546867370605468750e+00
5.648393154144287109e+00
1.099015235900878906e+01
1.212707328796386719e+01
8.503176689147949219e+00
1.295617485046386719e+01
1.034392929077148438e+01
1.190702819824218750e+01
1.114287281036376953e+01
1.355377674102783203e+01
