1.163906192779541016e+01
7.194816589355468750e+00
8.433871269226074219e+00
1.177540397644042969e+01
9.745166778564453125e+00
1.080960845947265625e+01
1.337193107604980469e+01
7.527793884277343750e+00
8.138244628906250000e+00
8.276234626770019531e+00
1.411488628387451172e+01
8.142389297485351562e+00
4.411895275115966797e+00
1.131613063812255859e+01
1.102534770965576172e+01
6.482323169708251953e+00
1.385580730438232422e+01
1.258196926116943359e+01
4.186934947967529297e+00
9.649106025695800781e+00
4.849767684936523438e+00
1.224197196960449219e+01
8.921044349670410156e+00
9.139446258544921875e+00
1.265450096130371094e+01
7.653314590454101562e+00
8.996639251708984375e+00
1.297706031799316406e+01
9.023146629333496094e+00
1.025124740600585938e+01
1.097806453704833984e+01
7.449981689453125000e+00
1.199637985229492188e+01
1.364365482330322266e+01
1.341933822631835938e+01
1.219145584106445312e+01
1.325168609619140625e+01
9.429412841796875000e+00
4.773907184600830078e+00
1.202979278564453125e+01
9.518258094787597656e+00
1.236382102966308594e+01
9.438417434692382812e+00
1.521024608612060547e+01
1.074393558502197266e+01
1.080556869506835938e+01
1.198597431182861328e+01
6.721010208129882812e+00
9.704705238342285156e+00
1.451822757720947266e+01
3.084567308425903320e+00
1.238922023773193359e+01
8.528015136718750000e+00
1.136496829986572266e+01
1.503867721557617188e+01
1.062467765808105469e+01
9.285340309143066406e+00
1.239815235137939453e+01
1.049927139282226562e+01
1.493147182464599609e+01
1.212596797943115234e+01
1.219948863983154297e+01
9.506524085998535156e+00
1.268626022338867188e+01
7.549201965332031250e+00
1.085422515869140625e+01
1.328824234008789062e+01
1.033323764801025391e+01
1.123731613159179688e+01
7.737743377685546875e+00
1.413469409942626953e+01
1.239864158630371094e+01
1.182988834381103516e+01
1.045036792755126953e+01
1.052171707153320312e+01
1.179292869567871094e+01
1.101672649383544922e+01
9.999123573303222656e+00
3.624870300292968750e+00
1.187608242034912109e+01
1.147459602355957031e+01
8.763574600219726562e+00
9.035771369934082031e+00
8.770255088806152344e+00
9.810172080993652344e+00
1.287102603912353516e+01
1.123407268524169922e+01
8.146339416503906250e+00
1.074383831024169922e+01
1.106196880340576172e+01
7.989066123962402344e+00
1.293909168243408203e+01
1.124228477478027344e+01
1.250183868408203125e+01
1.210197544097900391e+01
8.543030738830566406e+00
1.316415882110595703e+01
1.211746215820312500e+01
6.574949264526367188e+00
1.102098464965820312e+01
1.178538036346435547e+01
1.008543300628662109e+01
4.369598865509033203e+00
9.024442672729492188e+00
7.845293998718261719e+00
1.312088871002197266e+01
1.392797565460205078e+01
8.122401237487792969e+00
1.163223457336425781e+01
1.455217647552490234e+01
9.035934448242187500e+00
9.974264144897460938e+00
5.303149700164794922e+00
1.361499595642089844e+01
3.789144754409790039e+00
1.069227027893066406e+01
1.093943977355957031e+01
5.257266044616699219e+00
9.165278434753417969e+00
9.984591484069824219e+00
9.896457672119140625e+00
7.990309238433837891e+00
1.197754383087158203e+01
1.233059120178222656e+01
1.202964496612548828e+01
1.312925529479980469e+01
1.003962326049804688e+01
1.225190258026123047e+01
1.076981639862060547e+01
9.725698471069335938e+00
1.408268928527832031e+01
1.197692394256591797e+01
1.235038852691650391e+01
1.308649063110351562e+01
1.092914676666259766e+01
1.104114246368408203e+01
1.153680324554443359e+01
9.197365760803222656e+00
1.033148670196533203e+01
1.368021488189697266e+01
9.447566032409667969e+00
1.149403381347656250e+01
1.091224002838134766e+01
6.430856227874755859e+00
9.724380493164062500e+00
1.228399562835693359e+01
1.126608753204345703e+01
1.384715461730957031e+01
1.155756759643554688e+01
8.066570281982421875e+00
1.047064113616943359e+01
8.118613243103027344e+00
3.719160795211791992e+00
5.214040756225585938e+00
9.529031753540039062e+00
1.146926593780517578e+01
9.394032478332519531e+00
1.207088470458984375e+01
9.869531631469726562e+00
1.147521781921386719e+01
1.217436408996582031e+01
1.298679637908935547e+01
1.093824958801269531e+01
1.148515701293945312e+01
1.208910179138183594e+01
1.282480621337890625e+01
1.110511779785156250e+01
6.021563529968261719e+00
1.019542980194091797e+01
1.349574756622314453e+01
1.144408607482910156e+01
1.234100151062011719e+01
1.092120647430419922e+01
1.214793968200683594e+01
9.685573577880859375e+00
9.827210426330566406e+00
8.435441970825195312e+00
1.072573852539062500e+01
8.140930175781250000e+00
1.369364356994628906e+01
9.064780235290527344e+00
1.268364238739013672e+01
1.177116680145263672e+01
9.828915596008300781e+00
1.123311996459960938e+01
1.183401107788085938e+01
9.903361320495605469e+00
5.295470714569091797e+00
1.286537265777587891e+01
1.023346424102783203e+01
8.172116279602050781e+00
8.025265693664550781e+00
1.419620609283447266e+01
1.060682582855224609e+01
6.918967723846435547e+00
1.312248039245605469e+01
1.030519294738769531e+01
9.521611213684082031e+00
9.181222915649414062e+00
1.035137557983398438e+01
1.083764076232910156e+01
9.044871330261230469e+00
8.948202133178710938e+00
1.432695007324218750e+01
3.434953927993774414e+00
1.376572418212890625e+01
1.074978637695312500e+01
1.417369842529296875e+01
7.881478786468505859e+00
1.022897529602050781e+01
1.061821842193603516e+01
1.372749042510986328e+01
3.781148672103881836e+00
1.361174106597900391e+01
8.910449981689453125e+00
5.583470821380615234e+00
1.196200084686279297e+01
1.439978790283203125e+01
1.063538360595703125e+01
1.184693145751953125e+01
1.176221179962158203e+01
9.572197914123535156e+00
7.988884925842285156e+00
1.540103816986083984e+01
1.261731910705566406e+01
9.464723587036132812e+00
1.235792636871337891e+01
7.913966655731201172e+00
1.252372741699218750e+01
1.116171550750732422e+01
1.536603832244873047e+01
7.668811798095703125e+00
1.368500709533691406e+01
1.186767196655273438e+01
3.854900121688842773e+00
5.557381629943847656e+00
1.492214298248291016e+01
1.168874835968017578e+01
1.106370925903320312e+01
1.214076137542724609e+01
7.563533782958984375e+00
9.732071876525878906e+00
9.113979339599609375e+00
1.255079269409179688e+01
9.047540664672851562e+00
1.027168655395507812e+01
1.005675506591796875e+01
8.499862670898437500e+00
9.347881317138671875e+00
1.188838291168212891e+01
