1.616383361816406250e+01
1.285755252838134766e+01
1.132363986968994141e+01
1.145293521881103516e+01
8.961751937866210938e+00
1.421018886566162109e+01
1.324427509307861328e+01
1.111241626739501953e+01
1.524117565155029297e+01
1.008076858520507812e+01
1.576767921447753906e+01
6.880103588104248047e+00
8.949233055114746094e+00
1.149389457702636719e+01
9.173778533935546875e+00
1.154637718200683594e+01
1.077005004882812500e+01
1.295280838012695312e+01
1.087624549865722656e+01
1.161734390258789062e+01
1.126712226867675781e+01
1.104855632781982422e+01
8.248217582702636719e+00
1.033042907714843750e+01
1.067449474334716797e+01
1.136928653717041016e+01
1.027723121643066406e+01
1.392121601104736328e+01
1.455930423736572266e+01
9.131763458251953125e+00
1.015735054016113281e+01
8.154279708862304688e+00
6.341509819030761719e+00
1.185377788543701172e+01
6.580433845520019531e+00
1.047627067565917969e+01
1.177815437316894531e+01
9.375000000000000000e+00
1.364203834533691406e+01
1.250950908660888672e+01
1.160997104644775391e+01
1.183692359924316406e+01
1.059348583221435547e+01
1.077922248840332031e+01
1.538389778137207031e+01
1.273019123077392578e+01
1.160711669921875000e+01
1.132458591461181641e+01
1.224418926239013672e+01
1.126125717163085938e+01
1.342177009582519531e+01
1.167139434814453125e+01
3.794822216033935547e+00
9.145172119140625000e+00
1.138647747039794922e+01
1.172724723815917969e+01
1.195648288726806641e+01
1.139406013488769531e+01
9.608368873596191406e+00
4.580398559570312500e+00
1.136886501312255859e+01
1.016475963592529297e+01
1.171155548095703125e+01
1.203738307952880859e+01
9.396386146545410156e+00
9.424858093261718750e+00
9.687145233154296875e+00
9.531764984130859375e+00
1.217338752746582031e+01
8.797004699707031250e+00
1.113183784484863281e+01
1.006634235382080078e+01
9.882393836975097656e+00
1.024423980712890625e+01
1.234638881683349609e+01
1.198936080932617188e+01
9.980283737182617188e+00
1.287937450408935547e+01
3.846065282821655273e+00
1.216222381591796875e+01
1.419098854064941406e+01
1.255353069305419922e+01
1.552350902557373047e+01
1.029766654968261719e+01
5.860235214233398438e+00
9.926850318908691406e+00
8.833339691162109375e+00
9.675456047058105469e+00
1.329081153869628906e+01
6.796814918518066406e+00
1.014874935150146484e+01
8.808740615844726562e+00
1.134251308441162109e+01
6.681322097778320312e+00
1.004602432250976562e+01
1.048678874969482422e+01
1.183009052276611328e+01
1.020666122436523438e+01
1.077466297149658203e+01
6.065696716308593750e+00
1.094232654571533203e+01
1.077090644836425781e+01
1.108057117462158203e+01
9.382917404174804688e+00
1.037137699127197266e+01
1.067119598388671875e+01
1.020782184600830078e+01
1.176746845245361328e+01
1.324819183349609375e+01
9.587948799133300781e+00
1.066282558441162109e+01
1.231065082550048828e+01
4.792349338531494141e+00
1.307666778564453125e+01
1.365610790252685547e+01
8.304245948791503906e+00
7.543377399444580078e+00
1.023642063140869141e+01
1.235676002502441406e+01
6.879777431488037109e+00
1.345462512969970703e+01
1.070890998840332031e+01
7.114408969879150391e+00
9.209322929382324219e+00
1.023721408843994141e+01
8.032724380493164062e+00
7.985249519348144531e+00
1.067433452606201172e+01
7.966816902160644531e+00
1.004063701629638672e+01
1.229509449005126953e+01
7.193811893463134766e+00
5.649841785430908203e+00
1.012597846984863281e+01
9.040599822998046875e+00
1.204341888427734375e+01
9.713841438293457031e+00
1.251908779144287109e+01
1.098436355590820312e+01
1.234033107757568359e+01
1.128215312957763672e+01
1.071584415435791016e+01
9.715615272521972656e+00
1.157576656341552734e+01
1.087984275817871094e+01
1.193761348724365234e+01
9.811213493347167969e+00
6.315259933471679688e+00
6.930893421173095703e+00
8.875662803649902344e+00
1.400957775115966797e+01
1.089578914642333984e+01
1.107758903503417969e+01
1.035772705078125000e+01
1.112801647186279297e+01
1.091967487335205078e+01
9.106969833374023438e+00
1.390206623077392578e+01
1.138393211364746094e+01
1.166493129730224609e+01
1.326018810272216797e+01
4.822515487670898438e+00
1.112307357788085938e+01
1.071930599212646484e+01
1.165725898742675781e+01
7.008886337280273438e+00
9.799327850341796875e+00
1.208178138732910156e+01
1.298004817962646484e+01
1.297558879852294922e+01
5.146508693695068359e+00
1.118048286437988281e+01
9.545568466186523438e+00
4.257501602172851562e+00
1.182660770416259766e+01
1.145548248291015625e+01
9.796084403991699219e+00
1.102203559875488281e+01
1.111725902557373047e+01
1.116233825683593750e+01
6.996052265167236328e+00
8.374388694763183594e+00
8.122165679931640625e+00
1.057106494903564453e+01
1.238789749145507812e+01
8.728640556335449219e+00
6.040657043457031250e+00
1.125225162506103516e+01
4.501024723052978516e+00
3.675395011901855469e+00
1.370953941345214844e+01
1.187804794311523438e+01
1.047968769073486328e+01
1.109298038482666016e+01
1.191709899902343750e+01
1.077648258209228516e+01
1.435600757598876953e+01
7.704272747039794922e+00
3.499982118606567383e+00
1.114719200134277344e+01
1.118825912475585938e+01
1.041381454467773438e+01
1.236287975311279297e+01
1.286631679534912109e+01
9.388696670532226562e+00
6.164446353912353516e+00
1.073611736297607422e+01
1.275854301452636719e+01
8.339139938354492188e+00
1.063629436492919922e+01
9.083382606506347656e+00
9.805712699890136719e+00
1.386885547637939453e+01
8.098057746887207031e+00
1.215182971954345703e+01
1.047427463531494141e+01
1.019166755676269531e+01
1.108591365814208984e+01
9.936979293823242188e+00
1.274441242218017578e+01
9.438895225524902344e+00
7.638048171997070312e+00
3.871468305587768555e+00
8.276783943176269531e+00
1.398021888732910156e+01
7.582379341125488281e+00
9.672054290771484375e+00
9.169577598571777344e+00
5.016469478607177734e+00
1.050366306304931641e+01
1.011029338836669922e+01
8.631642341613769531e+00
7.383838176727294922e+00
1.049871540069580078e+01
9.019386291503906250e+00
1.110678768157958984e+01
1.057398319244384766e+01
7.483770847320556641e+00
9.712904930114746094e+00
1.235596847534179688e+01
9.363874435424804688e+00
1.114332008361816406e+01
1.235294818878173828e+01
8.290518760681152344e+00
7.686566829681396484e+00
1.298896312713623047e+01
1.159771442413330078e+01
4.211997985839843750e+00
1.124732208251953125e+01
8.227384567260742188e+00
