9.337721824645996094e+00
3.432562351226806641e+00
1.106412029266357422e+01
1.279791069030761719e+01
8.176510810852050781e+00
1.051206302642822266e+01
1.011431217193603516e+01
7.905131340026855469e+00
9.659466743469238281e+00
1.023222446441650391e+01
1.134296131134033203e+01
3.085574388504028320e+00
1.279659748077392578e+01
1.259173393249511719e+01
9.207896232604980469e+00
1.136640453338623047e+01
8.648541450500488281e+00
9.240703582763671875e+00
1.457168006896972656e+01
1.127112007141113281e+01
9.829532623291015625e+00
1.019543266296386719e+01
9.382729530334472656e+00
1.008888721466064453e+01
6.572300910949707031e+00
1.210493946075439453e+01
7.902995109558105469e+00
1.101856231689453125e+01
8.211619377136230469e+00
1.007668495178222656e+01
8.229552268981933594e+00
9.561836242675781250e+00
1.043011093139648438e+01
1.321181201934814453e+01
8.411840438842773438e+00
1.139384365081787109e+01
1.211322212219238281e+01
1.371881484985351562e+01
1.204031181335449219e+01
1.141078948974609375e+01
1.145733070373535156e+01
1.201325702667236328e+01
1.045645046234130859e+01
1.524749088287353516e+01
1.313706779479980469e+01
9.993950843811035156e+00
9.769776344299316406e+00
8.584535598754882812e+00
1.104767990112304688e+01
8.727811813354492188e+00
1.209945011138916016e+01
8.952159881591796875e+00
1.081564903259277344e+01
9.462558746337890625e+00
8.449447631835937500e+00
9.946820259094238281e+00
1.103544712066650391e+01
4.176755905151367188e+00
1.231734466552734375e+01
9.285207748413085938e+00
1.567933750152587891e+01
4.090465068817138672e+00
8.219162940979003906e+00
1.341647243499755859e+01
1.065786266326904297e+01
9.283743858337402344e+00
1.050187683105468750e+01
5.254778861999511719e+00
1.364825057983398438e+01
1.111066150665283203e+01
4.757423400878906250e+00
7.777177810668945312e+00
1.295990562438964844e+01
1.381816387176513672e+01
8.185049057006835938e+00
1.094496345520019531e+01
4.587236404418945312e+00
1.271075344085693359e+01
1.021756458282470703e+01
8.704069137573242188e+00
4.476157665252685547e+00
1.352005290985107422e+01
1.095125293731689453e+01
1.208558750152587891e+01
9.964429855346679688e+00
1.354993343353271484e+01
4.845040798187255859e+00
1.358913040161132812e+01
3.920148849487304688e+00
7.239687919616699219e+00
1.248175144195556641e+01
3.815498828887939453e+00
1.143333816528320312e+01
1.097844505310058594e+01
9.931550025939941406e+00
1.258262634277343750e+01
1.308047676086425781e+01
4.119013309478759766e+00
9.717013359069824219e+00
1.044690036773681641e+01
3.753799438476562500e+00
1.092500305175781250e+01
9.263990402221679688e+00
9.743701934814453125e+00
1.039302349090576172e+01
7.389821529388427734e+00
7.684097766876220703e+00
9.917553901672363281e+00
7.527107238769531250e+00
1.000116348266601562e+01
4.072061538696289062e+00
1.215539360046386719e+01
1.085091495513916016e+01
8.327665328979492188e+00
6.702271461486816406e+00
1.077049827575683594e+01
7.887564182281494141e+00
8.091876029968261719e+00
4.020447254180908203e+00
1.027558708190917969e+01
9.333854675292968750e+00
9.379549026489257812e+00
1.181945896148681641e+01
9.019860267639160156e+00
8.218743324279785156e+00
1.074769496917724609e+01
1.007901096343994141e+01
8.968688011169433594e+00
1.273930931091308594e+01
6.897868633270263672e+00
9.758354187011718750e+00
6.453786849975585938e+00
1.077147102355957031e+01
1.069034290313720703e+01
9.236455917358398438e+00
6.662661075592041016e+00
1.000082206726074219e+01
7.784080028533935547e+00
1.092337608337402344e+01
7.573754787445068359e+00
9.012884140014648438e+00
8.815243721008300781e+00
1.098354911804199219e+01
1.049558830261230469e+01
1.215000343322753906e+01
9.193569183349609375e+00
1.321982765197753906e+01
1.003644275665283203e+01
6.822285175323486328e+00
9.760049819946289062e+00
9.037100791931152344e+00
1.192434787750244141e+01
7.920726299285888672e+00
1.224156475067138672e+01
9.850939750671386719e+00
1.196159458160400391e+01
9.687065124511718750e+00
1.058377838134765625e+01
9.625058174133300781e+00
9.717871665954589844e+00
1.316078376770019531e+01
8.766933441162109375e+00
3.938676357269287109e+00
1.141229629516601562e+01
9.564630508422851562e+00
8.379672050476074219e+00
9.708391189575195312e+00
9.295405387878417969e+00
9.058470726013183594e+00
8.946387290954589844e+00
1.233465003967285156e+01
8.081370353698730469e+00
4.055592060089111328e+00
4.354707241058349609e+00
1.003013992309570312e+01
3.872238874435424805e+00
8.476250648498535156e+00
4.026059150695800781e+00
1.059943675994873047e+01
9.754233360290527344e+00
7.573754787445068359e+00
7.664434432983398438e+00
7.741474628448486328e+00
7.661375999450683594e+00
8.417213439941406250e+00
4.030708789825439453e+00
8.317805290222167969e+00
7.969704627990722656e+00
1.152884101867675781e+01
3.430563688278198242e+00
8.071407318115234375e+00
3.919034481048583984e+00
1.110378932952880859e+01
9.261998176574707031e+00
8.961462974548339844e+00
8.520134925842285156e+00
8.773989677429199219e+00
8.592291831970214844e+00
7.248281478881835938e+00
7.553430080413818359e+00
9.918936729431152344e+00
8.378427505493164062e+00
4.306967735290527344e+00
8.207737922668457031e+00
1.162477874755859375e+01
1.083271884918212891e+01
1.222995567321777344e+01
1.093497276306152344e+01
7.063292980194091797e+00
1.000332164764404297e+01
1.191099357604980469e+01
9.550796508789062500e+00
8.475111007690429688e+00
1.029963111877441406e+01
8.507005691528320312e+00
8.342642784118652344e+00
9.092601776123046875e+00
7.616223335266113281e+00
1.013945293426513672e+01
3.827298402786254883e+00
1.253160285949707031e+01
8.994759559631347656e+00
7.699820041656494141e+00
1.065575504302978516e+01
1.085506153106689453e+01
8.372103691101074219e+00
1.047996139526367188e+01
4.168205261230468750e+00
1.273303318023681641e+01
1.026276493072509766e+01
8.674187660217285156e+00
1.054870986938476562e+01
1.104277801513671875e+01
6.975243568420410156e+00
1.111105537414550781e+01
8.508842468261718750e+00
1.009662246704101562e+01
3.356642961502075195e+00
8.845870018005371094e+00
1.029191207885742188e+01
1.190339183807373047e+01
3.354277849197387695e+00
7.277932167053222656e+00
9.019471168518066406e+00
8.940498352050781250e+00
4.342740058898925781e+00
9.759620666503906250e+00
1.081012344360351562e+01
1.044927310943603516e+01
9.885045051574707031e+00
