9.998206138610839844e+00
7.677642345428466797e+00
8.804745674133300781e+00
1.109823036193847656e+01
1.076438903808593750e+01
9.572075843811035156e+00
5.767970561981201172e+00
9.944396018981933594e+00
4.227669239044189453e+00
3.189419269561767578e+00
1.011353683471679688e+01
3.619036197662353516e+00
9.667903900146484375e+00
1.147474956512451172e+01
1.177261447906494141e+01
8.542058944702148438e+00
4.674167633056640625e+00
7.709743976593017578e+00
1.309838867187500000e+01
9.899067878723144531e+00
3.178406476974487305e+00
7.669272899627685547e+00
1.136091327667236328e+01
1.448334980010986328e+01
1.004877948760986328e+01
8.943522453308105469e+00
1.085924148559570312e+01
7.940129756927490234e+00
1.071748828887939453e+01
1.034370040893554688e+01
1.218264865875244141e+01
9.227487564086914062e+00
5.876975059509277344e+00
9.070706367492675781e+00
9.925552368164062500e+00
9.352519035339355469e+00
3.498698472976684570e+00
9.068092346191406250e+00
1.389963722229003906e+01
8.560848236083984375e+00
1.225533771514892578e+01
9.538151741027832031e+00
9.778809547424316406e+00
1.136537742614746094e+01
9.812746047973632812e+00
9.272409439086914062e+00
7.328789710998535156e+00
8.374770164489746094e+00
1.240020656585693359e+01
9.388903617858886719e+00
1.213229179382324219e+01
1.111608314514160156e+01
1.375223159790039062e+01
8.866662979125976562e+00
4.130973815917968750e+00
8.466288566589355469e+00
9.958490371704101562e+00
9.593673706054687500e+00
9.768594741821289062e+00
8.398542404174804688e+00
1.085425662994384766e+01
1.065112495422363281e+01
8.658652305603027344e+00
1.134511947631835938e+01
4.217289447784423828e+00
9.618647575378417969e+00
4.249576568603515625e+00
1.181665134429931641e+01
1.143228912353515625e+01
8.832472801208496094e+00
7.304972171783447266e+00
3.852529764175415039e+00
1.548761749267578125e+01
1.001263618469238281e+01
1.520163631439208984e+01
1.013496589660644531e+01
1.196702384948730469e+01
1.015075874328613281e+01
8.927833557128906250e+00
1.160034084320068359e+01
7.729391098022460938e+00
8.689023971557617188e+00
1.061963367462158203e+01
7.660107612609863281e+00
1.234446239471435547e+01
1.047126388549804688e+01
9.143718719482421875e+00
8.755210876464843750e+00
1.029986667633056641e+01
4.214553356170654297e+00
1.106172752380371094e+01
1.176197147369384766e+01
1.282894897460937500e+01
1.172416782379150391e+01
1.110659694671630859e+01
1.077156543731689453e+01
9.141942024230957031e+00
1.109975719451904297e+01
1.254119110107421875e+01
9.553845405578613281e+00
7.687182426452636719e+00
9.047812461853027344e+00
4.937963485717773438e+00
1.332683658599853516e+01
9.079749107360839844e+00
8.950587272644042969e+00
1.247997188568115234e+01
1.002227783203125000e+01
7.635845184326171875e+00
3.383066177368164062e+00
3.397970438003540039e+00
1.103289985656738281e+01
1.251225566864013672e+01
1.009560203552246094e+01
1.034270763397216797e+01
8.785783767700195312e+00
1.016593742370605469e+01
7.459685325622558594e+00
1.139999580383300781e+01
1.044458293914794922e+01
1.339861965179443359e+01
8.803113937377929688e+00
3.376805305480957031e+00
1.014756774902343750e+01
9.224883079528808594e+00
1.033115100860595703e+01
9.403254508972167969e+00
7.756089687347412109e+00
1.138413238525390625e+01
1.118575191497802734e+01
1.096371746063232422e+01
8.884346961975097656e+00
1.052282524108886719e+01
1.413093566894531250e+01
4.719366550445556641e+00
9.618430137634277344e+00
1.233229827880859375e+01
8.879076004028320312e+00
1.048665809631347656e+01
3.791067838668823242e+00
1.151159381866455078e+01
7.199098587036132812e+00
7.974523544311523438e+00
3.797933578491210938e+00
1.179833126068115234e+01
1.323104190826416016e+01
1.155773258209228516e+01
1.212708854675292969e+01
1.439800643920898438e+01
1.095610809326171875e+01
4.141540527343750000e+00
1.091631126403808594e+01
1.117778873443603516e+01
1.091815662384033203e+01
1.112909126281738281e+01
1.357938194274902344e+01
1.174196434020996094e+01
3.295480251312255859e+00
1.209081077575683594e+01
3.791473388671875000e+00
6.855893135070800781e+00
3.814604043960571289e+00
1.404511928558349609e+01
1.196015644073486328e+01
1.334463882446289062e+01
8.894829750061035156e+00
1.371609783172607422e+01
1.116458415985107422e+01
1.348682594299316406e+01
1.351329898834228516e+01
1.276259422302246094e+01
4.746919155120849609e+00
1.110155773162841797e+01
1.419503688812255859e+01
9.017821311950683594e+00
9.153899192810058594e+00
1.154381370544433594e+01
8.741862297058105469e+00
1.125336837768554688e+01
7.849233150482177734e+00
9.707994461059570312e+00
1.388957786560058594e+01
9.964051246643066406e+00
1.122598743438720703e+01
1.035170841217041016e+01
1.168864536285400391e+01
1.017411804199218750e+01
8.804395675659179688e+00
9.475729942321777344e+00
1.062714481353759766e+01
1.216418457031250000e+01
8.458939552307128906e+00
3.359528064727783203e+00
1.080577087402343750e+01
3.457222461700439453e+00
9.144882202148437500e+00
1.135248756408691406e+01
9.817154884338378906e+00
1.231902027130126953e+01
8.234857559204101562e+00
1.109794235229492188e+01
3.892472505569458008e+00
3.894637107849121094e+00
9.958857536315917969e+00
1.244582366943359375e+01
1.044181728363037109e+01
1.013059234619140625e+01
1.109483718872070312e+01
8.915521621704101562e+00
7.651775360107421875e+00
1.132336902618408203e+01
8.376724243164062500e+00
8.715581893920898438e+00
1.106398200988769531e+01
1.075054645538330078e+01
9.714088439941406250e+00
1.385659408569335938e+01
9.977722167968750000e+00
8.074105262756347656e+00
7.703382015228271484e+00
1.097011566162109375e+01
8.910490989685058594e+00
9.816334724426269531e+00
1.070317935943603516e+01
3.392925262451171875e+00
8.790746688842773438e+00
1.075508022308349609e+01
1.097393894195556641e+01
8.869129180908203125e+00
8.923460960388183594e+00
1.008479213714599609e+01
1.165193367004394531e+01
5.791157245635986328e+00
1.066048431396484375e+01
1.060302543640136719e+01
1.222262287139892578e+01
1.190132045745849609e+01
1.220489978790283203e+01
4.554594516754150391e+00
1.357471942901611328e+01
1.055746936798095703e+01
1.139929199218750000e+01
4.077956199645996094e+00
6.179760456085205078e+00
1.014913749694824219e+01
1.019644069671630859e+01
1.187140655517578125e+01
5.407653808593750000e+00
1.008775711059570312e+01
1.250673294067382812e+01
