1.095631504058837891e+01
7.211763858795166016e+00
8.381058692932128906e+00
1.021949958801269531e+01
7.927852153778076172e+00
3.800693988800048828e+00
1.173844909667968750e+01
1.142647075653076172e+01
8.565091133117675781e+00
1.181378555297851562e+01
1.157835388183593750e+01
9.940581321716308594e+00
1.008704376220703125e+01
9.291903495788574219e+00
1.153173065185546875e+01
1.096046638488769531e+01
1.115826797485351562e+01
8.478116035461425781e+00
6.502485752105712891e+00
1.577871894836425781e+01
1.100434398651123047e+01
8.437353134155273438e+00
1.058273220062255859e+01
1.117225933074951172e+01
8.845268249511718750e+00
4.168699741363525391e+00
9.653853416442871094e+00
1.262852668762207031e+01
1.474750900268554688e+01
9.867848396301269531e+00
1.005951309204101562e+01
1.158090686798095703e+01
1.210682964324951172e+01
1.008232212066650391e+01
8.699948310852050781e+00
1.090184879302978516e+01
9.250487327575683594e+00
8.852498054504394531e+00
1.131700515747070312e+01
1.526684856414794922e+01
1.046949291229248047e+01
8.957563400268554688e+00
9.693569183349609375e+00
6.547474384307861328e+00
1.569099712371826172e+01
8.517935752868652344e+00
4.384454250335693359e+00
9.256300926208496094e+00
9.141330718994140625e+00
1.389632701873779297e+01
1.067161083221435547e+01
9.917165756225585938e+00
8.304330825805664062e+00
2.964851379394531250e+00
8.552440643310546875e+00
1.171458721160888672e+01
9.534303665161132812e+00
9.813792228698730469e+00
8.119359016418457031e+00
1.249596405029296875e+01
1.226357936859130859e+01
8.905208587646484375e+00
1.197160720825195312e+01
9.743844032287597656e+00
1.433423233032226562e+01
3.880403280258178711e+00
8.613629341125488281e+00
7.376185894012451172e+00
1.048153877258300781e+01
1.138257884979248047e+01
1.033490943908691406e+01
9.585886001586914062e+00
1.118366813659667969e+01
9.791974067687988281e+00
1.211700725555419922e+01
7.973936557769775391e+00
1.328830909729003906e+01
7.037470817565917969e+00
8.253011703491210938e+00
9.762387275695800781e+00
1.358858203887939453e+01
6.402172088623046875e+00
1.001507186889648438e+01
7.073953151702880859e+00
1.141277217864990234e+01
7.926568031311035156e+00
1.240953063964843750e+01
3.601272821426391602e+00
8.437790870666503906e+00
1.087851428985595703e+01
1.014704322814941406e+01
1.100116539001464844e+01
4.645177364349365234e+00
6.773787498474121094e+00
1.121339607238769531e+01
9.587301254272460938e+00
9.612154006958007812e+00
1.330689048767089844e+01
1.035508918762207031e+01
8.245165824890136719e+00
1.426811122894287109e+01
1.115069866180419922e+01
1.191132164001464844e+01
1.125162982940673828e+01
7.725148200988769531e+00
1.241898345947265625e+01
5.700417518615722656e+00
1.118229770660400391e+01
1.201845932006835938e+01
8.966163635253906250e+00
1.164469528198242188e+01
1.227818298339843750e+01
1.338432884216308594e+01
1.234166240692138672e+01
1.358837318420410156e+01
1.066959285736083984e+01
1.153503417968750000e+01
1.182869434356689453e+01
1.010920715332031250e+01
8.636184692382812500e+00
1.177353096008300781e+01
9.806782722473144531e+00
7.676344394683837891e+00
1.300654506683349609e+01
9.427518844604492188e+00
3.641066074371337891e+00
1.342099380493164062e+01
1.087956237792968750e+01
8.752101898193359375e+00
8.883425712585449219e+00
1.281805229187011719e+01
1.087698268890380859e+01
8.053688049316406250e+00
1.008332252502441406e+01
4.186994075775146484e+00
7.191754817962646484e+00
9.799592018127441406e+00
1.060543251037597656e+01
8.599534034729003906e+00
8.399150848388671875e+00
1.047532844543457031e+01
1.186201286315917969e+01
9.781049728393554688e+00
8.461749076843261719e+00
1.138208103179931641e+01
4.132134914398193359e+00
8.427264213562011719e+00
1.213404273986816406e+01
1.073642158508300781e+01
9.229972839355468750e+00
1.188388252258300781e+01
7.894673824310302734e+00
4.324066162109375000e+00
3.970975160598754883e+00
1.418631649017333984e+01
8.480541229248046875e+00
3.856040954589843750e+00
3.117072582244873047e+00
8.190932273864746094e+00
9.683396339416503906e+00
3.729409694671630859e+00
8.077886581420898438e+00
1.344346523284912109e+01
9.707586288452148438e+00
1.042224025726318359e+01
9.422823905944824219e+00
1.131217288970947266e+01
9.372450828552246094e+00
9.639256477355957031e+00
8.400303840637207031e+00
8.959636688232421875e+00
1.053340339660644531e+01
1.113892078399658203e+01
1.322676181793212891e+01
9.139012336730957031e+00
1.312747859954833984e+01
9.416701316833496094e+00
8.945276260375976562e+00
1.002675056457519531e+01
1.084368324279785156e+01
4.056335449218750000e+00
9.652980804443359375e+00
1.256770420074462891e+01
7.471212863922119141e+00
1.153537559509277344e+01
1.068026542663574219e+01
1.419165325164794922e+01
1.375127887725830078e+01
8.183610916137695312e+00
1.211277389526367188e+01
9.176213264465332031e+00
8.758888244628906250e+00
3.998761892318725586e+00
8.189471244812011719e+00
1.170668888092041016e+01
9.519930839538574219e+00
8.646076202392578125e+00
7.988534927368164062e+00
1.472719573974609375e+01
8.894995689392089844e+00
7.906987190246582031e+00
9.606830596923828125e+00
1.501565361022949219e+01
1.001620864868164062e+01
6.281619071960449219e+00
9.290837287902832031e+00
1.266382789611816406e+01
9.460778236389160156e+00
1.295038604736328125e+01
1.149758243560791016e+01
3.803404092788696289e+00
8.968056678771972656e+00
9.653217315673828125e+00
8.687987327575683594e+00
1.124629592895507812e+01
1.056504631042480469e+01
1.436788654327392578e+01
1.003777313232421875e+01
8.183121681213378906e+00
8.162863731384277344e+00
1.129506587982177734e+01
1.054523181915283203e+01
1.167475128173828125e+01
4.066755771636962891e+00
1.252448368072509766e+01
3.646426200866699219e+00
1.082134437561035156e+01
1.076748466491699219e+01
1.021876239776611328e+01
1.284787750244140625e+01
1.124099349975585938e+01
4.438488483428955078e+00
9.784316062927246094e+00
9.617276191711425781e+00
1.149425601959228516e+01
1.351099205017089844e+01
1.233424377441406250e+01
3.974721908569335938e+00
6.943094730377197266e+00
1.251748466491699219e+01
9.260317802429199219e+00
1.151421737670898438e+01
1.138804721832275391e+01
8.035692214965820312e+00
1.370141124725341797e+01
1.127081489562988281e+01
1.330168151855468750e+01
7.988165378570556641e+00
7.602221965789794922e+00
7.563354492187500000e+00
