5.472733974456787109e+00
1.152702713012695312e+01
8.735815048217773438e+00
9.495983123779296875e+00
9.006319046020507812e+00
8.438158988952636719e+00
1.711481094360351562e+01
1.091106128692626953e+01
7.777245044708251953e+00
3.974072217941284180e+00
1.303796482086181641e+01
8.985185623168945312e+00
8.984134674072265625e+00
1.033676433563232422e+01
1.134896087646484375e+01
1.100680351257324219e+01
1.212221050262451172e+01
1.045428466796875000e+01
1.080045890808105469e+01
8.889842033386230469e+00
9.172605514526367188e+00
4.298289775848388672e+00
8.681934356689453125e+00
9.353644371032714844e+00
1.085359096527099609e+01
6.247057914733886719e+00
1.154562377929687500e+01
1.410462951660156250e+01
9.107381820678710938e+00
1.058979797363281250e+01
1.139412498474121094e+01
1.093773555755615234e+01
3.474925994873046875e+00
1.058149719238281250e+01
1.179084396362304688e+01
8.014865875244140625e+00
1.309811878204345703e+01
1.094567966461181641e+01
7.383838176727294922e+00
7.784897804260253906e+00
9.047764778137207031e+00
1.012976741790771484e+01
1.395479679107666016e+01
8.022682189941406250e+00
1.183158493041992188e+01
9.027856826782226562e+00
1.155967235565185547e+01
1.110789871215820312e+01
1.012710380554199219e+01
9.434720039367675781e+00
8.133004188537597656e+00
1.156233215332031250e+01
6.708202838897705078e+00
1.032113361358642578e+01
1.214188957214355469e+01
1.092144107818603516e+01
6.247205257415771484e+00
8.054577827453613281e+00
1.450015354156494141e+01
6.288953781127929688e+00
1.168580055236816406e+01
1.230519008636474609e+01
5.580440521240234375e+00
9.181279182434082031e+00
1.333610916137695312e+01
3.649672269821166992e+00
8.006429672241210938e+00
1.270392417907714844e+01
1.155229377746582031e+01
1.165872478485107422e+01
1.119788837432861328e+01
1.095185661315917969e+01
9.355558395385742188e+00
9.921947479248046875e+00
1.034844207763671875e+01
1.156908988952636719e+01
1.013630485534667969e+01
9.836598396301269531e+00
1.163500213623046875e+01
9.131530761718750000e+00
7.476336479187011719e+00
8.903647422790527344e+00
1.189232730865478516e+01
7.894007205963134766e+00
3.850868701934814453e+00
9.351598739624023438e+00
1.198217010498046875e+01
9.069037437438964844e+00
1.120077419281005859e+01
3.135362148284912109e+00
1.396497440338134766e+01
1.106689167022705078e+01
1.197810363769531250e+01
9.529654502868652344e+00
8.732103347778320312e+00
5.685117244720458984e+00
3.624166011810302734e+00
4.164764881134033203e+00
8.373404502868652344e+00
1.398837661743164062e+01
9.849837303161621094e+00
1.197448348999023438e+01
1.192991161346435547e+01
9.483552932739257812e+00
5.376875400543212891e+00
1.178489208221435547e+01
3.818109750747680664e+00
9.012120246887207031e+00
1.201939201354980469e+01
9.895658493041992188e+00
8.437623023986816406e+00
8.147113800048828125e+00
1.149812698364257812e+01
9.452379226684570312e+00
1.256253242492675781e+01
9.313008308410644531e+00
1.101334571838378906e+01
8.039268493652343750e+00
9.126277923583984375e+00
1.286730480194091797e+01
1.355136585235595703e+01
8.870393753051757812e+00
6.572057723999023438e+00
8.730574607849121094e+00
1.275399971008300781e+01
4.348713397979736328e+00
1.322050189971923828e+01
8.934366226196289062e+00
1.050918674468994141e+01
1.186154079437255859e+01
9.407309532165527344e+00
9.283564567565917969e+00
8.637092590332031250e+00
3.438256263732910156e+00
1.160006999969482422e+01
3.769457578659057617e+00
1.127669811248779297e+01
8.020090103149414062e+00
6.384486675262451172e+00
1.060006618499755859e+01
1.065191078186035156e+01
1.041538524627685547e+01
9.830295562744140625e+00
1.010160827636718750e+01
1.483691596984863281e+01
1.081524276733398438e+01
8.942232131958007812e+00
7.472567558288574219e+00
1.132223033905029297e+01
8.679862022399902344e+00
4.092750072479248047e+00
1.072759437561035156e+01
9.248775482177734375e+00
8.597931861877441406e+00
1.141885948181152344e+01
7.854990959167480469e+00
1.239833259582519531e+01
5.144309043884277344e+00
1.220149517059326172e+01
1.185428142547607422e+01
1.241503047943115234e+01
9.324365615844726562e+00
1.046380615234375000e+01
1.019422626495361328e+01
1.184437942504882812e+01
1.186730957031250000e+01
8.785255432128906250e+00
7.558396339416503906e+00
1.285515117645263672e+01
9.549656867980957031e+00
1.046651935577392578e+01
7.326371669769287109e+00
9.393986701965332031e+00
1.076834487915039062e+01
1.095540046691894531e+01
4.768136978149414062e+00
1.336886596679687500e+01
1.309702205657958984e+01
4.383808612823486328e+00
1.017103385925292969e+01
8.954070091247558594e+00
1.194954395294189453e+01
9.861025810241699219e+00
8.334144592285156250e+00
8.736899375915527344e+00
7.288194656372070312e+00
9.348500251770019531e+00
1.154575634002685547e+01
3.990584850311279297e+00
7.940764904022216797e+00
1.411299705505371094e+01
1.313462448120117188e+01
3.979207754135131836e+00
5.050804138183593750e+00
9.508367538452148438e+00
1.300472068786621094e+01
7.764912128448486328e+00
1.297271537780761719e+01
1.347830295562744141e+01
1.046272277832031250e+01
9.835565567016601562e+00
1.074287605285644531e+01
1.354059696197509766e+01
1.047723674774169922e+01
9.326288223266601562e+00
7.889369487762451172e+00
1.003340816497802734e+01
1.137993240356445312e+01
1.525265693664550781e+01
7.527029991149902344e+00
5.812088012695312500e+00
1.341280364990234375e+01
1.085091495513916016e+01
1.149985504150390625e+01
3.810005187988281250e+00
7.062252521514892578e+00
1.050139331817626953e+01
1.159663963317871094e+01
9.927051544189453125e+00
8.511852264404296875e+00
9.494988441467285156e+00
1.175391101837158203e+01
1.161317920684814453e+01
1.211309719085693359e+01
9.240720748901367188e+00
9.903047561645507812e+00
8.596110343933105469e+00
9.783803939819335938e+00
9.890881538391113281e+00
8.065331459045410156e+00
7.784739971160888672e+00
1.151093578338623047e+01
1.086118412017822266e+01
7.637685775756835938e+00
4.506215095520019531e+00
7.994193077087402344e+00
3.985078096389770508e+00
9.685915946960449219e+00
1.444431209564208984e+01
8.045216560363769531e+00
1.084230613708496094e+01
9.888264656066894531e+00
1.215948104858398438e+01
1.140701007843017578e+01
1.092605400085449219e+01
1.259451675415039062e+01
9.860442161560058594e+00
1.072540664672851562e+01
1.172622203826904297e+01
9.815230369567871094e+00
