3.390912294387817383e+00
3.129618167877197266e+00
9.937580108642578125e+00
1.156074714660644531e+01
1.127151584625244141e+01
1.011737537384033203e+01
1.192791652679443359e+01
9.555343627929687500e+00
6.603954315185546875e+00
1.013048648834228516e+01
1.531442451477050781e+01
1.042488956451416016e+01
1.081258964538574219e+01
7.826220989227294922e+00
5.331891536712646484e+00
1.421963882446289062e+01
9.449505805969238281e+00
8.703819274902343750e+00
8.272904396057128906e+00
3.301979303359985352e+00
1.347382640838623047e+01
9.764337539672851562e+00
1.223897361755371094e+01
1.347689819335937500e+01
1.032361316680908203e+01
8.206182479858398438e+00
8.174938201904296875e+00
8.811820030212402344e+00
1.117958831787109375e+01
4.675772666931152344e+00
1.112318134307861328e+01
7.211891174316406250e+00
8.348547935485839844e+00
8.067760467529296875e+00
1.288595771789550781e+01
1.319754314422607422e+01
9.691179275512695312e+00
4.934050559997558594e+00
1.044708824157714844e+01
9.916645050048828125e+00
1.302206993103027344e+01
1.426848983764648438e+01
1.333973693847656250e+01
1.329311370849609375e+01
9.214851379394531250e+00
8.502192497253417969e+00
1.388074779510498047e+01
1.239671516418457031e+01
1.194474315643310547e+01
1.140441703796386719e+01
8.738898277282714844e+00
1.132224464416503906e+01
9.141730308532714844e+00
1.141544342041015625e+01
8.994868278503417969e+00
1.239162349700927734e+01
4.694876194000244141e+00
9.864857673645019531e+00
1.182970523834228516e+01
7.322554588317871094e+00
7.986416816711425781e+00
9.690376281738281250e+00
1.114734458923339844e+01
9.650996208190917969e+00
1.078965473175048828e+01
1.269878482818603516e+01
8.764171600341796875e+00
1.185043048858642578e+01
1.234573650360107422e+01
6.913729190826416016e+00
1.045013236999511719e+01
8.587426185607910156e+00
1.263797855377197266e+01
3.655457258224487305e+00
6.716606616973876953e+00
1.333100605010986328e+01
1.055516719818115234e+01
1.065806770324707031e+01
3.780400514602661133e+00
8.381073951721191406e+00
1.368612003326416016e+01
5.891684055328369141e+00
1.149929714202880859e+01
9.589953422546386719e+00
1.034241294860839844e+01
1.096603870391845703e+01
1.105608940124511719e+01
5.387424945831298828e+00
7.894229888916015625e+00
1.257432746887207031e+01
5.413202285766601562e+00
1.101930904388427734e+01
1.181716060638427734e+01
1.125522994995117188e+01
1.093679904937744141e+01
5.014709949493408203e+00
1.237885570526123047e+01
3.730250835418701172e+00
1.089688968658447266e+01
1.145480251312255859e+01
9.828696250915527344e+00
1.017581462860107422e+01
8.731508255004882812e+00
1.192801761627197266e+01
9.984895706176757812e+00
9.650718688964843750e+00
8.707634925842285156e+00
7.786639690399169922e+00
1.034853458404541016e+01
1.344608783721923828e+01
4.069764614105224609e+00
1.063922023773193359e+01
1.075314998626708984e+01
1.254756832122802734e+01
1.140330696105957031e+01
1.029123401641845703e+01
1.377689361572265625e+01
1.131309986114501953e+01
4.935589790344238281e+00
8.028928756713867188e+00
1.303045654296875000e+01
9.091847419738769531e+00
9.537409782409667969e+00
1.108144855499267578e+01
9.193819046020507812e+00
1.149180793762207031e+01
8.112644195556640625e+00
9.491359710693359375e+00
1.060014724731445312e+01
1.376036739349365234e+01
7.966041088104248047e+00
1.076687335968017578e+01
1.139066886901855469e+01
9.814089775085449219e+00
1.237290668487548828e+01
9.003774642944335938e+00
1.130896568298339844e+01
7.345277309417724609e+00
1.146541881561279297e+01
8.737648963928222656e+00
8.583133697509765625e+00
1.022309875488281250e+01
1.130646133422851562e+01
8.839191436767578125e+00
1.389486598968505859e+01
1.119926929473876953e+01
1.050422191619873047e+01
3.827418804168701172e+00
1.606828880310058594e+01
7.735556125640869141e+00
1.095556354522705078e+01
1.169824409484863281e+01
1.164087295532226562e+01
1.063724136352539062e+01
1.179717922210693359e+01
8.389436721801757812e+00
1.044039440155029297e+01
9.834984779357910156e+00
1.118487453460693359e+01
4.378796100616455078e+00
8.695249557495117188e+00
1.086795711517333984e+01
1.044205570220947266e+01
7.866514682769775391e+00
1.050205421447753906e+01
9.892242431640625000e+00
8.825062751770019531e+00
7.189167022705078125e+00
3.816740036010742188e+00
8.736533164978027344e+00
1.230819416046142578e+01
7.415544509887695312e+00
1.130013465881347656e+01
7.074210166931152344e+00
1.236815547943115234e+01
9.893249511718750000e+00
9.059352874755859375e+00
1.022916507720947266e+01
3.129018783569335938e+00
1.058215713500976562e+01
7.499958992004394531e+00
1.249558448791503906e+01
1.448971843719482422e+01
9.657081604003906250e+00
1.290947341918945312e+01
1.155609607696533203e+01
1.133164501190185547e+01
1.096511459350585938e+01
8.436044692993164062e+00
1.196498870849609375e+01
1.040604400634765625e+01
6.092467308044433594e+00
1.348343276977539062e+01
9.224479675292968750e+00
1.133680629730224609e+01
1.038799762725830078e+01
1.029823303222656250e+01
9.000330924987792969e+00
1.139520168304443359e+01
9.734915733337402344e+00
9.195675849914550781e+00
3.120494365692138672e+00
1.083437633514404297e+01
1.207172203063964844e+01
9.099925041198730469e+00
1.036024188995361328e+01
1.107460117340087891e+01
8.410439491271972656e+00
1.105675983428955078e+01
1.201503181457519531e+01
1.390169048309326172e+01
1.016967678070068359e+01
1.188780117034912109e+01
1.002120399475097656e+01
8.855554580688476562e+00
3.364020347595214844e+00
1.014576148986816406e+01
1.037252712249755859e+01
3.293099641799926758e+00
9.203132629394531250e+00
1.362011814117431641e+01
1.096921348571777344e+01
1.043618106842041016e+01
1.167478370666503906e+01
1.031212997436523438e+01
4.294703483581542969e+00
3.890970945358276367e+00
1.048337650299072266e+01
1.100005817413330078e+01
1.027583694458007812e+01
9.781237602233886719e+00
3.861213684082031250e+00
1.032460880279541016e+01
1.000656795501708984e+01
1.133632659912109375e+01
3.665976762771606445e+00
1.157365608215332031e+01
1.256033039093017578e+01
8.744584083557128906e+00
1.542037200927734375e+01
1.041781520843505859e+01
1.065155506134033203e+01
8.092669486999511719e+00
1.135494041442871094e+01
7.816000461578369141e+00
7.862224102020263672e+00
7.697362899780273438e+00
1.117583465576171875e+01
1.406130123138427734e+01
8.250413894653320312e+00
