8.667723655700683594e+00
8.142695426940917969e+00
1.105040740966796875e+01
1.010211849212646484e+01
4.582299232482910156e+00
9.987092018127441406e+00
1.082950305938720703e+01
1.014779281616210938e+01
1.311385631561279297e+01
9.136151313781738281e+00
9.803385734558105469e+00
9.865061759948730469e+00
1.089645767211914062e+01
1.200743293762207031e+01
9.335968971252441406e+00
8.677861213684082031e+00
1.160289001464843750e+01
1.171395301818847656e+01
1.055850315093994141e+01
1.086940288543701172e+01
1.176271629333496094e+01
9.198582649230957031e+00
8.829749107360839844e+00
1.058167934417724609e+01
1.069147396087646484e+01
1.162295532226562500e+01
9.054683685302734375e+00
1.052637577056884766e+01
1.445787906646728516e+01
1.350585937500000000e+01
1.241915893554687500e+01
1.078895282745361328e+01
1.105253887176513672e+01
1.240526485443115234e+01
1.359852409362792969e+01
1.139653396606445312e+01
1.041754055023193359e+01
1.219552898406982422e+01
1.356411838531494141e+01
1.164451313018798828e+01
1.036920261383056641e+01
1.297462081909179688e+01
1.061646842956542969e+01
3.702093839645385742e+00
1.432105350494384766e+01
1.177728843688964844e+01
8.930274963378906250e+00
3.622315406799316406e+00
1.030464649200439453e+01
9.777265548706054688e+00
4.132909297943115234e+00
4.435257434844970703e+00
1.018543338775634766e+01
1.052223682403564453e+01
9.693483352661132812e+00
1.125852489471435547e+01
7.916457653045654297e+00
6.295997619628906250e+00
3.221658706665039062e+00
6.156453132629394531e+00
9.074024200439453125e+00
3.563737154006958008e+00
1.203630065917968750e+01
1.045895481109619141e+01
1.075555896759033203e+01
8.382549285888671875e+00
1.125184917449951172e+01
1.007756805419921875e+01
1.131963157653808594e+01
4.051586151123046875e+00
1.012497329711914062e+01
1.093264961242675781e+01
9.454588890075683594e+00
9.752864837646484375e+00
1.375950717926025391e+01
1.316047954559326172e+01
8.863883018493652344e+00
8.607595443725585938e+00
8.971551895141601562e+00
4.260375976562500000e+00
1.008580780029296875e+01
1.096856021881103516e+01
5.328561782836914062e+00
1.171683883666992188e+01
1.131518173217773438e+01
8.347865104675292969e+00
1.115628528594970703e+01
1.383347320556640625e+01
9.106369018554687500e+00
7.718432426452636719e+00
8.415375709533691406e+00
1.355982971191406250e+01
7.916982173919677734e+00
4.753173828125000000e+00
1.273819732666015625e+01
1.013161277770996094e+01
1.093521785736083984e+01
1.237752437591552734e+01
8.344408988952636719e+00
7.843823432922363281e+00
9.650300979614257812e+00
1.277035903930664062e+01
7.773063659667968750e+00
7.708391666412353516e+00
1.327899932861328125e+01
1.131414508819580078e+01
1.238066482543945312e+01
4.777423381805419922e+00
1.185688591003417969e+01
1.301294040679931641e+01
1.263177776336669922e+01
1.302205944061279297e+01
3.824862480163574219e+00
9.460481643676757812e+00
1.260092639923095703e+01
9.208951950073242188e+00
9.558104515075683594e+00
1.103892612457275391e+01
1.265356922149658203e+01
7.518693447113037109e+00
1.070233345031738281e+01
1.474981307983398438e+01
9.580471038818359375e+00
9.889941215515136719e+00
9.262807846069335938e+00
7.800724983215332031e+00
7.951935291290283203e+00
8.337454795837402344e+00
8.830145835876464844e+00
1.190801620483398438e+01
1.193269348144531250e+01
9.485903739929199219e+00
8.833880424499511719e+00
1.302630138397216797e+01
4.285913944244384766e+00
3.827137708663940430e+00
1.077999210357666016e+01
8.003501892089843750e+00
1.221038246154785156e+01
7.036693096160888672e+00
8.213555335998535156e+00
1.005002212524414062e+01
1.111230564117431641e+01
4.067836761474609375e+00
9.446924209594726562e+00
1.023387622833251953e+01
1.121904563903808594e+01
1.166497516632080078e+01
8.451019287109375000e+00
1.149508285522460938e+01
8.577535629272460938e+00
7.518333435058593750e+00
3.753283500671386719e+00
1.046905136108398438e+01
1.466649246215820312e+01
1.215673446655273438e+01
4.301708698272705078e+00
5.246982574462890625e+00
8.711239814758300781e+00
6.324219703674316406e+00
1.137409019470214844e+01
1.196911239624023438e+01
1.052217674255371094e+01
1.304450321197509766e+01
1.090542697906494141e+01
1.074971199035644531e+01
1.052483558654785156e+01
1.090537643432617188e+01
1.048298358917236328e+01
1.240238857269287109e+01
1.133395004272460938e+01
1.200630569458007812e+01
9.206022262573242188e+00
1.328425216674804688e+01
9.272130966186523438e+00
8.186142921447753906e+00
1.003176307678222656e+01
8.376393318176269531e+00
4.041872501373291016e+00
1.150678539276123047e+01
7.968955516815185547e+00
1.453396987915039062e+01
1.116386508941650391e+01
8.735829353332519531e+00
8.887406349182128906e+00
9.505127906799316406e+00
9.806488037109375000e+00
1.009784984588623047e+01
6.941119194030761719e+00
8.968938827514648438e+00
8.237214088439941406e+00
1.549322605133056641e+01
1.079922294616699219e+01
1.217974853515625000e+01
1.181558609008789062e+01
9.629610061645507812e+00
1.473434066772460938e+01
1.105173778533935547e+01
1.117083644866943359e+01
8.213315010070800781e+00
3.896776437759399414e+00
1.200060558319091797e+01
1.388073635101318359e+01
1.206721687316894531e+01
1.011969280242919922e+01
4.536337852478027344e+00
9.098147392272949219e+00
6.696624755859375000e+00
1.422177028656005859e+01
1.163008499145507812e+01
1.010770130157470703e+01
1.390765380859375000e+01
9.127097129821777344e+00
1.322924041748046875e+01
3.967123270034790039e+00
7.265603065490722656e+00
1.063135147094726562e+01
1.294151973724365234e+01
8.721042633056640625e+00
1.169534397125244141e+01
7.857093334197998047e+00
1.052054500579833984e+01
1.082319450378417969e+01
8.372897148132324219e+00
9.550575256347656250e+00
7.293180942535400391e+00
1.119814872741699219e+01
9.558734893798828125e+00
4.013970375061035156e+00
6.357350349426269531e+00
1.346353912353515625e+01
8.671045303344726562e+00
1.462418270111083984e+01
1.115392589569091797e+01
1.439154338836669922e+01
6.994729042053222656e+00
4.532593727111816406e+00
9.629343986511230469e+00
1.150791358947753906e+01
1.463710784912109375e+01
1.208785724639892578e+01
1.395682716369628906e+01
9.813708305358886719e+00
1.328272056579589844e+01
9.630970001220703125e+00
1.002432060241699219e+01
7.336117744445800781e+00
6.964498519897460938e+00
3.613677978515625000e+00
4.210355281829833984e+00
