1.139674282073974609e+01
3.646046638488769531e+00
1.037026500701904297e+01
1.165781784057617188e+01
9.406927108764648438e+00
3.941518068313598633e+00
1.166857528686523438e+01
1.307652378082275391e+01
1.323741722106933594e+01
1.058981800079345703e+01
1.374955844879150391e+01
1.160705852508544922e+01
3.969363689422607422e+00
1.319333934783935547e+01
3.634911298751831055e+00
1.280342674255371094e+01
4.353654861450195312e+00
9.545993804931640625e+00
1.196139621734619141e+01
8.263545036315917969e+00
9.792385101318359375e+00
3.604346036911010742e+00
1.108823871612548828e+01
1.051829433441162109e+01
8.912886619567871094e+00
9.378467559814453125e+00
1.264563751220703125e+01
1.304037094116210938e+01
1.296024799346923828e+01
1.314662647247314453e+01
4.449610233306884766e+00
1.216598510742187500e+01
1.249121856689453125e+01
9.149331092834472656e+00
3.549052476882934570e+00
1.137801074981689453e+01
1.215535736083984375e+01
4.770349025726318359e+00
1.031139850616455078e+01
1.270656013488769531e+01
1.244405364990234375e+01
1.094025421142578125e+01
7.517396450042724609e+00
1.121032142639160156e+01
1.289890956878662109e+01
1.238709068298339844e+01
1.065499973297119141e+01
1.062545108795166016e+01
8.920968055725097656e+00
9.204121589660644531e+00
1.130399990081787109e+01
1.357161426544189453e+01
1.109932231903076172e+01
9.879781723022460938e+00
7.219202041625976562e+00
1.016461277008056641e+01
1.238148498535156250e+01
1.299483585357666016e+01
9.045343399047851562e+00
7.739551067352294922e+00
1.285528278350830078e+01
9.770619392395019531e+00
8.260704040527343750e+00
1.313404083251953125e+01
1.186450195312500000e+01
4.364781379699707031e+00
9.639834403991699219e+00
1.159705638885498047e+01
1.115646266937255859e+01
1.243681812286376953e+01
1.277346992492675781e+01
1.211541843414306641e+01
9.964059829711914062e+00
1.020790195465087891e+01
9.015940666198730469e+00
1.117803573608398438e+01
9.007999420166015625e+00
1.524633693695068359e+01
8.091864585876464844e+00
3.646240711212158203e+00
1.014639472961425781e+01
1.236852836608886719e+01
1.148782730102539062e+01
1.033994388580322266e+01
9.286386489868164062e+00
1.059757328033447266e+01
9.024973869323730469e+00
1.286851882934570312e+01
1.107788658142089844e+01
3.244528293609619141e+00
1.186739826202392578e+01
1.117097377777099609e+01
8.977046012878417969e+00
4.464040756225585938e+00
1.309004402160644531e+01
1.366493320465087891e+01
4.119230270385742188e+00
1.235737991333007812e+01
3.317332029342651367e+00
8.616060256958007812e+00
1.271552276611328125e+01
1.254140758514404297e+01
1.177667808532714844e+01
4.623786926269531250e+00
1.283160591125488281e+01
1.205412960052490234e+01
8.254670143127441406e+00
1.122562885284423828e+01
1.100517940521240234e+01
1.029382991790771484e+01
8.964530944824218750e+00
8.392512321472167969e+00
3.360672235488891602e+00
1.547671413421630859e+01
3.697854042053222656e+00
1.021157169342041016e+01
1.070910263061523438e+01
1.060252094268798828e+01
1.003623104095458984e+01
3.940175771713256836e+00
3.142397880554199219e+00
3.383675098419189453e+00
8.615088462829589844e+00
1.150171375274658203e+01
1.183054256439208984e+01
1.222121334075927734e+01
9.676073074340820312e+00
9.032454490661621094e+00
1.144820022583007812e+01
8.642564773559570312e+00
9.475334167480468750e+00
1.261433982849121094e+01
6.815528869628906250e+00
1.333221054077148438e+01
1.091464138031005859e+01
9.945398330688476562e+00
1.100992679595947266e+01
3.744151353836059570e+00
1.027213001251220703e+01
1.366558074951171875e+01
9.807726860046386719e+00
1.336520290374755859e+01
1.325459671020507812e+01
8.543087959289550781e+00
3.557854890823364258e+00
1.381905746459960938e+01
8.691360473632812500e+00
1.183262252807617188e+01
8.550479888916015625e+00
7.757302761077880859e+00
1.212672328948974609e+01
4.571028709411621094e+00
8.655075073242187500e+00
1.042050743103027344e+01
1.303312301635742188e+01
1.137930583953857422e+01
1.073508930206298828e+01
9.470509529113769531e+00
3.775287389755249023e+00
9.521443367004394531e+00
7.402708530426025391e+00
4.979922771453857422e+00
1.018184947967529297e+01
1.234850406646728516e+01
7.191357135772705078e+00
1.361479377746582031e+01
4.067193984985351562e+00
1.152414417266845703e+01
7.685001850128173828e+00
9.443003654479980469e+00
3.908771276473999023e+00
1.500747013092041016e+01
8.396902084350585938e+00
9.012044906616210938e+00
1.374529075622558594e+01
1.099587440490722656e+01
1.378911876678466797e+01
8.267533302307128906e+00
1.322111129760742188e+01
1.173553752899169922e+01
1.102579975128173828e+01
8.881167411804199219e+00
3.797552824020385742e+00
1.069179344177246094e+01
8.753176689147949219e+00
1.306597518920898438e+01
1.051087570190429688e+01
9.307531356811523438e+00
1.145572471618652344e+01
1.039195537567138672e+01
1.146171665191650391e+01
1.117301082611083984e+01
1.273471832275390625e+01
1.145895290374755859e+01
1.015355014801025391e+01
5.469743251800537109e+00
1.359758090972900391e+01
1.484156417846679688e+01
8.326652526855468750e+00
1.015907669067382812e+01
4.346223354339599609e+00
1.035118865966796875e+01
1.151834106445312500e+01
1.210506439208984375e+01
1.345288562774658203e+01
1.254090499877929688e+01
1.074152755737304688e+01
9.346354484558105469e+00
1.149932003021240234e+01
1.160229110717773438e+01
1.047789478302001953e+01
1.076199913024902344e+01
1.582940673828125000e+01
6.603442192077636719e+00
7.649507522583007812e+00
1.236314296722412109e+01
3.925739049911499023e+00
9.503388404846191406e+00
1.270764255523681641e+01
1.146840763092041016e+01
1.111924743652343750e+01
4.698268413543701172e+00
1.110402107238769531e+01
1.328654003143310547e+01
1.243932437896728516e+01
1.233849334716796875e+01
1.330195236206054688e+01
1.258764839172363281e+01
1.215091323852539062e+01
1.035420036315917969e+01
4.107071399688720703e+00
1.273554039001464844e+01
1.096362590789794922e+01
7.701860904693603516e+00
1.102168941497802734e+01
1.229643344879150391e+01
6.839314460754394531e+00
9.818676948547363281e+00
1.403467082977294922e+01
1.128348350524902344e+01
4.758102416992187500e+00
7.562675476074218750e+00
1.258186149597167969e+01
3.583961963653564453e+00
1.305873584747314453e+01
9.316352844238281250e+00
7.975615024566650391e+00
7.152153968811035156e+00
1.099113750457763672e+01
8.819505691528320312e+00
