7.996816158294677734e+00
9.828455924987792969e+00
3.966022491455078125e+00
1.255636787414550781e+01
1.085818576812744141e+01
1.349556255340576172e+01
8.420724868774414062e+00
1.041093635559082031e+01
1.112926864624023438e+01
7.419806957244873047e+00
1.472443580627441406e+01
1.218253040313720703e+01
1.391642475128173828e+01
1.339989185333251953e+01
1.218462562561035156e+01
1.257787895202636719e+01
1.310923767089843750e+01
1.245789813995361328e+01
9.314401626586914062e+00
1.347721672058105469e+01
9.274761199951171875e+00
1.328518867492675781e+01
1.231019115447998047e+01
1.283158683776855469e+01
1.044310379028320312e+01
1.170012569427490234e+01
1.437215042114257812e+01
6.628680706024169922e+00
1.197553634643554688e+01
1.253560829162597656e+01
8.099843025207519531e+00
9.582869529724121094e+00
1.132643604278564453e+01
9.521936416625976562e+00
7.987641334533691406e+00
9.905609130859375000e+00
8.128566741943359375e+00
8.392878532409667969e+00
1.190596008300781250e+01
1.209087753295898438e+01
1.365250968933105469e+01
9.830058097839355469e+00
7.297182559967041016e+00
6.749601840972900391e+00
1.314949703216552734e+01
1.343327999114990234e+01
1.086536121368408203e+01
9.138662338256835938e+00
1.164069271087646484e+01
1.169870853424072266e+01
7.691458702087402344e+00
1.391199970245361328e+01
1.354854488372802734e+01
9.617586135864257812e+00
1.034808254241943359e+01
9.538857460021972656e+00
1.159584522247314453e+01
8.305290222167968750e+00
9.269818305969238281e+00
1.042666244506835938e+01
1.276820564270019531e+01
1.225974845886230469e+01
9.239022254943847656e+00
1.156812286376953125e+01
1.039485836029052734e+01
1.174963760375976562e+01
9.384872436523437500e+00
1.310499286651611328e+01
9.073516845703125000e+00
1.399548912048339844e+01
9.686912536621093750e+00
4.544344902038574219e+00
9.234190940856933594e+00
8.587206840515136719e+00
1.279503250122070312e+01
1.015609073638916016e+01
7.450283050537109375e+00
9.059190750122070312e+00
1.203454494476318359e+01
1.033098983764648438e+01
1.260146903991699219e+01
5.485476970672607422e+00
9.305706024169921875e+00
1.036774635314941406e+01
1.138761138916015625e+01
8.113015174865722656e+00
1.000551414489746094e+01
8.859058380126953125e+00
1.069604110717773438e+01
1.257866859436035156e+01
1.133832359313964844e+01
1.255575370788574219e+01
9.272011756896972656e+00
9.463232040405273438e+00
1.171249294281005859e+01
1.109547328948974609e+01
1.265415668487548828e+01
8.215112686157226562e+00
9.933791160583496094e+00
9.232039451599121094e+00
7.867835998535156250e+00
1.245178604125976562e+01
1.257361030578613281e+01
7.665955543518066406e+00
3.248318433761596680e+00
8.016772270202636719e+00
1.252514076232910156e+01
1.226659584045410156e+01
8.743019104003906250e+00
9.576333045959472656e+00
1.115449619293212891e+01
1.393917846679687500e+01
1.012615585327148438e+01
1.323607635498046875e+01
1.390503215789794922e+01
6.566322326660156250e+00
1.078953552246093750e+01
1.178943347930908203e+01
1.010814857482910156e+01
5.528137683868408203e+00
1.079814243316650391e+01
1.092710018157958984e+01
1.134084892272949219e+01
1.100815010070800781e+01
1.188812923431396484e+01
9.395017623901367188e+00
1.412038326263427734e+01
1.091357612609863281e+01
1.090051841735839844e+01
9.540514945983886719e+00
1.372794818878173828e+01
7.708814620971679688e+00
1.367569541931152344e+01
8.356696128845214844e+00
1.174107837677001953e+01
1.268809127807617188e+01
1.040295124053955078e+01
1.085418510437011719e+01
1.126964950561523438e+01
9.488915443420410156e+00
1.110161876678466797e+01
1.218390941619873047e+01
1.035662841796875000e+01
9.987559318542480469e+00
4.962190151214599609e+00
1.320541572570800781e+01
8.267685890197753906e+00
1.328299617767333984e+01
9.617074012756347656e+00
8.955513000488281250e+00
1.107190132141113281e+01
1.156369686126708984e+01
1.546046161651611328e+01
9.084594726562500000e+00
1.183754444122314453e+01
7.139862060546875000e+00
1.230253410339355469e+01
1.112735271453857422e+01
1.102034187316894531e+01
1.119311904907226562e+01
9.654767990112304688e+00
1.138919353485107422e+01
9.050589561462402344e+00
9.550014495849609375e+00
1.172569370269775391e+01
8.763339996337890625e+00
1.182532882690429688e+01
8.459259033203125000e+00
9.376010894775390625e+00
9.984452247619628906e+00
1.435176658630371094e+01
8.402976989746093750e+00
7.810043811798095703e+00
1.223735046386718750e+01
1.180630302429199219e+01
5.526090145111083984e+00
7.840160369873046875e+00
1.165180969238281250e+01
1.057636547088623047e+01
1.024035358428955078e+01
1.092629909515380859e+01
1.018046092987060547e+01
1.409740447998046875e+01
9.204141616821289062e+00
1.001254749298095703e+01
9.877826690673828125e+00
9.452295303344726562e+00
1.118705558776855469e+01
1.036903667449951172e+01
1.086734199523925781e+01
1.278899002075195312e+01
8.106340408325195312e+00
1.056467914581298828e+01
9.531435966491699219e+00
1.307103919982910156e+01
5.088255882263183594e+00
9.239305496215820312e+00
1.280419540405273438e+01
1.561276245117187500e+01
1.328068923950195312e+01
5.389605045318603516e+00
7.684345722198486328e+00
4.243224620819091797e+00
1.129291629791259766e+01
1.098249053955078125e+01
9.205554962158203125e+00
7.726688385009765625e+00
9.830358505249023438e+00
4.081597805023193359e+00
8.661590576171875000e+00
1.097292804718017578e+01
1.265568542480468750e+01
9.772014617919921875e+00
4.339431285858154297e+00
9.480607986450195312e+00
8.406606674194335938e+00
1.212515068054199219e+01
9.865130424499511719e+00
1.073489379882812500e+01
1.320651340484619141e+01
1.179636192321777344e+01
9.122756004333496094e+00
5.691913127899169922e+00
9.489119529724121094e+00
9.501642227172851562e+00
9.976683616638183594e+00
9.729253768920898438e+00
1.240127277374267578e+01
1.248443222045898438e+01
1.180579757690429688e+01
1.379317092895507812e+01
9.392763137817382812e+00
9.401435852050781250e+00
4.377812385559082031e+00
1.294545650482177734e+01
9.999267578125000000e+00
9.177955627441406250e+00
9.081662178039550781e+00
1.022495460510253906e+01
1.241650676727294922e+01
1.071942329406738281e+01
7.248217582702636719e+00
1.157380294799804688e+01
8.586547851562500000e+00
1.101834964752197266e+01
1.272142124176025391e+01
4.223549842834472656e+00
6.890926837921142578e+00
8.936786651611328125e+00
8.302715301513671875e+00
