9.844292640686035156e+00
9.025233268737792969e+00
9.623862266540527344e+00
7.697446823120117188e+00
9.036812782287597656e+00
8.874089241027832031e+00
1.398305416107177734e+01
8.580238342285156250e+00
3.809222221374511719e+00
1.416597175598144531e+01
9.619041442871093750e+00
9.206624031066894531e+00
1.070734691619873047e+01
9.879816055297851562e+00
1.147646331787109375e+01
9.252820968627929688e+00
1.299234580993652344e+01
9.434459686279296875e+00
8.802910804748535156e+00
9.130583763122558594e+00
1.156387805938720703e+01
1.362936782836914062e+01
8.403682708740234375e+00
1.167746257781982422e+01
7.904567241668701172e+00
1.097825241088867188e+01
1.294076633453369141e+01
9.133379936218261719e+00
1.005478954315185547e+01
1.416736602783203125e+01
8.024361610412597656e+00
8.282077789306640625e+00
9.824518203735351562e+00
1.533518695831298828e+01
1.200239944458007812e+01
4.219068527221679688e+00
1.023945808410644531e+01
3.774741411209106445e+00
1.124388408660888672e+01
9.583507537841796875e+00
1.099787712097167969e+01
1.295531463623046875e+01
4.807254314422607422e+00
9.212181091308593750e+00
1.113304519653320312e+01
7.964376926422119141e+00
1.307443714141845703e+01
8.465179443359375000e+00
1.249600791931152344e+01
8.973100662231445312e+00
1.254240798950195312e+01
9.599753379821777344e+00
1.056430435180664062e+01
9.303052902221679688e+00
1.416146945953369141e+01
1.419819927215576172e+01
1.097023296356201172e+01
1.492803573608398438e+01
1.251105880737304688e+01
9.544075965881347656e+00
1.458310699462890625e+01
1.176231861114501953e+01
1.180187416076660156e+01
7.315377235412597656e+00
1.651342010498046875e+01
8.738306999206542969e+00
1.325506019592285156e+01
1.452077579498291016e+01
3.834083080291748047e+00
6.940187931060791016e+00
9.342036247253417969e+00
8.076413154602050781e+00
1.003868579864501953e+01
1.307418918609619141e+01
1.127401828765869141e+01
1.019172191619873047e+01
3.781994819641113281e+00
1.344140911102294922e+01
9.573187828063964844e+00
9.464213371276855469e+00
1.065170288085937500e+01
1.080910682678222656e+01
1.284264564514160156e+01
9.557573318481445312e+00
1.072935390472412109e+01
8.425545692443847656e+00
8.522499084472656250e+00
4.624632358551025391e+00
1.287006092071533203e+01
1.203267574310302734e+01
1.170501518249511719e+01
1.319830799102783203e+01
1.117883396148681641e+01
9.848694801330566406e+00
1.478299903869628906e+01
1.087545108795166016e+01
8.796919822692871094e+00
1.072387790679931641e+01
1.034811305999755859e+01
6.606463909149169922e+00
1.030932235717773438e+01
1.329929351806640625e+01
9.615155220031738281e+00
1.326422977447509766e+01
8.903680801391601562e+00
1.118201637268066406e+01
1.321544933319091797e+01
1.352666759490966797e+01
1.175079631805419922e+01
1.472646808624267578e+01
1.053579711914062500e+01
1.052208614349365234e+01
8.853101730346679688e+00
6.633861541748046875e+00
1.334742546081542969e+01
1.185092353820800781e+01
8.284031867980957031e+00
1.600159454345703125e+01
4.475174903869628906e+00
1.369318389892578125e+01
1.062992191314697266e+01
1.133358764648437500e+01
9.802469253540039062e+00
4.177182674407958984e+00
9.966078758239746094e+00
8.158612251281738281e+00
9.880536079406738281e+00
1.202460861206054688e+01
1.319830036163330078e+01
1.232590389251708984e+01
1.162673568725585938e+01
4.122910022735595703e+00
1.093147754669189453e+01
1.053997421264648438e+01
5.303051471710205078e+00
1.364061737060546875e+01
1.014377880096435547e+01
1.383176136016845703e+01
1.251143932342529297e+01
1.332331848144531250e+01
1.258809852600097656e+01
8.600410461425781250e+00
9.223113059997558594e+00
1.110053062438964844e+01
1.185856914520263672e+01
6.093396186828613281e+00
1.165542411804199219e+01
1.174376964569091797e+01
1.112121200561523438e+01
1.440458965301513672e+01
1.035286998748779297e+01
1.002680301666259766e+01
1.078311347961425781e+01
1.335308551788330078e+01
4.722480297088623047e+00
1.039168739318847656e+01
1.322551822662353516e+01
1.566540145874023438e+01
1.106520748138427734e+01
1.073737239837646484e+01
1.180278491973876953e+01
1.243303489685058594e+01
9.659468650817871094e+00
1.188244056701660156e+01
1.192486763000488281e+01
1.075335884094238281e+01
1.061617851257324219e+01
4.131375789642333984e+00
1.009460449218750000e+01
8.623390197753906250e+00
1.108127307891845703e+01
9.714443206787109375e+00
1.184815883636474609e+01
9.416767120361328125e+00
8.440903663635253906e+00
1.027044677734375000e+01
1.048936748504638672e+01
1.000627326965332031e+01
1.066880035400390625e+01
1.397607898712158203e+01
1.022753143310546875e+01
1.248640346527099609e+01
1.226371192932128906e+01
1.340619564056396484e+01
1.196813201904296875e+01
1.188697338104248047e+01
3.790378332138061523e+00
1.125823879241943359e+01
1.490605831146240234e+01
1.205887889862060547e+01
1.233918190002441406e+01
1.249649333953857422e+01
1.397585487365722656e+01
1.198237037658691406e+01
3.958648204803466797e+00
9.466936111450195312e+00
1.650682449340820312e+01
1.064123725891113281e+01
6.663297653198242188e+00
1.114516162872314453e+01
1.435093975067138672e+01
1.305221652984619141e+01
1.312540245056152344e+01
8.347047805786132812e+00
1.193898582458496094e+01
3.992526769638061523e+00
8.471016883850097656e+00
1.378562259674072266e+01
1.164574432373046875e+01
8.583596229553222656e+00
3.832381963729858398e+00
1.069100093841552734e+01
1.255157661437988281e+01
1.093820667266845703e+01
1.144250869750976562e+01
1.262295627593994141e+01
1.038388156890869141e+01
1.146444797515869141e+01
1.313350582122802734e+01
9.910069465637207031e+00
1.032923889160156250e+01
1.227589035034179688e+01
1.233580398559570312e+01
1.051626682281494141e+01
1.002206230163574219e+01
1.264827251434326172e+01
1.215299415588378906e+01
1.076767921447753906e+01
1.033566284179687500e+01
1.233133029937744141e+01
1.123062515258789062e+01
1.314401245117187500e+01
4.505812644958496094e+00
1.091760826110839844e+01
1.308862400054931641e+01
9.739489555358886719e+00
1.189095973968505859e+01
9.955870628356933594e+00
1.058290576934814453e+01
8.595720291137695312e+00
7.972632884979248047e+00
8.334779739379882812e+00
1.286766910552978516e+01
1.017905426025390625e+01
1.102088928222656250e+01
5.718115329742431641e+00
3.574440479278564453e+00
1.152509689331054688e+01
1.266550922393798828e+01
1.172366714477539062e+01
