1.218578243255615234e+01
7.336562156677246094e+00
1.240794658660888672e+01
7.175030708312988281e+00
7.553478717803955078e+00
9.386967658996582031e+00
1.204919624328613281e+01
9.502470970153808594e+00
1.021292114257812500e+01
9.012781143188476562e+00
1.178046321868896484e+01
9.812278747558593750e+00
9.132763862609863281e+00
1.095275592803955078e+01
1.016937446594238281e+01
9.615807533264160156e+00
1.556076622009277344e+01
1.003878402709960938e+01
6.010069847106933594e+00
4.352870464324951172e+00
4.299949169158935547e+00
8.793721199035644531e+00
9.289543151855468750e+00
1.032798576354980469e+01
8.139494895935058594e+00
1.160901927947998047e+01
1.140722084045410156e+01
1.020977401733398438e+01
1.118032836914062500e+01
3.620022058486938477e+00
9.630771636962890625e+00
8.757410049438476562e+00
9.383356094360351562e+00
8.679908752441406250e+00
8.110611915588378906e+00
9.274293899536132812e+00
1.194446277618408203e+01
1.072547531127929688e+01
1.115452957153320312e+01
1.057399463653564453e+01
3.592242479324340820e+00
9.443368911743164062e+00
1.220842456817626953e+01
1.203696727752685547e+01
7.020414352416992188e+00
8.906147956848144531e+00
5.084488868713378906e+00
9.985635757446289062e+00
1.275653839111328125e+01
7.477977752685546875e+00
7.875588417053222656e+00
9.745836257934570312e+00
4.731193542480468750e+00
9.399803161621093750e+00
8.516332626342773438e+00
1.229483222961425781e+01
9.703200340270996094e+00
1.022784423828125000e+01
1.111816692352294922e+01
8.219162940979003906e+00
1.010274982452392578e+01
1.000654315948486328e+01
1.132818126678466797e+01
9.652018547058105469e+00
1.206990718841552734e+01
1.144441890716552734e+01
1.074435710906982422e+01
9.471441268920898438e+00
1.116530036926269531e+01
4.256280422210693359e+00
9.217651367187500000e+00
1.061729621887207031e+01
8.704946517944335938e+00
3.707730770111083984e+00
1.251413249969482422e+01
1.161460590362548828e+01
4.888992786407470703e+00
9.346762657165527344e+00
1.261593151092529297e+01
1.290170097351074219e+01
1.320807647705078125e+01
3.602553844451904297e+00
1.241825485229492188e+01
9.491051673889160156e+00
9.662923812866210938e+00
1.071042633056640625e+01
9.466120719909667969e+00
8.377212524414062500e+00
9.251439094543457031e+00
9.416819572448730469e+00
1.036670780181884766e+01
1.303089714050292969e+01
1.195209884643554688e+01
1.040639781951904297e+01
1.134122371673583984e+01
8.184323310852050781e+00
1.287508964538574219e+01
1.147874927520751953e+01
4.444879531860351562e+00
9.242813110351562500e+00
1.126016139984130859e+01
1.234865188598632812e+01
1.097715950012207031e+01
1.238910579681396484e+01
7.810098648071289062e+00
9.073373794555664062e+00
1.406492805480957031e+01
7.712942600250244141e+00
1.341461181640625000e+01
1.060794639587402344e+01
4.459849834442138672e+00
3.673151254653930664e+00
8.316192626953125000e+00
1.258574008941650391e+01
4.176483631134033203e+00
1.003738975524902344e+01
1.206192302703857422e+01
9.323472023010253906e+00
1.088168525695800781e+01
1.285562229156494141e+01
1.244240093231201172e+01
9.221531867980957031e+00
8.058784484863281250e+00
1.023107147216796875e+01
1.104969978332519531e+01
1.132432746887207031e+01
1.199297046661376953e+01
9.497502326965332031e+00
3.598581552505493164e+00
3.912357807159423828e+00
4.199602603912353516e+00
1.148957061767578125e+01
9.209934234619140625e+00
1.007803153991699219e+01
4.954411029815673828e+00
9.025160789489746094e+00
1.078793907165527344e+01
1.089835739135742188e+01
1.187369918823242188e+01
1.058182048797607422e+01
7.457202911376953125e+00
9.117470741271972656e+00
1.061460781097412109e+01
1.118522167205810547e+01
1.102971363067626953e+01
1.327282524108886719e+01
4.869672298431396484e+00
5.493926048278808594e+00
1.256381511688232422e+01
1.252963447570800781e+01
1.082230186462402344e+01
1.046479320526123047e+01
1.039307117462158203e+01
8.784839630126953125e+00
1.072261333465576172e+01
1.323913383483886719e+01
9.536423683166503906e+00
1.099823856353759766e+01
3.552092790603637695e+00
5.151998043060302734e+00
1.045337200164794922e+01
9.848420143127441406e+00
8.524958610534667969e+00
8.432871818542480469e+00
1.124269104003906250e+01
1.179938316345214844e+01
7.724889278411865234e+00
1.151928043365478516e+01
3.399020433425903320e+00
8.905394554138183594e+00
1.188640308380126953e+01
4.540065765380859375e+00
1.094478511810302734e+01
7.833107471466064453e+00
5.525060176849365234e+00
8.769826889038085938e+00
1.004891681671142578e+01
9.048061370849609375e+00
1.193386173248291016e+01
1.116503334045410156e+01
1.140592193603515625e+01
9.866938591003417969e+00
1.059158420562744141e+01
9.516039848327636719e+00
8.830954551696777344e+00
1.153614807128906250e+01
1.359009552001953125e+01
1.075109386444091797e+01
1.242311668395996094e+01
1.048057079315185547e+01
1.082635593414306641e+01
9.898741722106933594e+00
1.541915512084960938e+01
7.904707431793212891e+00
6.637147903442382812e+00
9.937861442565917969e+00
8.085369110107421875e+00
1.018677711486816406e+01
1.293904685974121094e+01
1.082776069641113281e+01
9.744787216186523438e+00
1.047343730926513672e+01
7.683245182037353516e+00
1.075540161132812500e+01
3.818923234939575195e+00
9.384690284729003906e+00
1.024244976043701172e+01
1.006188583374023438e+01
1.094780063629150391e+01
1.218229579925537109e+01
1.292302227020263672e+01
8.891478538513183594e+00
1.035803222656250000e+01
1.188383102416992188e+01
1.026225280761718750e+01
1.007745742797851562e+01
1.163758468627929688e+01
1.200770473480224609e+01
9.048934936523437500e+00
1.202639675140380859e+01
1.065238952636718750e+01
3.073028802871704102e+00
1.219718742370605469e+01
2.978874921798706055e+00
3.782173395156860352e+00
1.299496364593505859e+01
1.219025611877441406e+01
9.261028289794921875e+00
8.406002998352050781e+00
1.083700180053710938e+01
1.128600311279296875e+01
1.247133350372314453e+01
4.198943614959716797e+00
3.543883323669433594e+00
1.125954151153564453e+01
1.098358535766601562e+01
1.004229068756103516e+01
4.033096313476562500e+00
1.107638168334960938e+01
1.182510280609130859e+01
1.144712257385253906e+01
1.010307216644287109e+01
9.207569122314453125e+00
1.116635799407958984e+01
1.018152523040771484e+01
1.312909889221191406e+01
1.068232536315917969e+01
7.958056449890136719e+00
1.128682231903076172e+01
3.316933155059814453e+00
