1.009742927551269531e+01
1.075413227081298828e+01
1.151391601562500000e+01
9.127194404602050781e+00
1.083092975616455078e+01
1.274892711639404297e+01
1.124842834472656250e+01
1.027350425720214844e+01
1.084123897552490234e+01
1.315154361724853516e+01
8.198585510253906250e+00
8.831293106079101562e+00
9.440328598022460938e+00
9.010863304138183594e+00
9.349457740783691406e+00
1.066461372375488281e+01
1.074728775024414062e+01
1.025920391082763672e+01
9.304202079772949219e+00
1.095674514770507812e+01
1.300005149841308594e+01
1.137995719909667969e+01
1.006663227081298828e+01
1.005205059051513672e+01
1.211804866790771484e+01
9.394074440002441406e+00
1.227136421203613281e+01
9.208324432373046875e+00
1.265164661407470703e+01
1.204244899749755859e+01
9.358768463134765625e+00
1.391490077972412109e+01
1.083888053894042969e+01
1.110724735260009766e+01
1.125795459747314453e+01
9.991452217102050781e+00
1.283030319213867188e+01
4.646183490753173828e+00
1.183245849609375000e+01
1.158679962158203125e+01
9.152306556701660156e+00
4.410710334777832031e+00
1.058833694458007812e+01
1.351012611389160156e+01
8.830223083496093750e+00
1.192529678344726562e+01
3.104574918746948242e+00
1.184746646881103516e+01
7.901714324951171875e+00
8.519405364990234375e+00
1.213793659210205078e+01
6.685661792755126953e+00
9.052554130554199219e+00
1.093665027618408203e+01
1.168034648895263672e+01
9.089827537536621094e+00
4.859543323516845703e+00
1.238249301910400391e+01
1.239799118041992188e+01
3.829106092453002930e+00
1.055502510070800781e+01
1.259294986724853516e+01
1.133241081237792969e+01
1.105185413360595703e+01
8.211761474609375000e+00
8.348760604858398438e+00
1.428576564788818359e+01
1.093147659301757812e+01
1.183218860626220703e+01
9.623983383178710938e+00
7.058910846710205078e+00
8.496500968933105469e+00
3.971625804901123047e+00
1.037170028686523438e+01
8.507834434509277344e+00
1.088423442840576172e+01
1.142127227783203125e+01
9.449047088623046875e+00
9.120084762573242188e+00
3.320519685745239258e+00
1.001708984375000000e+01
7.984795570373535156e+00
1.028650951385498047e+01
7.284809112548828125e+00
1.326944828033447266e+01
1.224133396148681641e+01
1.115839481353759766e+01
1.074887561798095703e+01
3.312850713729858398e+00
9.422043800354003906e+00
9.789454460144042969e+00
1.089544105529785156e+01
7.368713855743408203e+00
1.049518394470214844e+01
8.830822944641113281e+00
1.167981529235839844e+01
1.226222133636474609e+01
1.061610317230224609e+01
4.936773777008056641e+00
9.550796508789062500e+00
9.939563751220703125e+00
9.978219032287597656e+00
1.588586997985839844e+01
8.779417991638183594e+00
1.233595848083496094e+01
8.581994056701660156e+00
7.778166294097900391e+00
1.321057224273681641e+01
1.200711822509765625e+01
1.124516868591308594e+01
1.111607170104980469e+01
9.580025672912597656e+00
1.198980998992919922e+01
8.589252471923828125e+00
8.132595062255859375e+00
1.221248245239257812e+01
1.496817398071289062e+01
1.163309383392333984e+01
8.052347183227539062e+00
1.351179409027099609e+01
1.146568870544433594e+01
1.033060646057128906e+01
1.392965412139892578e+01
1.098419284820556641e+01
1.117821788787841797e+01
9.603952407836914062e+00
1.028371047973632812e+01
4.211618900299072266e+00
1.096700286865234375e+01
1.104667949676513672e+01
1.075973320007324219e+01
1.270892143249511719e+01
8.677041053771972656e+00
9.627293586730957031e+00
1.134356784820556641e+01
1.193749904632568359e+01
1.183118724822998047e+01
7.263067245483398438e+00
1.455108451843261719e+01
1.227115249633789062e+01
1.028423213958740234e+01
3.661745548248291016e+00
1.063494396209716797e+01
1.051401233673095703e+01
1.241760158538818359e+01
6.882472515106201172e+00
1.423313808441162109e+01
1.033680248260498047e+01
1.147727489471435547e+01
1.093124961853027344e+01
3.796143293380737305e+00
3.549164772033691406e+00
1.052505493164062500e+01
1.202544593811035156e+01
1.039813709259033203e+01
1.028528976440429688e+01
1.338975620269775391e+01
7.970510959625244141e+00
1.338353633880615234e+01
3.413179874420166016e+00
1.114480018615722656e+01
1.192969799041748047e+01
1.238542079925537109e+01
7.615318298339843750e+00
9.244800567626953125e+00
3.483589172363281250e+00
9.738180160522460938e+00
9.690271377563476562e+00
9.192227363586425781e+00
9.730184555053710938e+00
8.365439414978027344e+00
7.847548007965087891e+00
1.125527095794677734e+01
1.074377346038818359e+01
8.490169525146484375e+00
9.961796760559082031e+00
1.286967563629150391e+01
3.460379362106323242e+00
1.155085277557373047e+01
1.241098594665527344e+01
7.273193836212158203e+00
1.000093269348144531e+01
8.956867218017578125e+00
4.744404792785644531e+00
1.313112449645996094e+01
9.015835762023925781e+00
1.353961849212646484e+01
1.064811515808105469e+01
1.621541786193847656e+01
8.566023826599121094e+00
4.022268295288085938e+00
7.681174755096435547e+00
1.269947624206542969e+01
3.888970375061035156e+00
7.996954441070556641e+00
1.151872539520263672e+01
1.143942928314208984e+01
6.822880268096923828e+00
1.318006896972656250e+01
1.112218570709228516e+01
9.698704719543457031e+00
1.075161933898925781e+01
1.018764686584472656e+01
4.460766792297363281e+00
1.075968742370605469e+01
1.193550109863281250e+01
1.104566287994384766e+01
1.016041755676269531e+01
7.823205947875976562e+00
1.071361064910888672e+01
1.271131992340087891e+01
9.394216537475585938e+00
1.067581272125244141e+01
1.078677558898925781e+01
1.210736083984375000e+01
9.702804565429687500e+00
1.178867435455322266e+01
1.128061580657958984e+01
9.603440284729003906e+00
7.501668453216552734e+00
7.181273460388183594e+00
1.036760425567626953e+01
8.677934646606445312e+00
4.245485305786132812e+00
9.826067924499511719e+00
1.236825656890869141e+01
1.148880672454833984e+01
1.366659259796142578e+01
1.476124095916748047e+01
1.083726406097412109e+01
4.210676670074462891e+00
9.188431739807128906e+00
1.224101638793945312e+01
9.891160011291503906e+00
1.227829551696777344e+01
1.041227817535400391e+01
1.179187774658203125e+01
1.112330818176269531e+01
1.135869407653808594e+01
1.067767047882080078e+01
1.077452182769775391e+01
9.219499588012695312e+00
1.049663162231445312e+01
3.317072153091430664e+00
1.229259109497070312e+01
1.413262653350830078e+01
1.362304592132568359e+01
1.067839050292968750e+01
1.193418312072753906e+01
1.150141525268554688e+01
