8.815502166748046875e+00
5.569892406463623047e+00
4.440213203430175781e+00
1.068711662292480469e+01
8.205511093139648438e+00
1.091146373748779297e+01
1.326674079895019531e+01
1.038803005218505859e+01
1.170525169372558594e+01
1.138111686706542969e+01
1.004326152801513672e+01
1.146524238586425781e+01
9.984416007995605469e+00
1.147066879272460938e+01
1.003719329833984375e+01
1.334109973907470703e+01
3.974203824996948242e+00
8.576107025146484375e+00
1.018260955810546875e+01
1.256439495086669922e+01
1.325776576995849609e+01
1.025441551208496094e+01
1.141998481750488281e+01
9.848760604858398438e+00
1.090010738372802734e+01
1.223851108551025391e+01
1.179228973388671875e+01
4.559008598327636719e+00
1.128896141052246094e+01
1.288202762603759766e+01
1.225838470458984375e+01
1.274096870422363281e+01
1.000014495849609375e+01
1.304171943664550781e+01
1.360600757598876953e+01
4.645680427551269531e+00
1.275574779510498047e+01
8.122363090515136719e+00
1.158580684661865234e+01
1.095511722564697266e+01
8.520632743835449219e+00
9.906934738159179688e+00
4.586813926696777344e+00
9.673440933227539062e+00
9.146150588989257812e+00
3.588850259780883789e+00
1.116702747344970703e+01
8.675368309020996094e+00
1.559013366699218750e+01
1.195785522460937500e+01
1.018910789489746094e+01
4.368106365203857422e+00
1.142420482635498047e+01
4.544236660003662109e+00
9.822867393493652344e+00
1.144304561614990234e+01
7.677862644195556641e+00
1.376084995269775391e+01
1.616906547546386719e+01
8.517642974853515625e+00
1.501433753967285156e+01
1.113816070556640625e+01
8.667402267456054688e+00
1.217913246154785156e+01
1.065409278869628906e+01
1.238115596771240234e+01
8.795343399047851562e+00
1.210688018798828125e+01
1.376818466186523438e+01
9.426987648010253906e+00
6.646530151367187500e+00
9.743323326110839844e+00
1.513907527923583984e+01
1.294991111755371094e+01
9.965143203735351562e+00
1.272330856323242188e+01
7.078704357147216797e+00
1.103778839111328125e+01
1.218398761749267578e+01
1.116024875640869141e+01
4.481541156768798828e+00
1.252256774902343750e+01
1.027386093139648438e+01
7.223563671112060547e+00
1.109441089630126953e+01
1.215696144104003906e+01
1.114287567138671875e+01
1.393394660949707031e+01
9.959243774414062500e+00
9.110876083374023438e+00
1.110901927947998047e+01
1.236346340179443359e+01
1.255300140380859375e+01
1.166542148590087891e+01
1.228541469573974609e+01
1.160844993591308594e+01
7.664093971252441406e+00
1.683690643310546875e+01
1.250263118743896484e+01
1.389033508300781250e+01
9.965108871459960938e+00
7.535626411437988281e+00
1.145525264739990234e+01
1.119298171997070312e+01
1.083634185791015625e+01
1.372567367553710938e+01
1.183349514007568359e+01
1.319829273223876953e+01
1.249170303344726562e+01
1.338728046417236328e+01
1.226846218109130859e+01
1.260993862152099609e+01
1.353352165222167969e+01
1.353234863281250000e+01
1.148513317108154297e+01
1.760517120361328125e+01
9.057672500610351562e+00
9.400819778442382812e+00
1.153897476196289062e+01
1.266484642028808594e+01
9.837682723999023438e+00
7.194496154785156250e+00
9.577022552490234375e+00
1.044178199768066406e+01
1.110975360870361328e+01
1.261459445953369141e+01
9.765805244445800781e+00
8.728946685791015625e+00
1.320381355285644531e+01
1.383298301696777344e+01
1.098086547851562500e+01
1.271490001678466797e+01
1.101776790618896484e+01
9.148332595825195312e+00
1.281543445587158203e+01
1.659059143066406250e+01
1.420939731597900391e+01
8.376841545104980469e+00
5.641783714294433594e+00
1.036861515045166016e+01
8.282077789306640625e+00
1.122783470153808594e+01
6.824913024902343750e+00
1.455560111999511719e+01
4.122842788696289062e+00
8.730170249938964844e+00
1.284672260284423828e+01
1.152938842773437500e+01
1.218796062469482422e+01
1.180751895904541016e+01
1.247819709777832031e+01
1.467172050476074219e+01
1.172607231140136719e+01
1.229712867736816406e+01
1.040679073333740234e+01
1.564811420440673828e+01
1.323490619659423828e+01
9.878221511840820312e+00
1.274673557281494141e+01
1.046537590026855469e+01
1.266463565826416016e+01
1.023088455200195312e+01
1.483993148803710938e+01
1.275527381896972656e+01
9.773987770080566406e+00
9.771095275878906250e+00
9.141555786132812500e+00
1.332469463348388672e+01
3.063726425170898438e+00
1.313921356201171875e+01
3.518178224563598633e+00
1.048121643066406250e+01
3.161689281463623047e+00
9.612091064453125000e+00
1.273155212402343750e+01
1.179091739654541016e+01
1.039466667175292969e+01
8.873677253723144531e+00
1.159952259063720703e+01
9.562254905700683594e+00
1.250120544433593750e+01
5.027243137359619141e+00
1.161413955688476562e+01
1.258874607086181641e+01
1.010260963439941406e+01
1.516140937805175781e+01
1.457625961303710938e+01
1.214150619506835938e+01
1.122236442565917969e+01
1.617642211914062500e+01
1.535600566864013672e+01
9.991178512573242188e+00
3.841111898422241211e+00
1.022329998016357422e+01
8.818703651428222656e+00
1.189533233642578125e+01
1.223207950592041016e+01
5.125128746032714844e+00
1.283705234527587891e+01
1.165653324127197266e+01
7.162558078765869141e+00
9.146470069885253906e+00
4.402843952178955078e+00
8.680280685424804688e+00
1.139426994323730469e+01
1.312315082550048828e+01
1.035735225677490234e+01
9.552529335021972656e+00
8.259601593017578125e+00
3.208974599838256836e+00
1.068220043182373047e+01
1.252163887023925781e+01
9.349053382873535156e+00
1.097062015533447266e+01
8.623165130615234375e+00
1.186939525604248047e+01
1.224896717071533203e+01
8.644653320312500000e+00
1.048773574829101562e+01
1.498235988616943359e+01
1.387060928344726562e+01
3.292202949523925781e+00
1.127009963989257812e+01
1.702867317199707031e+01
9.181138992309570312e+00
1.436198139190673828e+01
1.447297286987304688e+01
9.236938476562500000e+00
1.004322242736816406e+01
5.106424331665039062e+00
9.348273277282714844e+00
1.147859668731689453e+01
1.086417770385742188e+01
8.940801620483398438e+00
3.851411819458007812e+00
4.430074214935302734e+00
1.200783348083496094e+01
1.154518413543701172e+01
1.039793014526367188e+01
1.114480876922607422e+01
9.289669036865234375e+00
1.623486518859863281e+01
1.184702205657958984e+01
1.346693706512451172e+01
8.165485382080078125e+00
9.382323265075683594e+00
1.170609474182128906e+01
1.436852645874023438e+01
1.127170372009277344e+01
1.413136768341064453e+01
