9.618622779846191406e+00
8.868254661560058594e+00
1.032147026062011719e+01
8.629618644714355469e+00
3.795656919479370117e+00
9.008904457092285156e+00
8.658251762390136719e+00
8.864323616027832031e+00
1.195881271362304688e+01
3.718739032745361328e+00
1.089108180999755859e+01
9.575420379638671875e+00
1.221490478515625000e+01
8.873594284057617188e+00
9.575584411621093750e+00
8.366801261901855469e+00
1.224340534210205078e+01
6.489422321319580078e+00
1.108725357055664062e+01
3.347853183746337891e+00
1.094267272949218750e+01
1.313102340698242188e+01
8.994245529174804688e+00
9.751811027526855469e+00
7.216309070587158203e+00
9.147852897644042969e+00
8.842054367065429688e+00
1.129625225067138672e+01
1.193662929534912109e+01
9.149707794189453125e+00
1.035291099548339844e+01
1.030537509918212891e+01
1.068993473052978516e+01
9.545694351196289062e+00
1.060057735443115234e+01
1.093854808807373047e+01
1.118380260467529297e+01
7.227607250213623047e+00
1.371513843536376953e+01
1.069624519348144531e+01
1.016218566894531250e+01
9.243661880493164062e+00
1.197773170471191406e+01
4.477951049804687500e+00
8.769960403442382812e+00
1.212529468536376953e+01
1.278310394287109375e+01
1.275277042388916016e+01
9.713724136352539062e+00
1.198126316070556641e+01
8.141014099121093750e+00
9.883594512939453125e+00
1.243135452270507812e+01
1.050922203063964844e+01
1.146171092987060547e+01
1.271758174896240234e+01
1.190665721893310547e+01
7.553234577178955078e+00
1.097976207733154297e+01
1.092166996002197266e+01
4.673390865325927734e+00
8.292247772216796875e+00
1.085383987426757812e+01
9.565390586853027344e+00
1.135414886474609375e+01
1.158554840087890625e+01
1.719568443298339844e+01
8.336620330810546875e+00
1.364388084411621094e+01
9.150104522705078125e+00
8.724051475524902344e+00
9.202306747436523438e+00
1.057423305511474609e+01
8.702646255493164062e+00
9.082088470458984375e+00
1.129502773284912109e+01
1.221321010589599609e+01
1.104325485229492188e+01
1.050651168823242188e+01
5.098129749298095703e+00
1.233071899414062500e+01
1.053384780883789062e+01
8.380581855773925781e+00
8.974173545837402344e+00
8.998645782470703125e+00
7.700958251953125000e+00
1.187697887420654297e+01
1.168136405944824219e+01
1.314094924926757812e+01
8.955688476562500000e+00
4.004949092864990234e+00
9.359473228454589844e+00
9.396555900573730469e+00
9.909893035888671875e+00
8.918543815612792969e+00
7.831929683685302734e+00
9.396569252014160156e+00
1.033203411102294922e+01
8.836292266845703125e+00
9.773689270019531250e+00
1.268496799468994141e+01
9.651747703552246094e+00
1.015266799926757812e+01
3.935293436050415039e+00
9.249650001525878906e+00
1.308179473876953125e+01
1.037404537200927734e+01
1.522418022155761719e+01
8.529746055603027344e+00
1.024173164367675781e+01
1.104533481597900391e+01
1.084479904174804688e+01
1.044195556640625000e+01
1.088578319549560547e+01
7.146561622619628906e+00
9.956379890441894531e+00
1.212762069702148438e+01
1.117973709106445312e+01
1.263217735290527344e+01
9.461824417114257812e+00
9.036243438720703125e+00
1.237908649444580078e+01
1.014683723449707031e+01
3.652014493942260742e+00
1.040502071380615234e+01
1.254771327972412109e+01
1.045331954956054688e+01
1.631361961364746094e+01
1.100119304656982422e+01
9.491223335266113281e+00
5.238276004791259766e+00
1.211752796173095703e+01
8.900046348571777344e+00
1.149534797668457031e+01
3.464341163635253906e+00
9.154648780822753906e+00
8.750825881958007812e+00
1.326683425903320312e+01
6.637143611907958984e+00
8.372728347778320312e+00
8.589754104614257812e+00
1.277110385894775391e+01
9.104882240295410156e+00
4.328949928283691406e+00
1.230680465698242188e+01
1.235386276245117188e+01
9.514601707458496094e+00
1.291906929016113281e+01
1.144286155700683594e+01
8.890908241271972656e+00
1.189882755279541016e+01
1.168213176727294922e+01
9.934308052062988281e+00
1.167744445800781250e+01
9.905189514160156250e+00
1.133140373229980469e+01
9.620533943176269531e+00
1.329427909851074219e+01
1.223892116546630859e+01
9.417796134948730469e+00
1.018011760711669922e+01
1.024017333984375000e+01
1.047105789184570312e+01
1.212127399444580078e+01
9.455724716186523438e+00
1.018520069122314453e+01
3.832277536392211914e+00
3.881980657577514648e+00
3.846225500106811523e+00
1.000727462768554688e+01
9.612755775451660156e+00
8.964970588684082031e+00
1.116474628448486328e+01
1.141058158874511719e+01
1.079487609863281250e+01
1.137475967407226562e+01
8.491807937622070312e+00
8.872585296630859375e+00
4.935589790344238281e+00
1.145886135101318359e+01
1.008132648468017578e+01
9.925350189208984375e+00
1.353092098236083984e+01
8.954987525939941406e+00
3.894937038421630859e+00
9.141767501831054688e+00
1.394952392578125000e+01
1.024408912658691406e+01
5.863038063049316406e+00
7.966693401336669922e+00
1.396658515930175781e+01
8.224193572998046875e+00
1.047255897521972656e+01
9.825059890747070312e+00
1.119723320007324219e+01
9.654376029968261719e+00
1.134113121032714844e+01
9.000661849975585938e+00
1.272967433929443359e+01
9.220478057861328125e+00
9.386705398559570312e+00
8.304578781127929688e+00
9.295282363891601562e+00
7.628450393676757812e+00
1.273221588134765625e+01
8.900478363037109375e+00
1.302197170257568359e+01
1.282581043243408203e+01
8.581610679626464844e+00
1.012091159820556641e+01
9.624373435974121094e+00
1.403103351593017578e+01
1.028274154663085938e+01
1.086466789245605469e+01
1.079653930664062500e+01
1.113133811950683594e+01
1.167395877838134766e+01
8.276360511779785156e+00
3.613907814025878906e+00
1.182932853698730469e+01
1.033452033996582031e+01
1.015739059448242188e+01
1.197692966461181641e+01
1.029351329803466797e+01
1.073079299926757812e+01
1.105332374572753906e+01
1.018492603302001953e+01
8.710466384887695312e+00
7.547682285308837891e+00
3.752955436706542969e+00
1.252596759796142578e+01
1.496237659454345703e+01
9.727801322937011719e+00
1.417688465118408203e+01
1.437186527252197266e+01
5.453163623809814453e+00
1.101743602752685547e+01
1.515328693389892578e+01
1.214722251892089844e+01
4.977538108825683594e+00
1.232950115203857422e+01
1.222880172729492188e+01
1.135108470916748047e+01
1.166375350952148438e+01
9.160566329956054688e+00
1.020389175415039062e+01
9.600960731506347656e+00
1.010366535186767578e+01
1.288595294952392578e+01
1.312979316711425781e+01
