9.471763610839843750e+00
7.327156543731689453e+00
1.270375633239746094e+01
1.491618728637695312e+01
7.864523887634277344e+00
1.099304008483886719e+01
1.177466297149658203e+01
1.048364925384521484e+01
9.075889587402343750e+00
1.051993560791015625e+01
6.862260818481445312e+00
8.833817481994628906e+00
1.187537097930908203e+01
8.341972351074218750e+00
1.097414016723632812e+01
1.154939746856689453e+01
1.105598831176757812e+01
1.089337253570556641e+01
1.143709850311279297e+01
9.003897666931152344e+00
1.111857604980468750e+01
8.010715484619140625e+00
3.282837867736816406e+00
1.247777462005615234e+01
9.996002197265625000e+00
9.763311386108398438e+00
7.712217807769775391e+00
1.074347782135009766e+01
9.955149650573730469e+00
1.116091156005859375e+01
9.605114936828613281e+00
9.504157066345214844e+00
1.411544895172119141e+01
8.310869216918945312e+00
1.188802051544189453e+01
1.117647933959960938e+01
1.291841506958007812e+01
1.103721427917480469e+01
3.733102560043334961e+00
1.101675987243652344e+01
1.268448638916015625e+01
1.263683986663818359e+01
8.613228797912597656e+00
8.030361175537109375e+00
1.079703140258789062e+01
8.019587516784667969e+00
1.041455268859863281e+01
7.677822589874267578e+00
8.416175842285156250e+00
6.702230930328369141e+00
1.198507404327392578e+01
1.131895923614501953e+01
1.458259201049804688e+01
1.002810955047607422e+01
1.098431587219238281e+01
7.840014934539794922e+00
1.344829559326171875e+01
9.969108581542968750e+00
1.315617847442626953e+01
9.889297485351562500e+00
1.043871784210205078e+01
7.785916328430175781e+00
1.111675548553466797e+01
8.795269966125488281e+00
1.441376495361328125e+01
1.093706893920898438e+01
1.027572250366210938e+01
8.447947502136230469e+00
1.108092689514160156e+01
9.504384040832519531e+00
1.126821708679199219e+01
1.189010715484619141e+01
8.098425865173339844e+00
8.444571495056152344e+00
1.070789623260498047e+01
8.455996513366699219e+00
1.596934604644775391e+01
1.027910327911376953e+01
1.038822841644287109e+01
7.873775482177734375e+00
4.640069484710693359e+00
1.034986686706542969e+01
8.578410148620605469e+00
8.259516716003417969e+00
1.057599925994873047e+01
1.084400463104248047e+01
1.378111743927001953e+01
1.230090045928955078e+01
5.120132923126220703e+00
9.206597328186035156e+00
1.304665088653564453e+01
1.063186359405517578e+01
3.807832956314086914e+00
7.697989940643310547e+00
1.376860904693603516e+01
9.120179176330566406e+00
1.110725307464599609e+01
6.944198131561279297e+00
9.343738555908203125e+00
8.188412666320800781e+00
3.874795436859130859e+00
8.648751258850097656e+00
1.000617408752441406e+01
1.032957553863525391e+01
8.070027351379394531e+00
7.307123184204101562e+00
1.049526882171630859e+01
7.114270210266113281e+00
9.123089790344238281e+00
8.923239707946777344e+00
1.193979835510253906e+01
1.046496772766113281e+01
9.635213851928710938e+00
9.551450729370117188e+00
4.001399040222167969e+00
8.306696891784667969e+00
7.225496292114257812e+00
7.944861888885498047e+00
8.941815376281738281e+00
1.068681240081787109e+01
9.248621940612792969e+00
1.119337463378906250e+01
6.664262294769287109e+00
1.081484127044677734e+01
7.344615459442138672e+00
1.120078849792480469e+01
9.431789398193359375e+00
8.424537658691406250e+00
1.370966053009033203e+01
1.093393898010253906e+01
7.615072250366210938e+00
1.143109607696533203e+01
1.036720943450927734e+01
1.168812751770019531e+01
8.262028694152832031e+00
1.027453994750976562e+01
1.004079341888427734e+01
1.121273803710937500e+01
9.968575477600097656e+00
9.823377609252929688e+00
1.315915584564208984e+01
8.354362487792968750e+00
8.935830116271972656e+00
8.161382675170898438e+00
1.090726661682128906e+01
1.073254394531250000e+01
1.199875164031982422e+01
1.287421131134033203e+01
1.317924594879150391e+01
1.179243755340576172e+01
9.011832237243652344e+00
1.093817138671875000e+01
1.391523265838623047e+01
8.161205291748046875e+00
1.211067581176757812e+01
9.470909118652343750e+00
9.989151954650878906e+00
9.759838104248046875e+00
1.420487880706787109e+01
9.097880363464355469e+00
1.249098300933837891e+01
3.605071544647216797e+00
1.265411853790283203e+01
1.204582595825195312e+01
3.460663795471191406e+00
1.094737339019775391e+01
1.179285335540771484e+01
1.189524459838867188e+01
4.604322433471679688e+00
1.115032863616943359e+01
8.124748229980468750e+00
8.197425842285156250e+00
1.129040241241455078e+01
8.064858436584472656e+00
1.050220203399658203e+01
1.069952011108398438e+01
1.218995380401611328e+01
8.461749076843261719e+00
5.926174163818359375e+00
8.889171600341796875e+00
1.508870601654052734e+01
3.611336946487426758e+00
8.170233726501464844e+00
1.076989078521728516e+01
9.159524917602539062e+00
1.025602912902832031e+01
1.176786041259765625e+01
1.268309116363525391e+01
8.194930076599121094e+00
9.594147682189941406e+00
1.033023452758789062e+01
8.882138252258300781e+00
8.759777069091796875e+00
8.873930931091308594e+00
8.835891723632812500e+00
1.127607440948486328e+01
1.241302013397216797e+01
9.112153053283691406e+00
1.024142837524414062e+01
9.541413307189941406e+00
1.075259780883789062e+01
4.081816196441650391e+00
6.315873622894287109e+00
1.247166347503662109e+01
1.060082626342773438e+01
9.934493064880371094e+00
4.859929561614990234e+00
1.299697303771972656e+01
1.103727912902832031e+01
1.086059284210205078e+01
1.054206371307373047e+01
8.131490707397460938e+00
1.437572193145751953e+01
9.867486000061035156e+00
1.375477790832519531e+01
1.035468006134033203e+01
1.126636600494384766e+01
7.791437625885009766e+00
1.058556270599365234e+01
1.102568244934082031e+01
9.097833633422851562e+00
1.058944320678710938e+01
1.008878993988037109e+01
7.358501434326171875e+00
8.900686264038085938e+00
1.175308895111083984e+01
1.163000583648681641e+01
9.760320663452148438e+00
9.075889587402343750e+00
3.568791389465332031e+00
9.868832588195800781e+00
1.168296051025390625e+01
1.159601497650146484e+01
1.024764060974121094e+01
7.387203216552734375e+00
1.036799812316894531e+01
1.277808570861816406e+01
1.211746597290039062e+01
1.029491519927978516e+01
1.016079616546630859e+01
1.147609615325927734e+01
1.150930976867675781e+01
1.102220344543457031e+01
4.957638263702392578e+00
1.011280059814453125e+01
1.206718540191650391e+01
1.229225158691406250e+01
8.279396057128906250e+00
1.191586780548095703e+01
8.815195083618164062e+00
