7.348793506622314453e+00
9.656883239746093750e+00
1.114410972595214844e+01
1.237302303314208984e+01
4.025707721710205078e+00
8.656400680541992188e+00
9.222472190856933594e+00
1.186776256561279297e+01
9.107521057128906250e+00
6.260685920715332031e+00
9.683139801025390625e+00
1.158336257934570312e+01
8.497513771057128906e+00
1.179592514038085938e+01
1.227524089813232422e+01
1.110791778564453125e+01
4.636515140533447266e+00
1.153452014923095703e+01
1.178707981109619141e+01
1.050071620941162109e+01
1.086412429809570312e+01
9.767156600952148438e+00
1.060174369812011719e+01
9.689612388610839844e+00
9.963473320007324219e+00
5.407591819763183594e+00
1.298066234588623047e+01
1.287891674041748047e+01
1.111194801330566406e+01
1.019734191894531250e+01
1.646153259277343750e+01
8.423171043395996094e+00
1.233789825439453125e+01
8.383957862854003906e+00
1.426779174804687500e+01
1.070139694213867188e+01
1.246363162994384766e+01
4.071683406829833984e+00
7.531993389129638672e+00
1.131179428100585938e+01
1.312618827819824219e+01
8.582080841064453125e+00
1.039473152160644531e+01
9.262190818786621094e+00
8.214438438415527344e+00
7.584269046783447266e+00
1.070560359954833984e+01
1.457606887817382812e+01
9.810605049133300781e+00
1.429257869720458984e+01
9.689145088195800781e+00
4.251255512237548828e+00
1.440211677551269531e+01
1.335072231292724609e+01
9.512422561645507812e+00
1.088378334045410156e+01
1.134790802001953125e+01
8.125903129577636719e+00
1.288453674316406250e+01
8.533845901489257812e+00
1.375400066375732422e+01
6.917994022369384766e+00
1.053812694549560547e+01
9.942728996276855469e+00
8.958359718322753906e+00
1.081128883361816406e+01
1.263784027099609375e+01
1.092833042144775391e+01
5.107388496398925781e+00
1.261391067504882812e+01
1.105849552154541016e+01
1.385315990447998047e+01
1.073528671264648438e+01
1.119676971435546875e+01
1.331303691864013672e+01
1.248977184295654297e+01
1.293373775482177734e+01
4.548688411712646484e+00
1.259963035583496094e+01
1.214161491394042969e+01
1.115746307373046875e+01
1.257677841186523438e+01
9.242360115051269531e+00
1.122928810119628906e+01
1.014325714111328125e+01
9.974201202392578125e+00
1.046058368682861328e+01
8.900633811950683594e+00
1.127547550201416016e+01
1.425881385803222656e+01
9.955085754394531250e+00
9.829876899719238281e+00
1.095486354827880859e+01
1.080384445190429688e+01
1.009307956695556641e+01
1.451441860198974609e+01
8.635714530944824219e+00
1.277113056182861328e+01
1.181600570678710938e+01
1.016842460632324219e+01
9.901988029479980469e+00
9.619981765747070312e+00
1.079557323455810547e+01
9.606114387512207031e+00
4.140233039855957031e+00
4.647507190704345703e+00
1.224364376068115234e+01
1.222142982482910156e+01
8.186969757080078125e+00
1.066159725189208984e+01
3.759997129440307617e+00
1.119289112091064453e+01
1.319976520538330078e+01
8.253071784973144531e+00
1.247277545928955078e+01
4.302137851715087891e+00
1.280342769622802734e+01
1.264681339263916016e+01
1.105378055572509766e+01
1.175684452056884766e+01
1.059405803680419922e+01
1.040025138854980469e+01
1.287069797515869141e+01
9.848667144775390625e+00
1.103036499023437500e+01
7.936910152435302734e+00
1.139616107940673828e+01
8.959537506103515625e+00
8.267065048217773438e+00
9.760754585266113281e+00
1.093821620941162109e+01
8.220311164855957031e+00
1.018384170532226562e+01
9.584057807922363281e+00
8.083635330200195312e+00
4.496444225311279297e+00
1.310937595367431641e+01
1.187235164642333984e+01
1.044946670532226562e+01
1.058018875122070312e+01
1.061492919921875000e+01
8.639890670776367188e+00
1.507778835296630859e+01
9.524827003479003906e+00
1.243414306640625000e+01
1.086901760101318359e+01
1.393902492523193359e+01
1.040846347808837891e+01
1.077652168273925781e+01
9.402718544006347656e+00
8.138773918151855469e+00
4.082938671112060547e+00
1.180810832977294922e+01
1.272416687011718750e+01
1.477761745452880859e+01
9.739190101623535156e+00
8.323161125183105469e+00
1.130235290527343750e+01
4.016965389251708984e+00
1.062960147857666016e+01
8.849342346191406250e+00
8.727763175964355469e+00
1.260011577606201172e+01
9.944429397583007812e+00
1.086341571807861328e+01
9.234950065612792969e+00
9.082441329956054688e+00
1.061307239532470703e+01
9.309515953063964844e+00
1.421685218811035156e+01
1.054660224914550781e+01
1.112263679504394531e+01
9.855622291564941406e+00
9.804624557495117188e+00
1.017161178588867188e+01
9.222516059875488281e+00
7.827097415924072266e+00
1.356896495819091797e+01
1.487985801696777344e+01
9.009979248046875000e+00
9.387793540954589844e+00
8.028602600097656250e+00
3.570669651031494141e+00
1.015563964843750000e+01
1.204434967041015625e+01
1.107127666473388672e+01
1.205720138549804688e+01
9.711609840393066406e+00
1.105186843872070312e+01
9.472926139831542969e+00
1.244784927368164062e+01
1.163597869873046875e+01
4.664741992950439453e+00
3.510432481765747070e+00
3.621092319488525391e+00
8.432839393615722656e+00
5.032318592071533203e+00
9.752259254455566406e+00
9.957168579101562500e+00
1.259492301940917969e+01
9.452236175537109375e+00
1.025280189514160156e+01
1.277848911285400391e+01
1.050642299652099609e+01
1.415738582611083984e+01
1.380506706237792969e+01
1.133070373535156250e+01
9.525186538696289062e+00
1.447855091094970703e+01
1.038192367553710938e+01
7.888105869293212891e+00
9.492631912231445312e+00
1.292892837524414062e+01
9.520764350891113281e+00
3.480798006057739258e+00
9.053511619567871094e+00
3.498171091079711914e+00
7.856909751892089844e+00
1.137018775939941406e+01
1.155198478698730469e+01
1.483634853363037109e+01
1.132217216491699219e+01
9.320584297180175781e+00
1.207074356079101562e+01
6.737629413604736328e+00
4.653949260711669922e+00
1.588343620300292969e+01
9.818702697753906250e+00
9.854938507080078125e+00
9.705593109130859375e+00
7.064063549041748047e+00
1.049616146087646484e+01
1.371414089202880859e+01
9.376466751098632812e+00
1.181958675384521484e+01
4.409782886505126953e+00
1.227410030364990234e+01
1.107763957977294922e+01
1.017523384094238281e+01
1.158563423156738281e+01
1.311607074737548828e+01
7.810394763946533203e+00
7.308970928192138672e+00
1.104047203063964844e+01
5.037218093872070312e+00
9.105324745178222656e+00
9.455414772033691406e+00
1.225168895721435547e+01
1.473196983337402344e+01
1.314579772949218750e+01
