9.879168510437011719e+00
1.435006999969482422e+01
1.250063705444335938e+01
1.266928005218505859e+01
1.263912296295166016e+01
8.807151794433593750e+00
1.443902587890625000e+01
9.569842338562011719e+00
1.099691772460937500e+01
9.138806343078613281e+00
8.551527023315429688e+00
1.102042293548583984e+01
1.194216823577880859e+01
6.906477928161621094e+00
1.231692790985107422e+01
9.178719520568847656e+00
4.868509769439697266e+00
9.169546127319335938e+00
1.113582420349121094e+01
1.209440994262695312e+01
7.793647766113281250e+00
1.100410079956054688e+01
1.122251796722412109e+01
1.186237144470214844e+01
5.646911621093750000e+00
1.111640453338623047e+01
1.169504833221435547e+01
1.158870220184326172e+01
1.302970504760742188e+01
1.075569915771484375e+01
1.154016876220703125e+01
9.456479072570800781e+00
6.866074562072753906e+00
1.139550399780273438e+01
9.542574882507324219e+00
1.181859588623046875e+01
7.470455646514892578e+00
8.537592887878417969e+00
1.112955474853515625e+01
9.601980209350585938e+00
4.256757259368896484e+00
2.998356580734252930e+00
1.091956615447998047e+01
1.214973354339599609e+01
1.334768104553222656e+01
4.632599353790283203e+00
4.728156566619873047e+00
1.449008083343505859e+01
9.383247375488281250e+00
1.171912002563476562e+01
9.934385299682617188e+00
1.229449939727783203e+01
8.575949668884277344e+00
1.270557022094726562e+01
8.717833518981933594e+00
9.932048797607421875e+00
9.321382522583007812e+00
1.227417945861816406e+01
9.182485580444335938e+00
1.327041435241699219e+01
9.499829292297363281e+00
9.684782028198242188e+00
1.385520076751708984e+01
1.184163093566894531e+01
1.421463012695312500e+01
4.281519889831542969e+00
1.204359912872314453e+01
1.386573314666748047e+01
6.478184223175048828e+00
1.011685371398925781e+01
8.850212097167968750e+00
9.041321754455566406e+00
1.378202438354492188e+01
1.399178314208984375e+01
1.356285476684570312e+01
9.721042633056640625e+00
8.861176490783691406e+00
1.139637279510498047e+01
9.582702636718750000e+00
8.715871810913085938e+00
1.113402366638183594e+01
1.225406074523925781e+01
9.243073463439941406e+00
3.565488815307617188e+00
1.288889503479003906e+01
1.540962696075439453e+01
1.052852821350097656e+01
1.403282451629638672e+01
9.734723091125488281e+00
1.251059341430664062e+01
1.171418380737304688e+01
1.152498245239257812e+01
1.040906047821044922e+01
1.033685016632080078e+01
1.207482051849365234e+01
1.161706256866455078e+01
1.229069614410400391e+01
1.098514652252197266e+01
1.662633705139160156e+01
1.068022155761718750e+01
1.022870826721191406e+01
9.550987243652343750e+00
8.187175750732421875e+00
1.047023773193359375e+01
9.470844268798828125e+00
1.020471954345703125e+01
1.025022983551025391e+01
1.038018417358398438e+01
1.019855117797851562e+01
1.020351409912109375e+01
8.443922996520996094e+00
8.847006797790527344e+00
1.053779125213623047e+01
1.322040939331054688e+01
1.080302619934082031e+01
1.245500659942626953e+01
7.017885684967041016e+00
9.769023895263671875e+00
9.875478744506835938e+00
1.186881446838378906e+01
1.346953296661376953e+01
1.121097373962402344e+01
1.261272335052490234e+01
1.162790012359619141e+01
1.018923759460449219e+01
1.069603538513183594e+01
9.898583412170410156e+00
1.173112297058105469e+01
1.318088436126708984e+01
1.056362247467041016e+01
1.104330730438232422e+01
1.501891136169433594e+01
1.349562644958496094e+01
1.425736904144287109e+01
1.040922355651855469e+01
1.048128414154052734e+01
9.643795967102050781e+00
1.292453098297119141e+01
9.770371437072753906e+00
1.138165187835693359e+01
4.904356956481933594e+00
1.246728038787841797e+01
1.078438758850097656e+01
1.570606231689453125e+01
1.275878047943115234e+01
1.220989322662353516e+01
9.649230003356933594e+00
4.459463596343994141e+00
7.610680580139160156e+00
5.703034400939941406e+00
1.210624790191650391e+01
1.504913234710693359e+01
1.286603736877441406e+01
1.057186508178710938e+01
1.281539821624755859e+01
8.776341438293457031e+00
9.413480758666992188e+00
1.367726135253906250e+01
1.121416759490966797e+01
4.372462749481201172e+00
1.008021068572998047e+01
1.400829124450683594e+01
1.371773242950439453e+01
3.749085426330566406e+00
3.455389499664306641e+00
1.084257221221923828e+01
8.667348861694335938e+00
9.050959587097167969e+00
1.291821002960205078e+01
1.062743663787841797e+01
9.434625625610351562e+00
1.330980777740478516e+01
8.600604057312011719e+00
1.227644920349121094e+01
1.420956134796142578e+01
1.085607814788818359e+01
1.202742767333984375e+01
8.907957077026367188e+00
8.624159812927246094e+00
1.403268814086914062e+01
1.079269790649414062e+01
1.134214687347412109e+01
1.281346893310546875e+01
4.961266517639160156e+00
1.044581604003906250e+01
1.345547008514404297e+01
8.724075317382812500e+00
1.580150413513183594e+01
1.404733848571777344e+01
1.255197525024414062e+01
1.326405334472656250e+01
8.935553550720214844e+00
5.401149272918701172e+00
1.135906505584716797e+01
8.332265853881835938e+00
5.029769420623779297e+00
1.067657279968261719e+01
8.610825538635253906e+00
8.176315307617187500e+00
1.061124324798583984e+01
8.451670646667480469e+00
1.204484272003173828e+01
1.092978572845458984e+01
1.137551212310791016e+01
7.813122749328613281e+00
4.958531379699707031e+00
1.007838249206542969e+01
3.818270921707153320e+00
8.305186271667480469e+00
8.965553283691406250e+00
1.138470172882080078e+01
1.186078929901123047e+01
9.650380134582519531e+00
1.500382328033447266e+01
1.173228740692138672e+01
1.074656391143798828e+01
1.216534137725830078e+01
1.104028797149658203e+01
1.115318107604980469e+01
1.176182937622070312e+01
1.235645008087158203e+01
8.364286422729492188e+00
1.059287071228027344e+01
1.120751094818115234e+01
9.033926010131835938e+00
1.143458366394042969e+01
1.370334815979003906e+01
1.440891265869140625e+01
1.174351310729980469e+01
1.021475124359130859e+01
1.030508232116699219e+01
9.148803710937500000e+00
8.207104682922363281e+00
8.848644256591796875e+00
8.637349128723144531e+00
1.191786670684814453e+01
9.719729423522949219e+00
1.352838897705078125e+01
1.058447265625000000e+01
1.695580863952636719e+01
1.500987529754638672e+01
3.574423551559448242e+00
9.204558372497558594e+00
1.320122146606445312e+01
8.352285385131835938e+00
1.043312072753906250e+01
8.026576042175292969e+00
8.132221221923828125e+00
1.081353092193603516e+01
1.125429344177246094e+01
