1.149075698852539062e+01
7.952601432800292969e+00
7.356604099273681641e+00
4.361821174621582031e+00
1.316062068939208984e+01
8.244358062744140625e+00
1.016719245910644531e+01
1.384770393371582031e+01
8.085757255554199219e+00
1.417424774169921875e+01
9.929085731506347656e+00
1.401613712310791016e+01
1.365643787384033203e+01
1.077203750610351562e+01
9.242022514343261719e+00
1.227405357360839844e+01
1.159812545776367188e+01
1.165870857238769531e+01
1.169349384307861328e+01
8.524378776550292969e+00
9.939359664916992188e+00
1.092746829986572266e+01
1.177433776855468750e+01
1.059600639343261719e+01
1.161505317687988281e+01
4.506972789764404297e+00
1.314191722869873047e+01
8.078873634338378906e+00
8.687456130981445312e+00
1.019284915924072266e+01
1.220185375213623047e+01
1.252106952667236328e+01
1.169594287872314453e+01
1.547107887268066406e+01
1.068218612670898438e+01
9.717865943908691406e+00
1.425774765014648438e+01
9.664246559143066406e+00
1.133348560333251953e+01
1.029763603210449219e+01
1.221094608306884766e+01
1.056819629669189453e+01
1.194689273834228516e+01
1.402574920654296875e+01
1.174780464172363281e+01
1.089094161987304688e+01
9.231376647949218750e+00
1.054922389984130859e+01
7.765050411224365234e+00
8.972034454345703125e+00
1.435266304016113281e+01
1.066955566406250000e+01
1.139997577667236328e+01
4.655012607574462891e+00
1.228911304473876953e+01
1.045632266998291016e+01
7.287671566009521484e+00
1.058904933929443359e+01
9.330231666564941406e+00
9.010508537292480469e+00
9.291572570800781250e+00
8.776186943054199219e+00
8.080388069152832031e+00
1.176643562316894531e+01
9.605278968811035156e+00
4.202853202819824219e+00
1.423633575439453125e+01
4.078242778778076172e+00
1.043271732330322266e+01
8.848895072937011719e+00
1.105553913116455078e+01
1.103217506408691406e+01
1.234514522552490234e+01
1.127590847015380859e+01
4.050599098205566406e+00
1.308466434478759766e+01
1.308998203277587891e+01
9.157150268554687500e+00
1.566700839996337891e+01
1.161057472229003906e+01
3.252756595611572266e+00
1.027132701873779297e+01
8.952579498291015625e+00
9.478570938110351562e+00
8.761086463928222656e+00
8.785784721374511719e+00
8.783098220825195312e+00
1.348152732849121094e+01
1.079854774475097656e+01
1.165142345428466797e+01
8.473099708557128906e+00
9.816230773925781250e+00
9.563019752502441406e+00
9.946780204772949219e+00
1.137545299530029297e+01
5.093808650970458984e+00
1.219898128509521484e+01
1.157797431945800781e+01
9.020814895629882812e+00
6.063815593719482422e+00
9.092426300048828125e+00
1.287397098541259766e+01
9.506559371948242188e+00
1.273876190185546875e+01
1.525893306732177734e+01
1.176715564727783203e+01
1.104486179351806641e+01
1.076218223571777344e+01
1.099241638183593750e+01
9.852762222290039062e+00
1.083437633514404297e+01
1.042320251464843750e+01
8.149103164672851562e+00
4.854312896728515625e+00
9.597157478332519531e+00
9.728870391845703125e+00
9.428165435791015625e+00
1.333369350433349609e+01
1.454727745056152344e+01
1.370131206512451172e+01
9.969633102416992188e+00
8.083238601684570312e+00
8.407363891601562500e+00
1.246536922454833984e+01
1.280695629119873047e+01
1.364206027984619141e+01
1.199033832550048828e+01
9.325994491577148438e+00
1.097227096557617188e+01
1.182256507873535156e+01
1.351116275787353516e+01
9.441922187805175781e+00
1.140876197814941406e+01
1.160860633850097656e+01
8.648324012756347656e+00
9.144530296325683594e+00
1.114262866973876953e+01
1.233657073974609375e+01
7.638241767883300781e+00
1.009319114685058594e+01
8.463729858398437500e+00
9.378411293029785156e+00
1.153605461120605469e+01
3.187046051025390625e+00
1.106564998626708984e+01
9.169234275817871094e+00
1.141551113128662109e+01
9.882141113281250000e+00
7.636408805847167969e+00
9.220698356628417969e+00
1.157230472564697266e+01
9.471314430236816406e+00
1.100332641601562500e+01
7.732522487640380859e+00
5.543034076690673828e+00
1.025842189788818359e+01
9.849781990051269531e+00
8.407828330993652344e+00
1.193263339996337891e+01
1.306507968902587891e+01
3.903826713562011719e+00
2.963460683822631836e+00
1.228997802734375000e+01
1.022886753082275391e+01
9.941967964172363281e+00
1.018643283843994141e+01
8.104990005493164062e+00
8.766536712646484375e+00
1.313371372222900391e+01
1.045650768280029297e+01
6.775685310363769531e+00
4.735579490661621094e+00
9.460680007934570312e+00
7.998069763183593750e+00
3.186428308486938477e+00
9.985425949096679688e+00
1.021395969390869141e+01
1.058293247222900391e+01
1.140598201751708984e+01
3.253314256668090820e+00
1.284974956512451172e+01
1.073523807525634766e+01
1.093241691589355469e+01
9.751237869262695312e+00
1.034575557708740234e+01
4.497907161712646484e+00
1.499480342864990234e+01
1.433369731903076172e+01
1.230473041534423828e+01
1.169205570220947266e+01
7.955903530120849609e+00
1.044141101837158203e+01
9.872431755065917969e+00
1.067875671386718750e+01
1.156723690032958984e+01
8.438231468200683594e+00
7.439483165740966797e+00
7.364313602447509766e+00
1.051390933990478516e+01
1.149281501770019531e+01
1.263068294525146484e+01
1.015347576141357422e+01
9.602731704711914062e+00
1.020296859741210938e+01
4.643455028533935547e+00
9.490889549255371094e+00
1.055312919616699219e+01
1.276172351837158203e+01
1.254495239257812500e+01
8.822570800781250000e+00
8.309800148010253906e+00
9.664607048034667969e+00
1.137695693969726562e+01
9.668925285339355469e+00
9.354499816894531250e+00
8.646780967712402344e+00
1.055131721496582031e+01
9.424269676208496094e+00
9.447734832763671875e+00
3.084567308425903320e+00
7.591289997100830078e+00
9.704414367675781250e+00
4.513124465942382812e+00
1.185681819915771484e+01
9.337728500366210938e+00
1.128767490386962891e+01
9.233474731445312500e+00
1.180749320983886719e+01
9.246870040893554688e+00
1.125218009948730469e+01
1.196806716918945312e+01
1.172680950164794922e+01
1.182218265533447266e+01
1.073204898834228516e+01
1.247626781463623047e+01
8.519185066223144531e+00
1.131746006011962891e+01
8.704447746276855469e+00
1.143812084197998047e+01
8.978857040405273438e+00
1.372063827514648438e+01
4.259444713592529297e+00
9.735181808471679688e+00
1.070386791229248047e+01
6.958020687103271484e+00
4.197141170501708984e+00
3.390159368515014648e+00
1.018643283843994141e+01
1.075193119049072266e+01
1.050578212738037109e+01
