9.278315544128417969e+00
1.085621929168701172e+01
1.330764389038085938e+01
1.067996597290039062e+01
4.256577014923095703e+00
9.038841247558593750e+00
9.900295257568359375e+00
8.063111305236816406e+00
1.265763187408447266e+01
8.836932182312011719e+00
1.298180294036865234e+01
1.047282600402832031e+01
9.314669609069824219e+00
1.073974704742431641e+01
1.015558815002441406e+01
1.159844112396240234e+01
8.770883560180664062e+00
8.623860359191894531e+00
7.291735172271728516e+00
1.222061920166015625e+01
1.099806690216064453e+01
1.322540378570556641e+01
7.329075336456298828e+00
1.159478092193603516e+01
9.336894989013671875e+00
4.621039390563964844e+00
1.078505897521972656e+01
1.182248592376708984e+01
1.069093513488769531e+01
1.179344177246093750e+01
1.119672584533691406e+01
9.823459625244140625e+00
1.133904170989990234e+01
1.409534168243408203e+01
1.343084144592285156e+01
1.234250926971435547e+01
1.172990417480468750e+01
9.583132743835449219e+00
1.146333503723144531e+01
1.390289497375488281e+01
1.162182235717773438e+01
1.146627998352050781e+01
1.078919506072998047e+01
1.121540641784667969e+01
1.498660659790039062e+01
4.847623825073242188e+00
1.065906333923339844e+01
1.284013080596923828e+01
9.534013748168945312e+00
1.150000000000000000e+01
9.066263198852539062e+00
1.002458763122558594e+01
9.403274536132812500e+00
1.490736293792724609e+01
1.323342800140380859e+01
1.049657440185546875e+01
1.059151363372802734e+01
9.791443824768066406e+00
1.202715301513671875e+01
1.562427616119384766e+01
1.325461101531982422e+01
1.076817226409912109e+01
1.408311653137207031e+01
1.031931304931640625e+01
1.154234600067138672e+01
5.046959877014160156e+00
3.772540807723999023e+00
1.375045108795166016e+01
9.000037193298339844e+00
1.168338489532470703e+01
1.112616348266601562e+01
1.127817726135253906e+01
7.327013969421386719e+00
1.456072044372558594e+01
7.142501831054687500e+00
1.158713054656982422e+01
1.261989116668701172e+01
9.234780311584472656e+00
7.790019989013671875e+00
1.156784915924072266e+01
9.206316947937011719e+00
1.027059364318847656e+01
1.061015510559082031e+01
1.400886821746826172e+01
1.079420280456542969e+01
1.167435932159423828e+01
1.129044628143310547e+01
4.735566616058349609e+00
7.746891975402832031e+00
1.188019943237304688e+01
7.971467494964599609e+00
1.348279094696044922e+01
1.330449962615966797e+01
5.683807849884033203e+00
1.137059402465820312e+01
6.450063705444335938e+00
9.762491226196289062e+00
1.066341114044189453e+01
1.279757690429687500e+01
1.184583091735839844e+01
1.091070365905761719e+01
1.217599010467529297e+01
1.015227985382080078e+01
1.473806667327880859e+01
1.455625629425048828e+01
1.180557060241699219e+01
6.005022048950195312e+00
9.574575424194335938e+00
8.451667785644531250e+00
1.019192028045654297e+01
9.843703269958496094e+00
1.039131259918212891e+01
1.538837528228759766e+01
1.203028774261474609e+01
1.202747154235839844e+01
1.529650878906250000e+01
9.066395759582519531e+00
9.208795547485351562e+00
1.178846836090087891e+01
1.366893005371093750e+01
5.119406223297119141e+00
1.242523765563964844e+01
1.276956272125244141e+01
1.584715366363525391e+01
1.478541183471679688e+01
1.027170467376708984e+01
9.870830535888671875e+00
1.211769008636474609e+01
8.324184417724609375e+00
9.511113166809082031e+00
1.391488647460937500e+01
1.082369136810302734e+01
1.180727481842041016e+01
1.528064060211181641e+01
7.223099231719970703e+00
4.860372543334960938e+00
1.437792873382568359e+01
4.542734146118164062e+00
8.861919403076171875e+00
1.248381614685058594e+01
1.026841259002685547e+01
1.434210491180419922e+01
1.216250133514404297e+01
9.906438827514648438e+00
1.280523300170898438e+01
1.234488391876220703e+01
1.099501800537109375e+01
1.339579582214355469e+01
9.930809020996093750e+00
1.301241683959960938e+01
1.082828235626220703e+01
1.339349555969238281e+01
1.163056945800781250e+01
4.646038055419921875e+00
1.387105751037597656e+01
1.425105190277099609e+01
1.098287868499755859e+01
1.283540821075439453e+01
4.567689895629882812e+00
9.810439109802246094e+00
1.140257358551025391e+01
1.083602237701416016e+01
9.728190422058105469e+00
1.287647533416748047e+01
3.979779958724975586e+00
9.297919273376464844e+00
1.529044342041015625e+01
1.166524791717529297e+01
3.295303106307983398e+00
1.588912010192871094e+01
3.762581110000610352e+00
1.035635471343994141e+01
9.069061279296875000e+00
5.891746997833251953e+00
8.788769721984863281e+00
1.356050109863281250e+01
7.877544403076171875e+00
1.429880523681640625e+01
1.167436408996582031e+01
3.863937377929687500e+00
1.345414352416992188e+01
8.891776084899902344e+00
1.117356967926025391e+01
1.181112670898437500e+01
1.185062789916992188e+01
1.134277439117431641e+01
9.537259101867675781e+00
1.407457923889160156e+01
1.609732246398925781e+01
1.035425090789794922e+01
8.375948905944824219e+00
1.145816612243652344e+01
6.406979084014892578e+00
1.375146389007568359e+01
1.380436992645263672e+01
1.077822875976562500e+01
1.157293891906738281e+01
1.006016826629638672e+01
1.103455543518066406e+01
1.332361888885498047e+01
1.243367862701416016e+01
1.313448905944824219e+01
1.053797245025634766e+01
1.300350952148437500e+01
1.458571147918701172e+01
1.352561283111572266e+01
1.046724510192871094e+01
4.109744071960449219e+00
1.135839271545410156e+01
9.859391212463378906e+00
1.166113376617431641e+01
1.383398723602294922e+01
9.839861869812011719e+00
1.172803497314453125e+01
3.074970006942749023e+00
1.059070396423339844e+01
8.715175628662109375e+00
1.413043785095214844e+01
1.116346836090087891e+01
1.323704242706298828e+01
6.660777091979980469e+00
8.927580833435058594e+00
4.645156860351562500e+00
8.462236404418945312e+00
1.036036014556884766e+01
1.330734825134277344e+01
1.063750171661376953e+01
4.587498188018798828e+00
6.286478996276855469e+00
1.319774436950683594e+01
1.024357604980468750e+01
1.227743148803710938e+01
1.221339607238769531e+01
7.978001594543457031e+00
1.051201915740966797e+01
1.247536563873291016e+01
1.301916217803955078e+01
9.287983894348144531e+00
1.137442874908447266e+01
7.694477558135986328e+00
1.027811717987060547e+01
1.191971397399902344e+01
9.425564765930175781e+00
7.660023689270019531e+00
1.191731357574462891e+01
9.935877799987792969e+00
9.020870208740234375e+00
4.493891716003417969e+00
4.240889549255371094e+00
1.193669319152832031e+01
