1.246720409393310547e+01
9.473012924194335938e+00
1.028570556640625000e+01
7.819769382476806641e+00
1.267695045471191406e+01
1.329431438446044922e+01
1.198264789581298828e+01
1.102253818511962891e+01
1.122173118591308594e+01
8.547468185424804688e+00
9.399096488952636719e+00
9.927862167358398438e+00
1.048313903808593750e+01
1.141849613189697266e+01
1.406363296508789062e+01
1.328111743927001953e+01
1.200021076202392578e+01
1.338463306427001953e+01
7.727181911468505859e+00
1.225323963165283203e+01
8.555328369140625000e+00
1.003634166717529297e+01
1.423605155944824219e+01
1.095679473876953125e+01
9.204626083374023438e+00
1.289999866485595703e+01
1.209707832336425781e+01
1.264672470092773438e+01
9.082299232482910156e+00
1.224366474151611328e+01
5.277259826660156250e+00
7.902695178985595703e+00
1.128403472900390625e+01
4.349845409393310547e+00
1.034084892272949219e+01
1.078120517730712891e+01
9.795818328857421875e+00
1.219084453582763672e+01
9.785064697265625000e+00
1.122197532653808594e+01
3.113053798675537109e+00
8.818913459777832031e+00
1.047816467285156250e+01
1.211915779113769531e+01
9.153474807739257812e+00
1.138771915435791016e+01
1.129030227661132812e+01
1.025533390045166016e+01
1.667915153503417969e+01
1.044365501403808594e+01
1.253743934631347656e+01
9.485014915466308594e+00
1.328379726409912109e+01
1.220468521118164062e+01
1.119892883300781250e+01
1.340589904785156250e+01
1.286253643035888672e+01
4.921448707580566406e+00
1.051994228363037109e+01
1.267539310455322266e+01
1.193125534057617188e+01
1.395008087158203125e+01
1.308287715911865234e+01
1.158627891540527344e+01
1.113697528839111328e+01
1.316377544403076172e+01
1.158928775787353516e+01
1.055514717102050781e+01
3.619427442550659180e+00
3.493041515350341797e+00
1.112244033813476562e+01
1.248985767364501953e+01
9.561289787292480469e+00
1.266012573242187500e+01
1.036127376556396484e+01
1.082206821441650391e+01
1.159389400482177734e+01
1.123811244964599609e+01
7.388289451599121094e+00
9.366942405700683594e+00
5.525661468505859375e+00
1.363852310180664062e+01
1.028156566619873047e+01
4.633940219879150391e+00
1.065310001373291016e+01
1.279607868194580078e+01
4.475710868835449219e+00
5.538148880004882812e+00
3.541990756988525391e+00
1.117910480499267578e+01
1.202124309539794922e+01
8.730940818786621094e+00
1.221460342407226562e+01
1.091269016265869141e+01
1.463870429992675781e+01
1.280811977386474609e+01
1.212208366394042969e+01
1.260271167755126953e+01
4.103310108184814453e+00
7.644258975982666016e+00
1.016742897033691406e+01
1.174139404296875000e+01
1.050560951232910156e+01
9.828355789184570312e+00
1.040670204162597656e+01
8.110224723815917969e+00
1.120981311798095703e+01
9.323143959045410156e+00
8.134895324707031250e+00
7.946498870849609375e+00
8.993312835693359375e+00
9.990282058715820312e+00
1.009989261627197266e+01
1.207654380798339844e+01
4.690609455108642578e+00
8.788595199584960938e+00
1.106178283691406250e+01
9.386456489562988281e+00
1.034197807312011719e+01
9.423480033874511719e+00
1.605187225341796875e+01
1.416017150878906250e+01
9.477667808532714844e+00
9.255094528198242188e+00
1.047044754028320312e+01
4.696893692016601562e+00
1.596824359893798828e+01
7.362391948699951172e+00
9.412418365478515625e+00
1.137649440765380859e+01
1.150397872924804688e+01
1.340821647644042969e+01
1.637670135498046875e+01
5.626241207122802734e+00
8.933536529541015625e+00
9.360746383666992188e+00
9.366669654846191406e+00
9.394994735717773438e+00
7.891353607177734375e+00
1.229993057250976562e+01
9.866772651672363281e+00
1.103073024749755859e+01
1.076268482208251953e+01
5.056390762329101562e+00
9.894940376281738281e+00
1.410778427124023438e+01
9.700565338134765625e+00
9.271902084350585938e+00
1.155047321319580078e+01
1.146412372589111328e+01
1.023721408843994141e+01
9.660369873046875000e+00
1.201417636871337891e+01
1.173034477233886719e+01
8.800678253173828125e+00
1.112794780731201172e+01
1.239940738677978516e+01
1.112503623962402344e+01
1.043036746978759766e+01
8.795948028564453125e+00
1.285151576995849609e+01
1.041623878479003906e+01
1.106378173828125000e+01
8.218769073486328125e+00
1.061620140075683594e+01
7.968665599822998047e+00
1.134617614746093750e+01
1.305824756622314453e+01
1.143005943298339844e+01
9.320994377136230469e+00
7.198021888732910156e+00
1.329954719543457031e+01
1.486979007720947266e+01
6.440218925476074219e+00
1.072235202789306641e+01
1.280826568603515625e+01
9.898132324218750000e+00
1.184563541412353516e+01
1.016824245452880859e+01
1.290161132812500000e+01
1.158739662170410156e+01
1.275895214080810547e+01
1.078512096405029297e+01
1.455300140380859375e+01
8.414381980895996094e+00
1.431742095947265625e+01
1.049949359893798828e+01
1.233609580993652344e+01
1.200828361511230469e+01
1.366446685791015625e+01
1.070634269714355469e+01
9.474912643432617188e+00
1.070548343658447266e+01
1.031375503540039062e+01
1.115736961364746094e+01
1.042170906066894531e+01
1.060518932342529297e+01
1.168557262420654297e+01
1.134501838684082031e+01
1.291960906982421875e+01
1.275350856781005859e+01
1.075149345397949219e+01
9.234730720520019531e+00
1.165735054016113281e+01
1.127095603942871094e+01
1.022552871704101562e+01
8.598518371582031250e+00
9.736505508422851562e+00
1.270788002014160156e+01
9.089398384094238281e+00
6.586624622344970703e+00
9.651049613952636719e+00
1.201716804504394531e+01
1.082732868194580078e+01
4.250329017639160156e+00
4.418618202209472656e+00
1.305690670013427734e+01
1.431131839752197266e+01
1.330926513671875000e+01
1.245619106292724609e+01
1.225569438934326172e+01
1.031051635742187500e+01
4.671442985534667969e+00
1.174850749969482422e+01
1.421559047698974609e+01
1.227478027343750000e+01
1.120357513427734375e+01
5.412702083587646484e+00
1.306543064117431641e+01
1.225756454467773438e+01
1.007727146148681641e+01
1.194462871551513672e+01
1.094248867034912109e+01
5.199745655059814453e+00
7.924701213836669922e+00
9.307550430297851562e+00
8.053778648376464844e+00
1.350526523590087891e+01
9.995284080505371094e+00
7.980267524719238281e+00
1.130741596221923828e+01
1.063584613800048828e+01
4.563499450683593750e+00
9.915692329406738281e+00
1.218559265136718750e+01
6.130178451538085938e+00
1.395408248901367188e+01
1.218535614013671875e+01
1.182203769683837891e+01
1.353294849395751953e+01
