1.165045166015625000e+01
1.227237415313720703e+01
3.705855131149291992e+00
9.819986343383789062e+00
1.384025192260742188e+01
7.354450225830078125e+00
1.245684337615966797e+01
4.731232166290283203e+00
9.478044509887695312e+00
8.959612846374511719e+00
8.209576606750488281e+00
9.729417800903320312e+00
1.133899879455566406e+01
9.420310020446777344e+00
1.332173538208007812e+01
1.115577316284179688e+01
3.691252470016479492e+00
1.276310539245605469e+01
1.094644069671630859e+01
1.259348869323730469e+01
3.966860294342041016e+00
1.042578601837158203e+01
1.137945461273193359e+01
8.053061485290527344e+00
1.328043174743652344e+01
1.051825046539306641e+01
1.007948112487792969e+01
7.175128459930419922e+00
6.391449451446533203e+00
1.173470497131347656e+01
9.272655487060546875e+00
4.875555515289306641e+00
1.181633377075195312e+01
9.623749732971191406e+00
1.225731563568115234e+01
5.273126125335693359e+00
2.837904453277587891e+00
1.151671981811523438e+01
1.095289230346679688e+01
4.822107315063476562e+00
1.219422912597656250e+01
7.160182952880859375e+00
8.113918304443359375e+00
1.013979625701904297e+01
1.044956970214843750e+01
1.019326400756835938e+01
9.529347419738769531e+00
9.507742881774902344e+00
1.185999870300292969e+01
5.027108669281005859e+00
1.158959102630615234e+01
1.209507369995117188e+01
1.341215896606445312e+01
5.227061271667480469e+00
1.165857028961181641e+01
8.533881187438964844e+00
8.198390007019042969e+00
1.047699642181396484e+01
1.197106647491455078e+01
1.045309257507324219e+01
1.072318649291992188e+01
9.088693618774414062e+00
1.156062507629394531e+01
3.416989326477050781e+00
1.059005641937255859e+01
1.316398620605468750e+01
1.187892055511474609e+01
1.115930747985839844e+01
9.161378860473632812e+00
1.165515232086181641e+01
8.959191322326660156e+00
7.354683876037597656e+00
1.021371078491210938e+01
1.005135917663574219e+01
1.604477691650390625e+01
1.028296947479248047e+01
1.331698513031005859e+01
1.010515499114990234e+01
3.978488683700561523e+00
4.297903537750244141e+00
9.223129272460937500e+00
1.214723777770996094e+01
8.430915832519531250e+00
1.234031391143798828e+01
6.345752716064453125e+00
1.006760406494140625e+01
8.850927352905273438e+00
9.027266502380371094e+00
1.211674785614013672e+01
1.094949436187744141e+01
1.200429439544677734e+01
8.585358619689941406e+00
1.136521720886230469e+01
8.757543563842773438e+00
1.156508922576904297e+01
4.113596439361572266e+00
1.176395988464355469e+01
1.190254402160644531e+01
1.056201648712158203e+01
1.216041469573974609e+01
1.243337440490722656e+01
1.027490520477294922e+01
5.383289813995361328e+00
1.110854530334472656e+01
1.110748004913330078e+01
8.572577476501464844e+00
1.128256607055664062e+01
2.994753837585449219e+00
1.206564903259277344e+01
5.509540081024169922e+00
9.957906723022460938e+00
9.684791564941406250e+00
8.737350463867187500e+00
9.209958076477050781e+00
1.408419322967529297e+01
9.634699821472167969e+00
1.098293304443359375e+01
5.643544673919677734e+00
9.625492095947265625e+00
9.503161430358886719e+00
3.698910474777221680e+00
9.990630149841308594e+00
8.163368225097656250e+00
1.520890140533447266e+01
7.799245834350585938e+00
1.295400333404541016e+01
1.184389877319335938e+01
1.102609348297119141e+01
1.080360507965087891e+01
1.298400783538818359e+01
8.515292167663574219e+00
1.189786911010742188e+01
9.750303268432617188e+00
1.377917861938476562e+01
1.057012557983398438e+01
9.364439964294433594e+00
3.622306823730468750e+00
1.010248184204101562e+01
1.388214302062988281e+01
4.066868782043457031e+00
1.200806045532226562e+01
8.949029922485351562e+00
9.229896545410156250e+00
1.153603267669677734e+01
1.021512222290039062e+01
4.480635166168212891e+00
4.742932319641113281e+00
9.143554687500000000e+00
1.215280437469482422e+01
5.168704986572265625e+00
8.731518745422363281e+00
1.349953460693359375e+01
9.686944961547851562e+00
1.316819572448730469e+01
3.890607357025146484e+00
1.430610942840576172e+01
1.029206371307373047e+01
1.155352210998535156e+01
1.095734882354736328e+01
1.084167289733886719e+01
1.390793991088867188e+01
1.210427665710449219e+01
1.019425678253173828e+01
1.059308815002441406e+01
3.983495235443115234e+00
1.296400642395019531e+01
6.705130100250244141e+00
1.070767784118652344e+01
1.043877124786376953e+01
9.513644218444824219e+00
1.003645133972167969e+01
1.035592079162597656e+01
1.137292289733886719e+01
9.977861404418945312e+00
1.369437503814697266e+01
1.131429672241210938e+01
1.116524028778076172e+01
4.928280830383300781e+00
1.104327011108398438e+01
1.043489551544189453e+01
4.728741645812988281e+00
9.316788673400878906e+00
1.065838527679443359e+01
9.756815910339355469e+00
1.124788188934326172e+01
6.669641971588134766e+00
4.278458595275878906e+00
1.172207450866699219e+01
1.244417476654052734e+01
9.593090057373046875e+00
1.026398754119873047e+01
1.090726661682128906e+01
1.323568439483642578e+01
1.192625427246093750e+01
7.765490531921386719e+00
1.261332988739013672e+01
7.842509746551513672e+00
1.340659618377685547e+01
4.307618141174316406e+00
1.028865718841552734e+01
1.250802040100097656e+01
7.518746852874755859e+00
1.224777984619140625e+01
1.398421955108642578e+01
1.078943729400634766e+01
8.027745246887207031e+00
9.948366165161132812e+00
1.175336456298828125e+01
1.122805023193359375e+01
1.202517414093017578e+01
1.346526908874511719e+01
1.115739727020263672e+01
1.254722023010253906e+01
9.687010765075683594e+00
1.420283794403076172e+01
1.075290679931640625e+01
1.222054958343505859e+01
1.252918529510498047e+01
1.341763305664062500e+01
1.019183063507080078e+01
1.043799591064453125e+01
1.152980327606201172e+01
1.168410587310791016e+01
8.562525749206542969e+00
1.340763759613037109e+01
9.607340812683105469e+00
7.228067398071289062e+00
1.192991924285888672e+01
1.244906997680664062e+01
1.045460796356201172e+01
8.647389411926269531e+00
1.001637077331542969e+01
1.305055332183837891e+01
1.300962066650390625e+01
1.055874729156494141e+01
1.121359443664550781e+01
1.184394168853759766e+01
3.243542671203613281e+00
8.968743324279785156e+00
1.167075252532958984e+01
8.680411338806152344e+00
1.035772705078125000e+01
1.244832897186279297e+01
1.043639659881591797e+01
1.627168083190917969e+01
1.161164760589599609e+01
3.392209053039550781e+00
8.871136665344238281e+00
1.111340713500976562e+01
7.740711212158203125e+00
