5.246360778808593750e+00
1.301234436035156250e+01
1.071621131896972656e+01
1.072566986083984375e+01
1.118087768554687500e+01
1.069381523132324219e+01
3.524249076843261719e+00
1.197681713104248047e+01
1.357289981842041016e+01
1.294929027557373047e+01
8.241245269775390625e+00
1.207949161529541016e+01
5.524002552032470703e+00
1.259168052673339844e+01
1.189522361755371094e+01
1.176334285736083984e+01
8.300996780395507812e+00
9.430706024169921875e+00
1.256948375701904297e+01
1.344464778900146484e+01
4.533408164978027344e+00
1.455382823944091797e+01
9.824504852294921875e+00
1.111194801330566406e+01
1.304795646667480469e+01
1.079518890380859375e+01
4.710455417633056641e+00
1.020107841491699219e+01
1.389315414428710938e+01
1.339772033691406250e+01
9.272429466247558594e+00
1.238297653198242188e+01
1.129814529418945312e+01
1.215031623840332031e+01
3.584365367889404297e+00
1.302447414398193359e+01
1.284530162811279297e+01
1.194833660125732422e+01
9.998320579528808594e+00
1.247793865203857422e+01
1.170069122314453125e+01
1.150545692443847656e+01
1.179218482971191406e+01
1.631022644042968750e+01
1.383723354339599609e+01
9.533142089843750000e+00
9.746773719787597656e+00
4.873650074005126953e+00
1.143775844573974609e+01
1.297690868377685547e+01
4.146602153778076172e+00
4.997414112091064453e+00
1.173452377319335938e+01
1.078842258453369141e+01
7.569075107574462891e+00
1.152805995941162109e+01
9.740724563598632812e+00
1.117805862426757812e+01
7.766979217529296875e+00
5.565318107604980469e+00
1.160819339752197266e+01
1.071027183532714844e+01
1.239046764373779297e+01
1.411773872375488281e+01
1.055909729003906250e+01
1.320294475555419922e+01
1.207107734680175781e+01
1.414927005767822266e+01
1.053485107421875000e+01
1.252623176574707031e+01
1.038711547851562500e+01
8.214982032775878906e+00
9.671268463134765625e+00
1.259170913696289062e+01
1.435975074768066406e+01
9.441694259643554688e+00
8.875881195068359375e+00
9.422780990600585938e+00
1.324648094177246094e+01
3.721566677093505859e+00
4.095484733581542969e+00
1.126569747924804688e+01
8.570382118225097656e+00
1.333349704742431641e+01
9.299748420715332031e+00
1.500851440429687500e+01
5.462929248809814453e+00
1.424014282226562500e+01
9.709844589233398438e+00
1.166315364837646484e+01
1.210696887969970703e+01
9.177144050598144531e+00
1.045781135559082031e+01
1.040511226654052734e+01
1.278976726531982422e+01
4.651515960693359375e+00
1.010144996643066406e+01
1.044273567199707031e+01
1.229080963134765625e+01
1.230912590026855469e+01
1.016594314575195312e+01
9.957785606384277344e+00
8.416819572448730469e+00
1.502771759033203125e+01
3.721079111099243164e+00
1.341966629028320312e+01
1.362173461914062500e+01
9.169959068298339844e+00
1.021175003051757812e+01
1.333481979370117188e+01
8.005492210388183594e+00
8.914428710937500000e+00
9.221032142639160156e+00
9.891165733337402344e+00
8.686146736145019531e+00
9.701894760131835938e+00
1.268847465515136719e+01
1.256290054321289062e+01
9.161153793334960938e+00
9.597499847412109375e+00
1.173957347869873047e+01
8.724868774414062500e+00
9.461033821105957031e+00
7.197129249572753906e+00
1.393725299835205078e+01
1.365791130065917969e+01
1.387272262573242188e+01
1.137664222717285156e+01
1.065173721313476562e+01
1.022538471221923828e+01
1.141120147705078125e+01
1.163848972320556641e+01
9.941327095031738281e+00
8.602355957031250000e+00
9.768073081970214844e+00
1.107472991943359375e+01
1.147095012664794922e+01
8.992138862609863281e+00
4.005064010620117188e+00
1.176348972320556641e+01
1.086541843414306641e+01
8.956735610961914062e+00
1.007845878601074219e+01
1.389744377136230469e+01
1.092531013488769531e+01
1.317330646514892578e+01
3.798718929290771484e+00
9.590662002563476562e+00
1.001747322082519531e+01
1.112377548217773438e+01
1.195335388183593750e+01
1.087895107269287109e+01
7.708866119384765625e+00
1.577469635009765625e+01
9.933387756347656250e+00
9.853440284729003906e+00
1.185513305664062500e+01
1.139157867431640625e+01
1.095688819885253906e+01
3.957925796508789062e+00
3.849390506744384766e+00
1.109742736816406250e+01
1.111172199249267578e+01
1.245737457275390625e+01
1.169051647186279297e+01
1.059759426116943359e+01
1.177523517608642578e+01
1.351318931579589844e+01
1.206363296508789062e+01
1.487024879455566406e+01
1.367535305023193359e+01
1.576445865631103516e+01
1.168831634521484375e+01
1.361792469024658203e+01
9.676529884338378906e+00
1.140330696105957031e+01
1.140200138092041016e+01
1.356616020202636719e+01
1.041267395019531250e+01
1.548239898681640625e+01
1.067381286621093750e+01
1.547707366943359375e+01
1.147123622894287109e+01
8.465481758117675781e+00
1.239154815673828125e+01
1.354012107849121094e+01
8.791450500488281250e+00
8.654446601867675781e+00
1.097522830963134766e+01
4.215268611907958984e+00
9.288768768310546875e+00
1.236402130126953125e+01
8.796304702758789062e+00
1.218247699737548828e+01
1.178372001647949219e+01
1.145834350585937500e+01
1.093604183197021484e+01
1.427285575866699219e+01
1.169696044921875000e+01
1.055562782287597656e+01
8.678746223449707031e+00
1.192909240722656250e+01
1.169938182830810547e+01
1.091220283508300781e+01
3.544108867645263672e+00
4.511495113372802734e+00
1.275697135925292969e+01
4.582835674285888672e+00
1.422796726226806641e+01
1.516799068450927734e+01
7.926121711730957031e+00
4.086236953735351562e+00
1.055357646942138672e+01
9.262529373168945312e+00
1.072400379180908203e+01
3.818464040756225586e+00
1.153388690948486328e+01
9.900215148925781250e+00
9.575173377990722656e+00
1.210049438476562500e+01
1.224769306182861328e+01
1.454405403137207031e+01
1.214998149871826172e+01
1.345801258087158203e+01
6.203569412231445312e+00
1.238343524932861328e+01
8.046611785888671875e+00
1.155049228668212891e+01
1.166449832916259766e+01
7.855762481689453125e+00
1.054983901977539062e+01
9.720327377319335938e+00
1.050817871093750000e+01
1.026560688018798828e+01
1.120918846130371094e+01
8.560148239135742188e+00
1.138011360168457031e+01
1.259251880645751953e+01
1.356475353240966797e+01
4.109362602233886719e+00
1.126769542694091797e+01
1.015970516204833984e+01
9.275884628295898438e+00
1.277077770233154297e+01
1.106135463714599609e+01
9.129475593566894531e+00
1.329023265838623047e+01
7.834069252014160156e+00
1.247916889190673828e+01
1.362001132965087891e+01
