4.805386066436767578e+00
8.406080245971679688e+00
1.025832843780517578e+01
1.079075145721435547e+01
1.308240318298339844e+01
1.085222434997558594e+01
8.831498146057128906e+00
8.129430770874023438e+00
8.547932624816894531e+00
1.071719551086425781e+01
1.159266948699951172e+01
8.528931617736816406e+00
8.334159851074218750e+00
1.166965198516845703e+01
8.660794258117675781e+00
1.040181255340576172e+01
9.989284515380859375e+00
1.005521965026855469e+01
1.157716941833496094e+01
3.378935813903808594e+00
1.218910598754882812e+01
1.020060539245605469e+01
1.229226016998291016e+01
1.088598346710205078e+01
5.450856208801269531e+00
1.261001586914062500e+01
1.126724815368652344e+01
1.060989284515380859e+01
1.027365970611572266e+01
8.650546073913574219e+00
1.114977264404296875e+01
5.000022888183593750e+00
8.397015571594238281e+00
9.163580894470214844e+00
1.030476570129394531e+01
1.245116710662841797e+01
1.040319919586181641e+01
8.733768463134765625e+00
1.177998447418212891e+01
1.048246383666992188e+01
1.099213886260986328e+01
9.115794181823730469e+00
1.262824726104736328e+01
1.062596321105957031e+01
9.877658843994140625e+00
1.000457286834716797e+01
1.028161716461181641e+01
8.920785903930664062e+00
1.170807552337646484e+01
4.698929309844970703e+00
4.028312206268310547e+00
8.925690650939941406e+00
1.155573081970214844e+01
1.011375236511230469e+01
1.309251976013183594e+01
1.051879596710205078e+01
1.125565052032470703e+01
1.156472873687744141e+01
1.123291397094726562e+01
6.663879394531250000e+00
1.344300556182861328e+01
1.033715343475341797e+01
1.403195190429687500e+01
9.934348106384277344e+00
9.200785636901855469e+00
1.013153362274169922e+01
9.715456962585449219e+00
9.216407775878906250e+00
1.016072940826416016e+01
1.082176208496093750e+01
9.662961959838867188e+00
1.125097370147705078e+01
9.217761993408203125e+00
1.131038284301757812e+01
1.146792411804199219e+01
1.182950305938720703e+01
4.817442417144775391e+00
9.544350624084472656e+00
9.778200149536132812e+00
9.313055038452148438e+00
1.024154567718505859e+01
8.523524284362792969e+00
1.514597415924072266e+01
9.494716644287109375e+00
7.929791927337646484e+00
9.427786827087402344e+00
1.173662567138671875e+01
9.631695747375488281e+00
1.000144195556640625e+01
1.000008583068847656e+01
1.223803424835205078e+01
4.231509208679199219e+00
4.376091003417968750e+00
1.096839427947998047e+01
1.074920177459716797e+01
9.542809486389160156e+00
1.010560131072998047e+01
1.095719718933105469e+01
1.069966602325439453e+01
9.616451263427734375e+00
4.591418266296386719e+00
8.413793563842773438e+00
9.309995651245117188e+00
8.589259147644042969e+00
1.164507865905761719e+01
8.889229774475097656e+00
9.918003082275390625e+00
1.281545543670654297e+01
1.006505870819091797e+01
9.684949874877929688e+00
1.325860214233398438e+01
5.281605720520019531e+00
1.160072708129882812e+01
1.193901252746582031e+01
1.254876422882080078e+01
3.603586435317993164e+00
1.040157032012939453e+01
8.446661949157714844e+00
5.791289806365966797e+00
4.296378612518310547e+00
7.144280433654785156e+00
8.072096824645996094e+00
1.083546066284179688e+01
7.875767230987548828e+00
9.261915206909179688e+00
8.869642257690429688e+00
1.056576251983642578e+01
9.894493103027343750e+00
1.156107711791992188e+01
7.632210731506347656e+00
1.039171028137207031e+01
1.100830936431884766e+01
1.122766113281250000e+01
1.088878631591796875e+01
9.737065315246582031e+00
8.958383560180664062e+00
9.455925941467285156e+00
7.871439456939697266e+00
1.175938320159912109e+01
9.478884696960449219e+00
1.341463661193847656e+01
8.601375579833984375e+00
1.019518184661865234e+01
1.053796958923339844e+01
1.256067562103271484e+01
1.025101947784423828e+01
1.023680019378662109e+01
1.101911640167236328e+01
9.838389396667480469e+00
8.688266754150390625e+00
9.945703506469726562e+00
8.349468231201171875e+00
5.274315834045410156e+00
1.086124229431152344e+01
1.135983943939208984e+01
9.721584320068359375e+00
1.142420196533203125e+01
9.301954269409179688e+00
1.040794372558593750e+01
9.940545082092285156e+00
9.547240257263183594e+00
9.663130760192871094e+00
9.712812423706054688e+00
9.833205223083496094e+00
1.092007541656494141e+01
1.001583671569824219e+01
8.518726348876953125e+00
9.723440170288085938e+00
5.060203552246093750e+00
7.516267299652099609e+00
9.716814994812011719e+00
1.024975013732910156e+01
1.308264636993408203e+01
1.016246891021728516e+01
3.520704030990600586e+00
9.086013793945312500e+00
1.058680629730224609e+01
7.943514823913574219e+00
1.444994735717773438e+01
8.339951515197753906e+00
1.321442985534667969e+01
8.379496574401855469e+00
9.238786697387695312e+00
1.014835929870605469e+01
9.199177742004394531e+00
3.729557991027832031e+00
3.640441179275512695e+00
4.323418617248535156e+00
1.130287551879882812e+01
9.670257568359375000e+00
9.408019065856933594e+00
1.385640525817871094e+01
3.130561590194702148e+00
6.206305980682373047e+00
8.486952781677246094e+00
1.027883148193359375e+01
1.057510375976562500e+01
9.023542404174804688e+00
1.131335258483886719e+01
3.959930181503295898e+00
1.152845096588134766e+01
1.296317577362060547e+01
1.114488601684570312e+01
1.194968509674072266e+01
1.131746482849121094e+01
9.648675918579101562e+00
1.473926639556884766e+01
7.558790683746337891e+00
9.204716682434082031e+00
9.360064506530761719e+00
1.003457355499267578e+01
9.638792037963867188e+00
9.590312957763671875e+00
9.950858116149902344e+00
8.565362930297851562e+00
4.482378959655761719e+00
1.186534690856933594e+01
1.267569255828857422e+01
1.025698184967041016e+01
1.197856616973876953e+01
1.090660667419433594e+01
8.942053794860839844e+00
9.985758781433105469e+00
9.493268013000488281e+00
9.385951995849609375e+00
9.064841270446777344e+00
1.464813518524169922e+01
7.686194419860839844e+00
1.037956142425537109e+01
1.067370891571044922e+01
1.128330135345458984e+01
8.006744384765625000e+00
1.422987651824951172e+01
9.865525245666503906e+00
8.675105094909667969e+00
4.760765075683593750e+00
8.975826263427734375e+00
1.200853729248046875e+01
7.781933784484863281e+00
1.067202377319335938e+01
8.044704437255859375e+00
9.244420051574707031e+00
3.190730571746826172e+00
1.010177230834960938e+01
8.579471588134765625e+00
8.917860984802246094e+00
6.716350078582763672e+00
1.120205688476562500e+01
3.998569726943969727e+00
9.224716186523437500e+00
