1.192914485931396484e+01
1.061470603942871094e+01
8.497995376586914062e+00
1.018289661407470703e+01
1.386062145233154297e+01
1.187474346160888672e+01
1.082589054107666016e+01
9.384221076965332031e+00
9.415662765502929688e+00
1.281539154052734375e+01
3.730448961257934570e+00
1.177768993377685547e+01
8.495786666870117188e+00
1.054100418090820312e+01
9.577384948730468750e+00
4.862694740295410156e+00
1.041793632507324219e+01
1.165562438964843750e+01
1.442741107940673828e+01
1.240606498718261719e+01
1.013278388977050781e+01
1.142853832244873047e+01
8.558598518371582031e+00
1.239373493194580078e+01
8.927281379699707031e+00
1.129403877258300781e+01
1.350583267211914062e+01
8.808321952819824219e+00
9.550339698791503906e+00
1.132067680358886719e+01
1.061262893676757812e+01
1.034300231933593750e+01
1.065189552307128906e+01
4.766537189483642578e+00
5.038286209106445312e+00
1.506810760498046875e+01
1.382254123687744141e+01
1.211997985839843750e+01
9.352262496948242188e+00
1.053187847137451172e+01
1.113575839996337891e+01
1.210607814788818359e+01
3.919921159744262695e+00
1.180296802520751953e+01
1.085168838500976562e+01
1.043124008178710938e+01
8.034734725952148438e+00
1.065139865875244141e+01
8.982498168945312500e+00
8.511206626892089844e+00
1.551496505737304688e+01
6.753060340881347656e+00
1.444742679595947266e+01
1.134508132934570312e+01
1.115165615081787109e+01
1.110420894622802734e+01
1.157799530029296875e+01
1.132963657379150391e+01
3.582571029663085938e+00
8.928312301635742188e+00
8.125486373901367188e+00
1.235337734222412109e+01
1.226685237884521484e+01
8.758673667907714844e+00
1.145396995544433594e+01
8.221556663513183594e+00
1.386843872070312500e+01
3.885702848434448242e+00
1.033412742614746094e+01
8.489883422851562500e+00
1.127360057830810547e+01
1.288226795196533203e+01
1.072326087951660156e+01
1.347913074493408203e+01
1.256645870208740234e+01
9.466114044189453125e+00
5.276711940765380859e+00
8.286578178405761719e+00
8.657651901245117188e+00
1.203775405883789062e+01
7.091201782226562500e+00
1.229729652404785156e+01
1.310140705108642578e+01
1.192508316040039062e+01
1.011298274993896484e+01
1.058116245269775391e+01
1.177094268798828125e+01
8.300845146179199219e+00
3.468298912048339844e+00
4.609516620635986328e+00
1.193958187103271484e+01
8.386085510253906250e+00
9.626938819885253906e+00
1.015268898010253906e+01
8.817448616027832031e+00
8.024522781372070312e+00
9.130112648010253906e+00
9.499400138854980469e+00
1.479623603820800781e+01
1.306753921508789062e+01
1.073788261413574219e+01
9.913313865661621094e+00
1.372330379486083984e+01
1.081374073028564453e+01
1.486740207672119141e+01
6.841715812683105469e+00
6.238139152526855469e+00
5.795202732086181641e+00
8.247588157653808594e+00
4.496396064758300781e+00
1.119668197631835938e+01
8.979172706604003906e+00
7.082022666931152344e+00
1.316730785369873047e+01
1.250652599334716797e+01
6.779161930084228516e+00
1.136170959472656250e+01
1.135950565338134766e+01
4.097519397735595703e+00
1.226008129119873047e+01
9.433761596679687500e+00
1.066218471527099609e+01
6.983471393585205078e+00
9.774688720703125000e+00
1.097534561157226562e+01
9.711258888244628906e+00
1.115355873107910156e+01
9.804554939270019531e+00
1.219313430786132812e+01
8.999698638916015625e+00
4.021740436553955078e+00
1.146904277801513672e+01
1.081735801696777344e+01
7.982190608978271484e+00
4.082479000091552734e+00
7.785687446594238281e+00
8.626915931701660156e+00
9.593612670898437500e+00
8.669661521911621094e+00
8.613231658935546875e+00
1.115782642364501953e+01
7.915765762329101562e+00
4.145570755004882812e+00
9.398257255554199219e+00
1.157988262176513672e+01
7.673394680023193359e+00
9.982557296752929688e+00
5.330910682678222656e+00
9.383070945739746094e+00
7.215221881866455078e+00
1.015524291992187500e+01
7.979828357696533203e+00
1.181372833251953125e+01
1.169206047058105469e+01
1.024487876892089844e+01
8.206456184387207031e+00
1.199968910217285156e+01
1.012518310546875000e+01
1.337850284576416016e+01
1.346765518188476562e+01
1.404215526580810547e+01
1.179488658905029297e+01
9.317917823791503906e+00
8.859509468078613281e+00
1.180231857299804688e+01
8.019763946533203125e+00
8.606545448303222656e+00
9.429385185241699219e+00
1.118189620971679688e+01
1.043146705627441406e+01
4.478177547454833984e+00
1.108865737915039062e+01
1.168246269226074219e+01
8.847865104675292969e+00
1.121034526824951172e+01
1.284462833404541016e+01
1.180288410186767578e+01
1.190795612335205078e+01
1.118055438995361328e+01
1.297738933563232422e+01
1.438746452331542969e+01
1.271457290649414062e+01
1.006919002532958984e+01
1.482524299621582031e+01
1.276612758636474609e+01
1.133719158172607422e+01
7.338888645172119141e+00
4.759175300598144531e+00
1.613696670532226562e+01
1.144416141510009766e+01
3.684655427932739258e+00
3.909038782119750977e+00
7.840077877044677734e+00
1.127767848968505859e+01
1.167072296142578125e+01
1.188657665252685547e+01
1.065985965728759766e+01
1.034078884124755859e+01
1.246144485473632812e+01
9.662958145141601562e+00
8.943814277648925781e+00
8.572434425354003906e+00
1.347490978240966797e+01
9.339875221252441406e+00
1.060725879669189453e+01
1.085133457183837891e+01
1.003975486755371094e+01
1.056433105468750000e+01
8.456102371215820312e+00
9.904838562011718750e+00
1.105031967163085938e+01
1.343515491485595703e+01
1.020664024353027344e+01
1.186138629913330078e+01
8.235608100891113281e+00
1.210249519348144531e+01
9.314943313598632812e+00
1.366556930541992188e+01
9.062541007995605469e+00
1.050037860870361328e+01
1.149915218353271484e+01
1.075650787353515625e+01
1.168179988861083984e+01
7.517744064331054688e+00
1.374229812622070312e+01
1.354634189605712891e+01
1.338833236694335938e+01
1.170599460601806641e+01
1.009467506408691406e+01
1.072904491424560547e+01
9.048332214355468750e+00
1.022850131988525391e+01
9.279787063598632812e+00
1.182831096649169922e+01
9.897090911865234375e+00
9.222906112670898438e+00
1.232546138763427734e+01
1.236098384857177734e+01
9.869194030761718750e+00
1.087763404846191406e+01
1.267113876342773438e+01
1.125188732147216797e+01
1.056969833374023438e+01
1.287378501892089844e+01
1.070371055603027344e+01
9.183493614196777344e+00
1.084776496887207031e+01
1.136032295227050781e+01
1.530634784698486328e+01
8.112757682800292969e+00
