9.655631065368652344e+00
9.537087440490722656e+00
1.180893898010253906e+01
3.654228687286376953e+00
1.277374839782714844e+01
6.895803928375244141e+00
5.027976989746093750e+00
4.899148941040039062e+00
1.338576984405517578e+01
1.038310241699218750e+01
1.186449718475341797e+01
1.082960605621337891e+01
9.047071456909179688e+00
1.009527492523193359e+01
1.209981822967529297e+01
8.801488876342773438e+00
3.738692760467529297e+00
4.100453376770019531e+00
9.570299148559570312e+00
6.306618690490722656e+00
8.528445243835449219e+00
1.122111797332763672e+01
1.128633117675781250e+01
6.545402050018310547e+00
1.329479980468750000e+01
3.616128683090209961e+00
9.214836120605468750e+00
1.209594917297363281e+01
7.742753505706787109e+00
1.142185115814208984e+01
5.327153682708740234e+00
1.251782512664794922e+01
1.263534545898437500e+01
3.875128984451293945e+00
1.088420963287353516e+01
7.990248203277587891e+00
7.803980827331542969e+00
9.237904548645019531e+00
1.218198776245117188e+01
7.050740242004394531e+00
1.110161876678466797e+01
1.016979694366455078e+01
1.377451229095458984e+01
1.316462612152099609e+01
3.934597730636596680e+00
1.239604473114013672e+01
9.115992546081542969e+00
1.180025482177734375e+01
1.242453479766845703e+01
7.079877376556396484e+00
8.676601409912109375e+00
9.829745292663574219e+00
1.085440921783447266e+01
3.343440294265747070e+00
8.985124588012695312e+00
1.154517555236816406e+01
1.176386737823486328e+01
8.904057502746582031e+00
8.217871665954589844e+00
1.241034412384033203e+01
1.229730224609375000e+01
9.446902275085449219e+00
1.176034736633300781e+01
7.550371646881103516e+00
9.908583641052246094e+00
1.183981513977050781e+01
1.010140991210937500e+01
1.100843811035156250e+01
1.474231052398681641e+01
9.683991432189941406e+00
9.157406806945800781e+00
3.212049484252929688e+00
1.432426166534423828e+01
1.125524425506591797e+01
9.933893203735351562e+00
8.559759140014648438e+00
1.106615257263183594e+01
1.098068332672119141e+01
1.015585231781005859e+01
1.177936267852783203e+01
1.151238727569580078e+01
1.063453674316406250e+01
6.494557857513427734e+00
8.695591926574707031e+00
1.027497768402099609e+01
3.607033252716064453e+00
1.271601390838623047e+01
8.284031867980957031e+00
1.199092578887939453e+01
7.733138084411621094e+00
1.042140388488769531e+01
1.011131286621093750e+01
1.119633293151855469e+01
9.213232994079589844e+00
8.304549217224121094e+00
9.983383178710937500e+00
1.136400508880615234e+01
1.043531990051269531e+01
1.152418136596679688e+01
1.062770843505859375e+01
9.343395233154296875e+00
1.044792747497558594e+01
8.098087310791015625e+00
1.158982467651367188e+01
1.038531780242919922e+01
1.156895446777343750e+01
1.182842159271240234e+01
8.828192710876464844e+00
6.998425483703613281e+00
6.872901916503906250e+00
1.075284385681152344e+01
1.068421268463134766e+01
9.681535720825195312e+00
1.045658493041992188e+01
9.983410835266113281e+00
8.579542160034179688e+00
1.197399997711181641e+01
1.016834163665771484e+01
4.967102527618408203e+00
1.029775238037109375e+01
8.432299613952636719e+00
9.738388061523437500e+00
1.041249656677246094e+01
1.100536441802978516e+01
1.172459316253662109e+01
8.034286499023437500e+00
1.401108074188232422e+01
1.105640316009521484e+01
4.112444877624511719e+00
8.919775009155273438e+00
1.012481021881103516e+01
3.510730743408203125e+00
9.059306144714355469e+00
1.036107826232910156e+01
1.062241744995117188e+01
1.067177581787109375e+01
1.138486385345458984e+01
8.813194274902343750e+00
9.683025360107421875e+00
1.207762622833251953e+01
9.655535697937011719e+00
8.814066886901855469e+00
4.320600509643554688e+00
8.232201576232910156e+00
1.059001064300537109e+01
1.070303535461425781e+01
1.043422412872314453e+01
8.144035339355468750e+00
1.122156715393066406e+01
9.923533439636230469e+00
1.045340442657470703e+01
3.252850770950317383e+00
1.059914588928222656e+01
1.251887321472167969e+01
1.003470230102539062e+01
8.663543701171875000e+00
1.200395488739013672e+01
9.959425926208496094e+00
8.456546783447265625e+00
1.249697017669677734e+01
7.408269882202148438e+00
7.988680839538574219e+00
3.552620887756347656e+00
9.854023933410644531e+00
9.995170593261718750e+00
1.217383766174316406e+01
1.019958686828613281e+01
7.815921783447265625e+00
1.038964748382568359e+01
1.135145378112792969e+01
8.644120216369628906e+00
9.701716423034667969e+00
1.145243072509765625e+01
9.705434799194335938e+00
8.589492797851562500e+00
1.109581947326660156e+01
1.469769287109375000e+01
9.348404884338378906e+00
1.052050399780273438e+01
8.883605003356933594e+00
9.813447952270507812e+00
1.129336166381835938e+01
1.053470325469970703e+01
9.069146156311035156e+00
1.207381629943847656e+01
8.897692680358886719e+00
1.057372188568115234e+01
7.622407436370849609e+00
1.044668769836425781e+01
1.130197429656982422e+01
6.751109600067138672e+00
1.286968612670898438e+01
1.017474365234375000e+01
7.233248710632324219e+00
1.248202228546142578e+01
1.078993129730224609e+01
1.046848201751708984e+01
3.585832357406616211e+00
1.152145385742187500e+01
1.203352737426757812e+01
1.147080707550048828e+01
9.998852729797363281e+00
8.549297332763671875e+00
1.062773418426513672e+01
1.101354503631591797e+01
9.960241317749023438e+00
1.435249137878417969e+01
9.302179336547851562e+00
1.605410194396972656e+01
1.012807559967041016e+01
1.204197978973388672e+01
1.144656181335449219e+01
1.331956863403320312e+01
1.034038448333740234e+01
4.261335849761962891e+00
1.096882629394531250e+01
8.826108932495117188e+00
9.267837524414062500e+00
1.145002937316894531e+01
1.014571571350097656e+01
1.193650341033935547e+01
1.196555709838867188e+01
1.022359848022460938e+01
7.841839313507080078e+00
1.301809120178222656e+01
7.969866275787353516e+00
1.319210529327392578e+01
4.061268329620361328e+00
9.967803955078125000e+00
9.597100257873535156e+00
1.422049236297607422e+01
1.066069698333740234e+01
4.332316398620605469e+00
1.120599555969238281e+01
1.472464847564697266e+01
9.917698860168457031e+00
9.491116523742675781e+00
8.954297065734863281e+00
1.114988231658935547e+01
9.176744461059570312e+00
1.221022987365722656e+01
1.114274883270263672e+01
1.321275615692138672e+01
1.011618423461914062e+01
1.116935253143310547e+01
1.389237689971923828e+01
5.081209182739257812e+00
9.469574928283691406e+00
1.204703426361083984e+01
3.969673633575439453e+00
