9.089106559753417969e+00
1.141532421112060547e+01
1.138101959228515625e+01
3.783547639846801758e+00
3.614580154418945312e+00
9.146288871765136719e+00
1.113646221160888672e+01
8.298157691955566406e+00
1.356225395202636719e+01
7.494666576385498047e+00
1.140942573547363281e+01
5.090909004211425781e+00
9.358404159545898438e+00
1.136180973052978516e+01
1.068232536315917969e+01
9.265158653259277344e+00
4.800544738769531250e+00
1.036204338073730469e+01
1.098529052734375000e+01
1.301852989196777344e+01
1.476226806640625000e+01
9.854699134826660156e+00
1.189262008666992188e+01
5.082280635833740234e+00
1.120013999938964844e+01
1.032051372528076172e+01
7.944358825683593750e+00
1.357107543945312500e+01
1.331073093414306641e+01
1.254673957824707031e+01
1.384654712677001953e+01
1.382845401763916016e+01
1.007301902770996094e+01
1.022171497344970703e+01
1.276574516296386719e+01
1.066362190246582031e+01
1.076022815704345703e+01
1.121802234649658203e+01
8.659665107727050781e+00
9.038146972656250000e+00
8.764820098876953125e+00
9.542577743530273438e+00
1.314505577087402344e+01
1.245803356170654297e+01
1.142407226562500000e+01
1.257538318634033203e+01
1.288142585754394531e+01
1.139256668090820312e+01
9.741852760314941406e+00
1.015179538726806641e+01
1.162941074371337891e+01
1.032826805114746094e+01
1.113040924072265625e+01
5.394425392150878906e+00
8.898286819458007812e+00
7.871708869934082031e+00
9.413777351379394531e+00
1.085174274444580078e+01
1.101686668395996094e+01
9.930617332458496094e+00
1.129004192352294922e+01
1.074752235412597656e+01
1.117704296112060547e+01
1.285401630401611328e+01
1.041616821289062500e+01
8.125792503356933594e+00
1.150447654724121094e+01
1.072653388977050781e+01
3.787812948226928711e+00
1.193851375579833984e+01
1.172261810302734375e+01
1.256206417083740234e+01
9.113762855529785156e+00
1.596361923217773438e+01
1.406435489654541016e+01
1.004916191101074219e+01
4.038606643676757812e+00
8.711310386657714844e+00
1.196564388275146484e+01
1.091480445861816406e+01
9.037006378173828125e+00
8.992162704467773438e+00
1.194017887115478516e+01
7.828295707702636719e+00
1.356091785430908203e+01
4.426719665527343750e+00
1.000695800781250000e+01
1.229018115997314453e+01
8.468358993530273438e+00
1.357577800750732422e+01
7.981686592102050781e+00
1.145479965209960938e+01
1.267727279663085938e+01
1.183918666839599609e+01
9.699950218200683594e+00
1.107596778869628906e+01
9.436982154846191406e+00
1.128392982482910156e+01
1.117695808410644531e+01
1.328185367584228516e+01
1.410451507568359375e+01
1.175434017181396484e+01
1.123789596557617188e+01
1.035058212280273438e+01
1.059230709075927734e+01
1.446914482116699219e+01
1.722469711303710938e+01
8.251294136047363281e+00
1.263930988311767578e+01
9.626869201660156250e+00
1.528986835479736328e+01
4.094027519226074219e+00
9.338562011718750000e+00
5.195153236389160156e+00
8.983588218688964844e+00
1.059101486206054688e+01
8.061005592346191406e+00
1.224407482147216797e+01
4.459849834442138672e+00
1.127056407928466797e+01
7.546288013458251953e+00
1.461132907867431641e+01
1.575113487243652344e+01
1.381031703948974609e+01
1.259320449829101562e+01
1.167793655395507812e+01
8.899147987365722656e+00
9.301290512084960938e+00
1.061293315887451172e+01
1.046184539794921875e+01
1.378027153015136719e+01
8.856002807617187500e+00
1.536769294738769531e+01
1.269918060302734375e+01
1.441625499725341797e+01
1.238153743743896484e+01
1.162637329101562500e+01
1.093304061889648438e+01
1.045806407928466797e+01
1.211084079742431641e+01
3.391075372695922852e+00
1.175188541412353516e+01
1.016315364837646484e+01
1.030023384094238281e+01
1.098643016815185547e+01
5.443713665008544922e+00
1.015588855743408203e+01
1.293078136444091797e+01
7.925896644592285156e+00
9.750684738159179688e+00
9.396278381347656250e+00
1.250760841369628906e+01
1.188509654998779297e+01
1.175716209411621094e+01
7.494548320770263672e+00
1.052162361145019531e+01
1.104824638366699219e+01
1.081663036346435547e+01
1.173947906494140625e+01
1.059317779541015625e+01
8.788822174072265625e+00
6.051004409790039062e+00
1.039544200897216797e+01
9.322092056274414062e+00
1.062573528289794922e+01
1.301881408691406250e+01
1.099883365631103516e+01
1.293575286865234375e+01
1.026549816131591797e+01
1.147207832336425781e+01
1.468697834014892578e+01
1.138091945648193359e+01
1.077187156677246094e+01
1.313614082336425781e+01
1.068179512023925781e+01
1.297949600219726562e+01
9.070146560668945312e+00
1.268391418457031250e+01
9.857276916503906250e+00
9.224333763122558594e+00
1.032426834106445312e+01
1.439858245849609375e+01
9.249486923217773438e+00
9.116121292114257812e+00
9.416988372802734375e+00
1.535717487335205078e+01
9.313926696777343750e+00
1.335342216491699219e+01
9.516618728637695312e+00
1.131776714324951172e+01
1.017093753814697266e+01
3.815103769302368164e+00
9.366320610046386719e+00
1.142995071411132812e+01
3.440992593765258789e+00
1.166683578491210938e+01
1.165901851654052734e+01
1.111148643493652344e+01
9.889636039733886719e+00
1.214573001861572266e+01
7.919565200805664062e+00
1.057824325561523438e+01
6.695348262786865234e+00
9.363516807556152344e+00
8.144987106323242188e+00
1.225653934478759766e+01
3.650742530822753906e+00
1.069587421417236328e+01
5.072788238525390625e+00
9.898862838745117188e+00
1.183223915100097656e+01
4.935851573944091797e+00
1.261429691314697266e+01
1.365711021423339844e+01
3.923105716705322266e+00
1.175718688964843750e+01
1.099081897735595703e+01
1.002605438232421875e+01
4.692431926727294922e+00
1.190014839172363281e+01
1.088104152679443359e+01
7.898818016052246094e+00
1.377135181427001953e+01
7.612987995147705078e+00
1.229752159118652344e+01
1.380703830718994141e+01
1.291749477386474609e+01
9.359125137329101562e+00
1.197942066192626953e+01
1.125287437438964844e+01
8.723071098327636719e+00
5.435938835144042969e+00
1.078235721588134766e+01
1.222881031036376953e+01
9.376768112182617188e+00
1.419372749328613281e+01
8.462152481079101562e+00
1.131208038330078125e+01
8.895189285278320312e+00
1.121476459503173828e+01
1.166605472564697266e+01
1.075328636169433594e+01
1.058484458923339844e+01
9.347740173339843750e+00
1.460527038574218750e+01
1.110591030120849609e+01
1.254763698577880859e+01
1.202916336059570312e+01
1.111397171020507812e+01
1.075638198852539062e+01
