1.273281383514404297e+01
1.069307231903076172e+01
1.205134487152099609e+01
7.412271022796630859e+00
5.643212318420410156e+00
8.197016716003417969e+00
9.763386726379394531e+00
1.004732608795166016e+01
9.339547157287597656e+00
4.404660224914550781e+00
9.676450729370117188e+00
7.215528488159179688e+00
5.711435794830322266e+00
1.110732555389404297e+01
1.165188694000244141e+01
3.225237131118774414e+00
1.353279781341552734e+01
4.316241741180419922e+00
1.363636970520019531e+01
1.136163043975830078e+01
8.581832885742187500e+00
6.539474487304687500e+00
8.016281127929687500e+00
7.525072097778320312e+00
1.109959602355957031e+01
1.350423145294189453e+01
1.516124153137207031e+01
1.120228481292724609e+01
4.779206275939941406e+00
1.020376110076904297e+01
8.195076942443847656e+00
1.176682758331298828e+01
1.121313858032226562e+01
1.171592521667480469e+01
1.045100021362304688e+01
9.029120445251464844e+00
1.514798164367675781e+01
4.744482040405273438e+00
1.085280799865722656e+01
1.135408115386962891e+01
1.119871997833251953e+01
9.723643302917480469e+00
5.831366062164306641e+00
9.168687820434570312e+00
1.174327468872070312e+01
1.138135433197021484e+01
1.125643539428710938e+01
9.180492401123046875e+00
1.522832965850830078e+01
9.232755661010742188e+00
4.503552436828613281e+00
1.113555335998535156e+01
1.211767005920410156e+01
8.724509239196777344e+00
6.466185569763183594e+00
9.658636093139648438e+00
8.503873825073242188e+00
4.520614624023437500e+00
4.643349170684814453e+00
1.253607654571533203e+01
1.125231075286865234e+01
1.222889804840087891e+01
8.983272552490234375e+00
8.212209701538085938e+00
1.257799911499023438e+01
1.310988330841064453e+01
9.024909019470214844e+00
1.004593563079833984e+01
9.383601188659667969e+00
6.894559860229492188e+00
1.272602844238281250e+01
1.045475482940673828e+01
1.251548385620117188e+01
1.017382526397705078e+01
6.567254066467285156e+00
3.659107446670532227e+00
1.053240203857421875e+01
1.373432540893554688e+01
1.346138477325439453e+01
1.057975006103515625e+01
1.107984924316406250e+01
8.238879203796386719e+00
1.302528667449951172e+01
1.175578880310058594e+01
4.224918365478515625e+00
9.726659774780273438e+00
9.420998573303222656e+00
9.092964172363281250e+00
9.466640472412109375e+00
9.843125343322753906e+00
1.142584228515625000e+01
7.892019748687744141e+00
1.008630561828613281e+01
8.559557914733886719e+00
1.017746353149414062e+01
4.627876281738281250e+00
9.482953071594238281e+00
1.261745357513427734e+01
2.895169734954833984e+00
9.641998291015625000e+00
1.165513134002685547e+01
1.281884670257568359e+01
9.319123268127441406e+00
1.224106502532958984e+01
1.084701919555664062e+01
8.906068801879882812e+00
1.351521205902099609e+01
1.376574611663818359e+01
1.222232627868652344e+01
8.684498786926269531e+00
1.075755214691162109e+01
1.242315387725830078e+01
3.596401214599609375e+00
1.073427581787109375e+01
1.093873023986816406e+01
1.065777015686035156e+01
1.005470943450927734e+01
3.778976202011108398e+00
4.282525539398193359e+00
8.909932136535644531e+00
8.728260040283203125e+00
4.033812999725341797e+00
1.173895931243896484e+01
1.069983005523681641e+01
1.085409736633300781e+01
1.327049541473388672e+01
1.157358264923095703e+01
1.092934989929199219e+01
1.276019668579101562e+01
1.502838993072509766e+01
1.093270587921142578e+01
4.645640850067138672e+00
1.479560470581054688e+01
8.414352416992187500e+00
9.357481002807617188e+00
4.227916717529296875e+00
1.354729366302490234e+01
8.297131538391113281e+00
9.436144828796386719e+00
9.795431137084960938e+00
1.093927574157714844e+01
7.893236160278320312e+00
8.375578880310058594e+00
1.075537300109863281e+01
1.047157859802246094e+01
6.749314785003662109e+00
8.957402229309082031e+00
8.813240051269531250e+00
1.186257743835449219e+01
8.581639289855957031e+00
1.070542907714843750e+01
8.636555671691894531e+00
1.084683513641357422e+01
1.027660751342773438e+01
1.103777980804443359e+01
1.041621398925781250e+01
1.223364830017089844e+01
1.086745548248291016e+01
1.296770000457763672e+01
8.076676368713378906e+00
8.477448463439941406e+00
1.018321037292480469e+01
1.111994266510009766e+01
7.537642478942871094e+00
1.118327426910400391e+01
8.968342781066894531e+00
1.229197502136230469e+01
9.998139381408691406e+00
6.960363388061523438e+00
8.366267204284667969e+00
7.426618576049804688e+00
7.502976417541503906e+00
7.559710502624511719e+00
9.071665763854980469e+00
1.158416557312011719e+01
8.057768821716308594e+00
1.207243824005126953e+01
1.105761146545410156e+01
9.465348243713378906e+00
9.517458915710449219e+00
1.353493213653564453e+01
7.921537876129150391e+00
1.055400466918945312e+01
8.619058609008789062e+00
9.534258842468261719e+00
1.040844345092773438e+01
7.757980823516845703e+00
9.803874015808105469e+00
1.181243610382080078e+01
1.150423526763916016e+01
1.036304950714111328e+01
4.786987304687500000e+00
1.140945434570312500e+01
8.417366981506347656e+00
1.122898674011230469e+01
9.220220565795898438e+00
1.195699596405029297e+01
3.695316553115844727e+00
1.150771141052246094e+01
1.195675659179687500e+01
1.157000541687011719e+01
7.372845172882080078e+00
9.128916740417480469e+00
1.395706558227539062e+01
9.274456024169921875e+00
3.994990825653076172e+00
1.446176242828369141e+01
1.080177688598632812e+01
3.597512960433959961e+00
9.204710006713867188e+00
1.228474903106689453e+01
1.090771675109863281e+01
1.032123184204101562e+01
8.769991874694824219e+00
9.230953216552734375e+00
9.518958091735839844e+00
8.806700706481933594e+00
1.115776062011718750e+01
4.059390068054199219e+00
8.675903320312500000e+00
9.816243171691894531e+00
9.587275505065917969e+00
1.323346042633056641e+01
1.340942573547363281e+01
1.209331417083740234e+01
5.377801895141601562e+00
8.946912765502929688e+00
7.745116710662841797e+00
7.235603332519531250e+00
1.154017448425292969e+01
7.762911319732666016e+00
7.460679054260253906e+00
1.081477069854736328e+01
4.435029029846191406e+00
1.156548500061035156e+01
9.774320602416992188e+00
1.407887744903564453e+01
1.090686321258544922e+01
1.284935760498046875e+01
1.256733226776123047e+01
1.049004554748535156e+01
1.234097003936767578e+01
1.145482349395751953e+01
7.842882156372070312e+00
1.216774463653564453e+01
3.412134408950805664e+00
7.585275173187255859e+00
1.125955295562744141e+01
9.274044990539550781e+00
1.069815158843994141e+01
