1.297266292572021484e+01
9.443466186523437500e+00
1.310309600830078125e+01
4.281383037567138672e+00
9.967819213867187500e+00
1.275879573822021484e+01
4.808655261993408203e+00
1.040936183929443359e+01
4.272141933441162109e+00
9.454068183898925781e+00
9.972434043884277344e+00
9.809798240661621094e+00
1.096633529663085938e+01
9.836820602416992188e+00
3.798103570938110352e+00
8.274420738220214844e+00
1.286480331420898438e+01
1.014924621582031250e+01
9.361145019531250000e+00
8.403789520263671875e+00
1.248725223541259766e+01
1.097254085540771484e+01
8.388934135437011719e+00
4.051919937133789062e+00
1.295420360565185547e+01
1.240041923522949219e+01
8.276837348937988281e+00
1.209567165374755859e+01
1.544290256500244141e+01
1.065331840515136719e+01
1.316222858428955078e+01
1.074229717254638672e+01
8.581973075866699219e+00
9.112010955810546875e+00
9.412940979003906250e+00
9.810507774353027344e+00
9.288830757141113281e+00
9.042449951171875000e+00
1.146434020996093750e+01
9.348588943481445312e+00
3.918814897537231445e+00
1.018159389495849609e+01
7.593692302703857422e+00
7.561150550842285156e+00
1.068183803558349609e+01
8.266554832458496094e+00
1.168624305725097656e+01
1.070219230651855469e+01
1.107308769226074219e+01
1.122056388854980469e+01
8.873285293579101562e+00
1.120936584472656250e+01
9.643360137939453125e+00
1.082476043701171875e+01
1.147298812866210938e+01
1.165460872650146484e+01
1.159181404113769531e+01
7.804067611694335938e+00
1.018307209014892578e+01
4.258816719055175781e+00
1.372682094573974609e+01
9.626654624938964844e+00
9.344099998474121094e+00
1.371200656890869141e+01
1.243882751464843750e+01
8.417348861694335938e+00
9.048363685607910156e+00
6.940148353576660156e+00
1.320206832885742188e+01
1.085872936248779297e+01
1.074825191497802734e+01
8.806767463684082031e+00
4.049148559570312500e+00
8.682979583740234375e+00
9.419790267944335938e+00
1.081736087799072266e+01
1.079767608642578125e+01
4.881034374237060547e+00
5.707034111022949219e+00
8.763393402099609375e+00
1.192093658447265625e+01
1.012090492248535156e+01
1.258653259277343750e+01
1.113995265960693359e+01
8.480945587158203125e+00
1.116409111022949219e+01
1.251414775848388672e+01
9.557039260864257812e+00
1.053046226501464844e+01
9.431258201599121094e+00
9.316273689270019531e+00
1.041968154907226562e+01
9.101124763488769531e+00
1.015481567382812500e+01
9.195902824401855469e+00
9.136393547058105469e+00
6.388590335845947266e+00
9.650558471679687500e+00
8.176744461059570312e+00
5.382312297821044922e+00
1.250604438781738281e+01
9.883918762207031250e+00
3.491570472717285156e+00
6.804816246032714844e+00
4.146431922912597656e+00
5.108947753906250000e+00
1.028498744964599609e+01
1.030326175689697266e+01
1.208208179473876953e+01
1.165735626220703125e+01
1.001709556579589844e+01
1.491007328033447266e+01
3.825931787490844727e+00
5.370619297027587891e+00
1.035717678070068359e+01
8.477176666259765625e+00
8.235623359680175781e+00
1.412592601776123047e+01
9.709962844848632812e+00
9.714427947998046875e+00
1.389785861968994141e+01
1.234013080596923828e+01
1.115767860412597656e+01
8.772572517395019531e+00
4.466954231262207031e+00
1.098859405517578125e+01
9.848987579345703125e+00
1.133382987976074219e+01
5.440051078796386719e+00
1.012865829467773438e+01
1.056755924224853516e+01
9.931988716125488281e+00
9.507959365844726562e+00
7.899114131927490234e+00
1.210694313049316406e+01
1.004455471038818359e+01
9.371855735778808594e+00
1.000246620178222656e+01
1.257127189636230469e+01
9.588658332824707031e+00
9.335916519165039062e+00
9.959312438964843750e+00
1.042486000061035156e+01
1.212561893463134766e+01
1.089391708374023438e+01
8.783794403076171875e+00
1.210943794250488281e+01
8.387365341186523438e+00
1.043745326995849609e+01
1.072243499755859375e+01
1.180626010894775391e+01
8.706434249877929688e+00
4.631145000457763672e+00
7.791488647460937500e+00
1.124809265136718750e+01
9.261064529418945312e+00
1.050848388671875000e+01
1.000064659118652344e+01
1.224993801116943359e+01
1.349565792083740234e+01
1.207993412017822266e+01
1.324024486541748047e+01
7.568168163299560547e+00
1.052482986450195312e+01
1.119102954864501953e+01
8.196593284606933594e+00
8.363712310791015625e+00
8.198453903198242188e+00
1.027723407745361328e+01
9.617387771606445312e+00
8.106796264648437500e+00
1.326125431060791016e+01
1.093759155273437500e+01
9.038459777832031250e+00
4.170602321624755859e+00
9.881298065185546875e+00
8.621499061584472656e+00
5.794724941253662109e+00
1.397274875640869141e+01
1.326936054229736328e+01
9.764419555664062500e+00
1.367415237426757812e+01
1.186259937286376953e+01
8.879463195800781250e+00
4.533815383911132812e+00
9.830195426940917969e+00
1.002991580963134766e+01
1.356842422485351562e+01
1.188317108154296875e+01
1.389845752716064453e+01
1.414344787597656250e+01
8.454730987548828125e+00
1.013580989837646484e+01
1.015755558013916016e+01
9.473091125488281250e+00
8.533707618713378906e+00
9.963809967041015625e+00
9.665797233581542969e+00
1.150249004364013672e+01
1.283816719055175781e+01
5.098178386688232422e+00
5.010144233703613281e+00
1.136855411529541016e+01
1.235902786254882812e+01
9.270250320434570312e+00
4.411979198455810547e+00
1.092709445953369141e+01
1.408735942840576172e+01
4.661998271942138672e+00
9.610531806945800781e+00
1.005667591094970703e+01
4.934654712677001953e+00
8.831814765930175781e+00
1.192253875732421875e+01
8.335269927978515625e+00
9.435114860534667969e+00
1.177211284637451172e+01
9.486276626586914062e+00
1.018197822570800781e+01
9.913008689880371094e+00
1.419398593902587891e+01
9.212207794189453125e+00
1.314799213409423828e+01
8.964352607727050781e+00
1.273663997650146484e+01
1.230317974090576172e+01
8.574546813964843750e+00
7.583409786224365234e+00
1.280374336242675781e+01
1.161567115783691406e+01
6.648080348968505859e+00
4.227363586425781250e+00
9.898400306701660156e+00
1.122528648376464844e+01
1.180039119720458984e+01
9.853037834167480469e+00
1.120022201538085938e+01
9.820541381835937500e+00
1.031986427307128906e+01
1.030660247802734375e+01
1.064400768280029297e+01
1.126090240478515625e+01
1.156509685516357422e+01
8.063080787658691406e+00
1.290200042724609375e+01
1.056537342071533203e+01
1.395280933380126953e+01
7.175523757934570312e+00
6.391482830047607422e+00
9.979050636291503906e+00
