8.589356422424316406e+00
3.773641109466552734e+00
1.050167465209960938e+01
1.374532794952392578e+01
3.287154436111450195e+00
1.389015674591064453e+01
1.052014160156250000e+01
1.010886764526367188e+01
1.189735984802246094e+01
1.066408920288085938e+01
4.150212764739990234e+00
1.034970283508300781e+01
6.592491626739501953e+00
8.085221290588378906e+00
4.139951229095458984e+00
1.020677566528320312e+01
1.238404560089111328e+01
9.837011337280273438e+00
9.768293380737304688e+00
1.388803577423095703e+01
1.212412261962890625e+01
1.114210891723632812e+01
1.151450538635253906e+01
1.206411647796630859e+01
1.410518836975097656e+01
1.197444915771484375e+01
1.017291450500488281e+01
1.195259094238281250e+01
9.595497131347656250e+00
7.294535160064697266e+00
1.227896881103515625e+01
1.121315479278564453e+01
1.006341457366943359e+01
1.465484523773193359e+01
9.655708312988281250e+00
1.092561721801757812e+01
1.032730007171630859e+01
5.117477416992187500e+00
1.519522953033447266e+01
1.216172695159912109e+01
1.046439933776855469e+01
8.052270889282226562e+00
4.096550941467285156e+00
1.407763195037841797e+01
1.014167118072509766e+01
1.234955024719238281e+01
9.822410583496093750e+00
1.068088245391845703e+01
1.047802066802978516e+01
1.395296287536621094e+01
1.343957424163818359e+01
1.366248798370361328e+01
1.112929916381835938e+01
8.725598335266113281e+00
1.157035350799560547e+01
7.692514419555664062e+00
3.770991325378417969e+00
1.050601005554199219e+01
8.156817436218261719e+00
1.294870662689208984e+01
9.900360107421875000e+00
9.730899810791015625e+00
1.367130088806152344e+01
8.248519897460937500e+00
1.264417362213134766e+01
9.810602188110351562e+00
7.819198608398437500e+00
1.214277935028076172e+01
9.005735397338867188e+00
4.831385135650634766e+00
7.799127578735351562e+00
7.768163681030273438e+00
8.655881881713867188e+00
7.118838310241699219e+00
3.678071975708007812e+00
1.107497692108154297e+01
9.239229202270507812e+00
1.519016551971435547e+01
1.020858669281005859e+01
1.239308738708496094e+01
1.194199752807617188e+01
3.797180175781250000e+00
1.382293891906738281e+01
9.769618034362792969e+00
3.766486406326293945e+00
1.197988510131835938e+01
1.207171440124511719e+01
1.051540088653564453e+01
1.484671115875244141e+01
9.504876136779785156e+00
7.117931842803955078e+00
1.326938533782958984e+01
1.160928726196289062e+01
1.161712932586669922e+01
1.390791511535644531e+01
8.854217529296875000e+00
1.124334716796875000e+01
9.463066101074218750e+00
8.954414367675781250e+00
8.469582557678222656e+00
8.397839546203613281e+00
1.092711544036865234e+01
1.416261959075927734e+01
1.088158035278320312e+01
9.523978233337402344e+00
1.162559890747070312e+01
1.205529975891113281e+01
1.256551170349121094e+01
1.281592941284179688e+01
1.190101432800292969e+01
4.143604278564453125e+00
5.010708808898925781e+00
1.398549461364746094e+01
1.282887458801269531e+01
9.268351554870605469e+00
1.312008762359619141e+01
8.647463798522949219e+00
4.954268455505371094e+00
1.010687923431396484e+01
1.019441890716552734e+01
9.810912132263183594e+00
9.923009872436523438e+00
1.458038139343261719e+01
1.048481655120849609e+01
1.203749370574951172e+01
4.899783134460449219e+00
1.212916946411132812e+01
1.426029014587402344e+01
1.118619441986083984e+01
1.044494724273681641e+01
3.464545488357543945e+00
5.692086219787597656e+00
1.138928890228271484e+01
1.124917030334472656e+01
9.159420967102050781e+00
1.099201679229736328e+01
5.407876014709472656e+00
7.757390022277832031e+00
8.569003105163574219e+00
1.057856750488281250e+01
1.013473224639892578e+01
1.043929481506347656e+01
1.219661331176757812e+01
5.830258369445800781e+00
8.448598861694335938e+00
1.474897098541259766e+01
8.260294914245605469e+00
1.347198295593261719e+01
3.878944873809814453e+00
5.580473423004150391e+00
1.852302932739257812e+01
9.251415252685546875e+00
1.347188568115234375e+01
1.223457527160644531e+01
1.124632263183593750e+01
1.422469902038574219e+01
1.056262111663818359e+01
4.859562397003173828e+00
1.622344970703125000e+01
1.099332046508789062e+01
9.994120597839355469e+00
8.114963531494140625e+00
1.104453182220458984e+01
8.699502944946289062e+00
1.180329895019531250e+01
7.712635993957519531e+00
1.137934112548828125e+01
1.446991443634033203e+01
8.477332115173339844e+00
1.321949100494384766e+01
1.251485824584960938e+01
8.003725051879882812e+00
7.913950920104980469e+00
1.334013462066650391e+01
6.452142238616943359e+00
1.154622745513916016e+01
1.166127395629882812e+01
1.381060409545898438e+01
1.082106494903564453e+01
1.080450439453125000e+01
1.111392498016357422e+01
1.127071952819824219e+01
1.564676189422607422e+01
1.038717555999755859e+01
1.149582386016845703e+01
9.892631530761718750e+00
1.211262702941894531e+01
8.516842842102050781e+00
9.383978843688964844e+00
5.061096668243408203e+00
1.295684623718261719e+01
9.414760589599609375e+00
1.000980091094970703e+01
1.127423572540283203e+01
1.204806423187255859e+01
9.573482513427734375e+00
7.730142593383789062e+00
4.203834056854248047e+00
1.127274703979492188e+01
1.027409076690673828e+01
4.942521095275878906e+00
6.036796092987060547e+00
7.134026527404785156e+00
1.227273082733154297e+01
1.160763168334960938e+01
1.311602401733398438e+01
9.072865486145019531e+00
1.097729682922363281e+01
1.154026222229003906e+01
1.380364322662353516e+01
6.661465644836425781e+00
4.451904773712158203e+00
1.365238952636718750e+01
1.234233474731445312e+01
9.902585029602050781e+00
1.338827896118164062e+01
1.085678577423095703e+01
1.007422542572021484e+01
8.085267066955566406e+00
1.441085338592529297e+01
1.120113945007324219e+01
5.601861476898193359e+00
1.316643619537353516e+01
9.197021484375000000e+00
9.819755554199218750e+00
4.709463119506835938e+00
8.818780899047851562e+00
1.032544136047363281e+01
7.882567405700683594e+00
1.265655422210693359e+01
1.031102275848388672e+01
9.737573623657226562e+00
1.007927703857421875e+01
5.313058376312255859e+00
1.130397701263427734e+01
1.309882164001464844e+01
1.093627262115478516e+01
9.501222610473632812e+00
1.200844573974609375e+01
8.562321662902832031e+00
1.287133026123046875e+01
1.375712299346923828e+01
1.393682193756103516e+01
1.544142532348632812e+01
1.219073772430419922e+01
1.137356281280517578e+01
8.601068496704101562e+00
1.073243331909179688e+01
3.459774971008300781e+00
1.114168167114257812e+01
