1.079049205780029297e+01
8.768742561340332031e+00
9.286529541015625000e+00
7.509766578674316406e+00
1.267442703247070312e+01
1.245876312255859375e+01
1.106291866302490234e+01
1.330166244506835938e+01
9.255961418151855469e+00
1.320005416870117188e+01
1.184154510498046875e+01
9.785305976867675781e+00
1.187826538085937500e+01
1.170429992675781250e+01
6.180770397186279297e+00
1.138344001770019531e+01
1.395445537567138672e+01
8.699280738830566406e+00
3.529647111892700195e+00
8.771780967712402344e+00
1.109359264373779297e+01
1.004570865631103516e+01
1.177774906158447266e+01
9.028841972351074219e+00
3.825183868408203125e+00
4.499979019165039062e+00
3.852098464965820312e+00
7.574643611907958984e+00
1.091406345367431641e+01
1.070342540740966797e+01
8.355940818786621094e+00
9.860760688781738281e+00
1.103479862213134766e+01
1.016188526153564453e+01
1.018129825592041016e+01
8.301248550415039062e+00
4.957973480224609375e+00
1.424382591247558594e+01
1.372116947174072266e+01
8.895195960998535156e+00
1.056995773315429688e+01
1.196203422546386719e+01
3.920258522033691406e+00
1.090049362182617188e+01
1.363096237182617188e+01
1.060773277282714844e+01
1.009320068359375000e+01
1.015695095062255859e+01
1.160611343383789062e+01
8.570392608642578125e+00
1.261640930175781250e+01
7.397471904754638672e+00
1.049805068969726562e+01
9.869265556335449219e+00
5.632071495056152344e+00
5.361035346984863281e+00
1.250987529754638672e+01
1.101238155364990234e+01
8.618352890014648438e+00
6.947253227233886719e+00
1.203253555297851562e+01
1.099788475036621094e+01
9.876321792602539062e+00
9.999867439270019531e+00
9.979056358337402344e+00
1.196676254272460938e+01
1.068813323974609375e+01
7.264989376068115234e+00
9.636605262756347656e+00
9.879310607910156250e+00
1.064871883392333984e+01
7.686542510986328125e+00
1.462459659576416016e+01
1.250728893280029297e+01
8.165768623352050781e+00
1.310453414916992188e+01
9.800959587097167969e+00
1.011858940124511719e+01
1.538838100433349609e+01
1.145166301727294922e+01
1.076230239868164062e+01
1.229949665069580078e+01
1.015023517608642578e+01
9.753961563110351562e+00
1.274680614471435547e+01
5.092522144317626953e+00
7.539499282836914062e+00
9.309900283813476562e+00
1.286787319183349609e+01
8.609149932861328125e+00
1.123222255706787109e+01
6.804571628570556641e+00
1.175418663024902344e+01
1.268466472625732422e+01
1.409109973907470703e+01
1.187076187133789062e+01
4.264546871185302734e+00
8.017519950866699219e+00
1.184765529632568359e+01
8.165448188781738281e+00
3.738355398178100586e+00
8.331062316894531250e+00
1.457800674438476562e+01
8.802498817443847656e+00
1.263014221191406250e+01
7.348275184631347656e+00
1.182635116577148438e+01
3.969573020935058594e+00
1.034857273101806641e+01
1.059053325653076172e+01
9.816265106201171875e+00
1.288604736328125000e+01
1.072242927551269531e+01
9.088744163513183594e+00
1.140104293823242188e+01
8.906327247619628906e+00
1.068067932128906250e+01
1.104544258117675781e+01
9.599545478820800781e+00
1.157907104492187500e+01
1.069335746765136719e+01
1.169191074371337891e+01
9.758354187011718750e+00
4.772167682647705078e+00
1.222470951080322266e+01
9.459984779357910156e+00
1.067659282684326172e+01
9.921608924865722656e+00
1.165753269195556641e+01
1.192405796051025391e+01
8.017953872680664062e+00
9.368492126464843750e+00
1.006885433197021484e+01
1.261914253234863281e+01
1.214177513122558594e+01
1.050642585754394531e+01
1.164739513397216797e+01
6.312536716461181641e+00
3.960116386413574219e+00
1.382505035400390625e+01
3.716794490814208984e+00
5.802379608154296875e+00
9.077251434326171875e+00
1.135564422607421875e+01
1.129693126678466797e+01
1.076011848449707031e+01
9.493144989013671875e+00
1.150938415527343750e+01
1.015033149719238281e+01
4.866923809051513672e+00
8.293928146362304688e+00
1.216012859344482422e+01
1.068575286865234375e+01
9.488808631896972656e+00
1.256580066680908203e+01
1.109985160827636719e+01
1.056756210327148438e+01
1.190861034393310547e+01
3.831274271011352539e+00
9.136389732360839844e+00
7.897914886474609375e+00
7.622226238250732422e+00
1.128944969177246094e+01
1.104089164733886719e+01
9.936078071594238281e+00
8.383495330810546875e+00
1.103201580047607422e+01
1.048360729217529297e+01
1.372350978851318359e+01
5.550348281860351562e+00
1.148858642578125000e+01
1.027628517150878906e+01
1.115359687805175781e+01
1.265137195587158203e+01
1.022685909271240234e+01
8.850770950317382812e+00
1.000882720947265625e+01
8.084809303283691406e+00
9.340093612670898438e+00
1.065084171295166016e+01
1.066971778869628906e+01
8.531632423400878906e+00
9.964689254760742188e+00
9.560029029846191406e+00
8.885188102722167969e+00
5.892101764678955078e+00
8.921098709106445312e+00
1.150155067443847656e+01
1.234700107574462891e+01
9.954757690429687500e+00
1.062301254272460938e+01
9.978550910949707031e+00
7.774159431457519531e+00
1.350467300415039062e+01
4.894979000091552734e+00
8.678533554077148438e+00
1.079271793365478516e+01
9.225749969482421875e+00
9.854788780212402344e+00
1.197266483306884766e+01
1.048760890960693359e+01
1.059564113616943359e+01
1.059775066375732422e+01
8.193113327026367188e+00
1.013851070404052734e+01
1.100919628143310547e+01
7.664856433868408203e+00
9.346676826477050781e+00
1.153593826293945312e+01
1.032685947418212891e+01
1.194138717651367188e+01
1.001893520355224609e+01
1.106873703002929688e+01
1.340236377716064453e+01
1.332818603515625000e+01
5.199745655059814453e+00
1.129594993591308594e+01
1.038826656341552734e+01
1.324242401123046875e+01
1.229846191406250000e+01
1.019892024993896484e+01
1.327617073059082031e+01
1.121886730194091797e+01
5.339414119720458984e+00
1.157207489013671875e+01
7.446694374084472656e+00
1.043589496612548828e+01
1.067062282562255859e+01
4.122089385986328125e+00
1.086120128631591797e+01
1.161968708038330078e+01
1.125234413146972656e+01
4.197339057922363281e+00
4.702567100524902344e+00
8.655836105346679688e+00
1.125530338287353516e+01
1.361081790924072266e+01
1.316613006591796875e+01
1.273063278198242188e+01
6.111087322235107422e+00
1.220862960815429688e+01
1.187110614776611328e+01
1.433929061889648438e+01
1.145061206817626953e+01
9.640118598937988281e+00
1.229482460021972656e+01
8.280488014221191406e+00
1.253065776824951172e+01
3.644105911254882812e+00
1.193429660797119141e+01
