4.226774215698242188e+00
1.201262474060058594e+01
1.088887310028076172e+01
1.026276206970214844e+01
8.701599121093750000e+00
1.339642333984375000e+01
9.290472984313964844e+00
1.047569274902343750e+01
1.354974079132080078e+01
7.992352962493896484e+00
1.082930183410644531e+01
9.942431449890136719e+00
9.860268592834472656e+00
3.823784828186035156e+00
1.133896064758300781e+01
1.058042144775390625e+01
1.417352104187011719e+01
1.169019794464111328e+01
4.471895217895507812e+00
8.783242225646972656e+00
1.341450691223144531e+01
8.961285591125488281e+00
7.842219829559326172e+00
9.482054710388183594e+00
1.163212871551513672e+01
8.476250648498535156e+00
8.574460983276367188e+00
1.052895545959472656e+01
8.846160888671875000e+00
4.251805305480957031e+00
1.153538703918457031e+01
8.539616584777832031e+00
8.825495719909667969e+00
1.008727550506591797e+01
8.954208374023437500e+00
8.161786079406738281e+00
1.299573135375976562e+01
6.459531784057617188e+00
9.674576759338378906e+00
9.351562500000000000e+00
9.760787010192871094e+00
1.013831329345703125e+01
9.153861999511718750e+00
9.770896911621093750e+00
1.125366973876953125e+01
4.685656070709228516e+00
1.055334568023681641e+01
8.930440902709960938e+00
1.143295097351074219e+01
8.748639106750488281e+00
1.155082988739013672e+01
8.368980407714843750e+00
1.049540710449218750e+01
6.738090038299560547e+00
9.425623893737792969e+00
9.807425498962402344e+00
9.816340446472167969e+00
9.809585571289062500e+00
1.020637512207031250e+01
1.029897975921630859e+01
6.004089355468750000e+00
1.168030643463134766e+01
1.012106704711914062e+01
1.159006786346435547e+01
8.639762878417968750e+00
1.156982135772705078e+01
8.952785491943359375e+00
5.035306453704833984e+00
9.282984733581542969e+00
1.116493320465087891e+01
1.060472774505615234e+01
1.041036128997802734e+01
7.856091499328613281e+00
9.007149696350097656e+00
8.271107673645019531e+00
1.123902130126953125e+01
1.066861057281494141e+01
9.769489288330078125e+00
9.994600296020507812e+00
1.187437725067138672e+01
1.134514141082763672e+01
1.305130577087402344e+01
1.231871223449707031e+01
1.357679557800292969e+01
9.368820190429687500e+00
3.984398365020751953e+00
9.952073097229003906e+00
8.150650024414062500e+00
1.246804332733154297e+01
1.005685043334960938e+01
1.275324535369873047e+01
1.236923694610595703e+01
1.093607902526855469e+01
1.026525592803955078e+01
1.314296245574951172e+01
9.334978103637695312e+00
9.209539413452148438e+00
8.535445213317871094e+00
1.035345554351806641e+01
8.107197761535644531e+00
4.446816921234130859e+00
1.034531211853027344e+01
8.367094039916992188e+00
7.743349552154541016e+00
8.538744926452636719e+00
9.563941955566406250e+00
8.936861038208007812e+00
1.140108013153076172e+01
1.483318614959716797e+01
7.328172683715820312e+00
1.141063022613525391e+01
7.331244468688964844e+00
1.219401836395263672e+01
1.194228363037109375e+01
1.034412574768066406e+01
8.530038833618164062e+00
1.141095066070556641e+01
9.299487113952636719e+00
1.130810737609863281e+01
1.130648040771484375e+01
9.447031974792480469e+00
9.054154396057128906e+00
1.392762279510498047e+01
1.059626102447509766e+01
8.059345245361328125e+00
8.468420028686523438e+00
1.497820854187011719e+01
8.660791397094726562e+00
1.042154598236083984e+01
1.141128253936767578e+01
1.612149429321289062e+01
1.049664688110351562e+01
1.312881183624267578e+01
1.047913265228271484e+01
7.953989028930664062e+00
9.881406784057617188e+00
1.036235523223876953e+01
1.061319923400878906e+01
3.897581338882446289e+00
1.112507247924804688e+01
4.232111930847167969e+00
1.274024486541748047e+01
1.311732673645019531e+01
7.489921092987060547e+00
1.054488086700439453e+01
6.518369197845458984e+00
8.530517578125000000e+00
1.113615322113037109e+01
1.398646831512451172e+01
8.533062934875488281e+00
9.759422302246093750e+00
4.809077739715576172e+00
1.004592037200927734e+01
1.002452373504638672e+01
1.043907165527343750e+01
1.539204216003417969e+01
3.751750707626342773e+00
1.191032981872558594e+01
1.028811550140380859e+01
3.343955516815185547e+00
1.237061500549316406e+01
1.185051345825195312e+01
1.309153461456298828e+01
1.069334316253662109e+01
9.238011360168457031e+00
8.879661560058593750e+00
1.078936672210693359e+01
1.231743907928466797e+01
9.848987579345703125e+00
1.014290142059326172e+01
3.325980424880981445e+00
3.605736970901489258e+00
1.209226894378662109e+01
6.629112243652343750e+00
9.191768646240234375e+00
8.787454605102539062e+00
9.040473937988281250e+00
1.210701942443847656e+01
8.826579093933105469e+00
4.485273838043212891e+00
1.059649085998535156e+01
1.315682315826416016e+01
1.263248920440673828e+01
1.130919647216796875e+01
1.198865795135498047e+01
9.551572799682617188e+00
1.009725570678710938e+01
1.155019283294677734e+01
9.425871849060058594e+00
1.164804363250732422e+01
9.388883590698242188e+00
9.703077316284179688e+00
6.783815383911132812e+00
1.090148162841796875e+01
1.294183635711669922e+01
3.991332292556762695e+00
1.183096218109130859e+01
1.661190795898437500e+01
1.162650394439697266e+01
1.335298442840576172e+01
8.534598350524902344e+00
1.215312099456787109e+01
9.718128204345703125e+00
1.365777873992919922e+01
1.102883720397949219e+01
6.237754821777343750e+00
1.243777656555175781e+01
1.239407825469970703e+01
1.013561916351318359e+01
3.261208295822143555e+00
1.316920661926269531e+01
1.296541118621826172e+01
8.785493850708007812e+00
1.012950229644775391e+01
1.361872863769531250e+01
1.040354251861572266e+01
1.061703586578369141e+01
1.171399784088134766e+01
1.258366775512695312e+01
1.295792198181152344e+01
9.690759658813476562e+00
1.077677059173583984e+01
8.142971038818359375e+00
4.335964202880859375e+00
1.233780574798583984e+01
1.205592060089111328e+01
3.631448745727539062e+00
1.453749942779541016e+01
9.048411369323730469e+00
4.181017875671386719e+00
9.272018432617187500e+00
1.016541099548339844e+01
1.560779380798339844e+01
1.457499599456787109e+01
1.063337612152099609e+01
4.514759063720703125e+00
7.737055301666259766e+00
3.991124153137207031e+00
8.989043235778808594e+00
1.059823513031005859e+01
1.034579086303710938e+01
9.691655158996582031e+00
4.112983226776123047e+00
1.442565727233886719e+01
8.579926490783691406e+00
6.621127128601074219e+00
1.335062503814697266e+01
1.234810256958007812e+01
1.090950012207031250e+01
1.049660301208496094e+01
