5.528861522674560547e+00
1.284534263610839844e+01
7.151212215423583984e+00
9.701599121093750000e+00
9.055862426757812500e+00
8.245580673217773438e+00
1.327909660339355469e+01
9.133914947509765625e+00
8.704016685485839844e+00
1.292561435699462891e+01
1.221598148345947266e+01
1.201655292510986328e+01
1.249278354644775391e+01
1.320529842376708984e+01
1.583165359497070312e+01
7.070726394653320312e+00
7.083668708801269531e+00
3.854030132293701172e+00
1.110091018676757812e+01
1.031636810302734375e+01
1.060544109344482422e+01
1.134810066223144531e+01
3.638928413391113281e+00
9.627766609191894531e+00
1.079430866241455078e+01
9.821634292602539062e+00
1.063881301879882812e+01
1.001705932617187500e+01
8.390849113464355469e+00
4.262166500091552734e+00
1.145022869110107422e+01
3.896571397781372070e+00
1.452419376373291016e+01
9.022795677185058594e+00
5.015660285949707031e+00
9.293515205383300781e+00
1.345526599884033203e+01
1.232633304595947266e+01
1.367924118041992188e+01
9.855855941772460938e+00
1.247422313690185547e+01
9.634102821350097656e+00
1.380759334564208984e+01
8.927846908569335938e+00
1.277131271362304688e+01
1.224214935302734375e+01
8.247215270996093750e+00
9.176795959472656250e+00
9.805009841918945312e+00
1.080772686004638672e+01
1.217777061462402344e+01
3.994444370269775391e+00
7.122993946075439453e+00
9.681605339050292969e+00
1.281690883636474609e+01
8.821211814880371094e+00
9.565978050231933594e+00
1.185091209411621094e+01
1.076402282714843750e+01
1.079858779907226562e+01
1.186325550079345703e+01
1.016364288330078125e+01
1.085660266876220703e+01
3.567403316497802734e+00
9.511815071105957031e+00
1.055287933349609375e+01
1.022391700744628906e+01
8.444098472595214844e+00
9.812968254089355469e+00
1.371779251098632812e+01
1.171308326721191406e+01
9.271633148193359375e+00
1.193384265899658203e+01
1.004820060729980469e+01
1.213468360900878906e+01
7.575090408325195312e+00
1.143785381317138672e+01
9.977663993835449219e+00
1.039527606964111328e+01
9.900179862976074219e+00
1.049148273468017578e+01
1.039410972595214844e+01
9.614400863647460938e+00
3.831025362014770508e+00
1.061315631866455078e+01
1.199585056304931641e+01
3.603782892227172852e+00
8.993988990783691406e+00
9.600083351135253906e+00
8.159619331359863281e+00
7.602784156799316406e+00
1.173462295532226562e+01
1.250701999664306641e+01
8.884325981140136719e+00
1.184603881835937500e+01
1.204071807861328125e+01
1.168705368041992188e+01
4.354813575744628906e+00
1.007877635955810547e+01
1.396484661102294922e+01
1.088552570343017578e+01
1.071553707122802734e+01
1.343267250061035156e+01
1.066518974304199219e+01
1.285948562622070312e+01
1.060669136047363281e+01
1.062772274017333984e+01
1.058561801910400391e+01
7.975853443145751953e+00
1.008720493316650391e+01
1.120721530914306641e+01
1.471193790435791016e+01
6.940799713134765625e+00
1.053262138366699219e+01
1.041482353210449219e+01
1.146420192718505859e+01
1.137993431091308594e+01
3.998469591140747070e+00
8.659118652343750000e+00
1.375422668457031250e+01
1.325703430175781250e+01
1.250151062011718750e+01
1.167266559600830078e+01
9.041552543640136719e+00
1.046683311462402344e+01
1.016103363037109375e+01
5.818947315216064453e+00
9.997536659240722656e+00
1.090223693847656250e+01
7.672083854675292969e+00
1.180890750885009766e+01
1.282334136962890625e+01
5.892336368560791016e+00
1.140706825256347656e+01
1.092484474182128906e+01
8.371419906616210938e+00
1.144101428985595703e+01
1.099772644042968750e+01
3.780278444290161133e+00
1.001333999633789062e+01
1.087113475799560547e+01
1.078417110443115234e+01
8.530380249023437500e+00
9.134461402893066406e+00
9.190547943115234375e+00
4.068056106567382812e+00
9.688069343566894531e+00
1.050811481475830078e+01
1.209373950958251953e+01
1.083876800537109375e+01
3.645658731460571289e+00
3.626295566558837891e+00
8.998270034790039062e+00
1.277439308166503906e+01
1.340596675872802734e+01
3.727380514144897461e+00
1.344967746734619141e+01
1.002685546875000000e+01
3.603356122970581055e+00
9.640574455261230469e+00
1.159245204925537109e+01
8.364487648010253906e+00
9.859687805175781250e+00
8.763540267944335938e+00
9.276886940002441406e+00
1.206854438781738281e+01
7.943905830383300781e+00
1.059796142578125000e+01
1.214406681060791016e+01
8.106512069702148438e+00
8.223499298095703125e+00
8.805660247802734375e+00
1.309802818298339844e+01
1.031147384643554688e+01
1.089834976196289062e+01
9.436144828796386719e+00
8.883100509643554688e+00
8.727984428405761719e+00
1.115840911865234375e+01
1.317827224731445312e+01
1.110826683044433594e+01
1.225124645233154297e+01
3.392698526382446289e+00
1.264126873016357422e+01
1.084610366821289062e+01
9.061905860900878906e+00
5.675267219543457031e+00
1.429109096527099609e+01
1.030501651763916016e+01
9.013607978820800781e+00
1.058430194854736328e+01
9.716258049011230469e+00
7.981007575988769531e+00
1.310046958923339844e+01
7.919320106506347656e+00
9.519678115844726562e+00
9.869890213012695312e+00
1.238791942596435547e+01
1.291220760345458984e+01
4.012299537658691406e+00
1.462389850616455078e+01
1.173277187347412109e+01
4.001491546630859375e+00
1.150154876708984375e+01
1.178873157501220703e+01
1.365719032287597656e+01
1.012198352813720703e+01
1.458628654479980469e+01
9.735475540161132812e+00
1.242317867279052734e+01
8.927499771118164062e+00
1.242453575134277344e+01
9.427216529846191406e+00
1.233011722564697266e+01
1.426512050628662109e+01
9.905285835266113281e+00
1.090063190460205078e+01
9.720653533935546875e+00
1.371760559082031250e+01
1.041568088531494141e+01
1.011990547180175781e+01
9.281559944152832031e+00
1.398177909851074219e+01
1.034174346923828125e+01
9.704876899719238281e+00
4.059063911437988281e+00
1.119070911407470703e+01
1.193647670745849609e+01
1.004811191558837891e+01
1.158536529541015625e+01
9.033009529113769531e+00
8.710813522338867188e+00
9.232854843139648438e+00
1.319723415374755859e+01
6.937453269958496094e+00
1.013453865051269531e+01
1.551444053649902344e+01
1.202341938018798828e+01
1.024805736541748047e+01
9.375138282775878906e+00
1.324062347412109375e+01
1.118622493743896484e+01
1.118644046783447266e+01
1.288124942779541016e+01
1.175878810882568359e+01
1.116144084930419922e+01
7.496993064880371094e+00
9.720242500305175781e+00
9.465513229370117188e+00
1.140824413299560547e+01
