7.577019214630126953e+00
1.042690658569335938e+01
1.271865081787109375e+01
1.119394874572753906e+01
1.069439506530761719e+01
1.160872936248779297e+01
1.408405208587646484e+01
1.199582481384277344e+01
1.189978981018066406e+01
1.152428054809570312e+01
1.185021400451660156e+01
1.030540561676025391e+01
1.460708427429199219e+01
3.950279235839843750e+00
1.254693603515625000e+01
1.104253292083740234e+01
9.842325210571289062e+00
1.160288143157958984e+01
1.097360610961914062e+01
9.614349365234375000e+00
1.201496696472167969e+01
8.117013931274414062e+00
1.417791652679443359e+01
3.453537702560424805e+00
1.044785404205322266e+01
1.283487319946289062e+01
3.820018529891967773e+00
1.030761051177978516e+01
8.864952087402343750e+00
1.072644233703613281e+01
1.073528385162353516e+01
1.084766292572021484e+01
1.074186229705810547e+01
7.290372371673583984e+00
8.976257324218750000e+00
9.279684066772460938e+00
9.918186187744140625e+00
3.463462352752685547e+00
8.713478088378906250e+00
1.079301548004150391e+01
1.078886985778808594e+01
1.087527275085449219e+01
7.952047824859619141e+00
7.525673389434814453e+00
3.810941457748413086e+00
1.126088237762451172e+01
1.092220115661621094e+01
1.067529392242431641e+01
8.948476791381835938e+00
1.085492229461669922e+01
9.887885093688964844e+00
1.250762748718261719e+01
9.571803092956542969e+00
1.255318546295166016e+01
1.184865570068359375e+01
1.179512691497802734e+01
9.239602088928222656e+00
1.174842834472656250e+01
1.161670589447021484e+01
1.010842323303222656e+01
4.397797584533691406e+00
8.355363845825195312e+00
1.347905349731445312e+01
1.070793914794921875e+01
4.983590126037597656e+00
3.543813943862915039e+00
9.533909797668457031e+00
8.466698646545410156e+00
1.111215114593505859e+01
3.188030242919921875e+00
1.083608531951904297e+01
1.105908775329589844e+01
8.826108932495117188e+00
9.408823013305664062e+00
1.312602519989013672e+01
8.939559936523437500e+00
1.057988357543945312e+01
4.377847671508789062e+00
9.688745498657226562e+00
1.009766483306884766e+01
7.540061950683593750e+00
7.855026245117187500e+00
9.020903587341308594e+00
1.074834632873535156e+01
1.198074340820312500e+01
1.247193717956542969e+01
9.570764541625976562e+00
1.253887367248535156e+01
9.242676734924316406e+00
1.058692550659179688e+01
1.011699104309082031e+01
8.274867057800292969e+00
1.086651039123535156e+01
1.080248832702636719e+01
7.356821537017822266e+00
1.103198337554931641e+01
1.188396072387695312e+01
1.368605136871337891e+01
4.658427715301513672e+00
7.002239227294921875e+00
1.376993846893310547e+01
7.608752727508544922e+00
4.877977371215820312e+00
1.162275695800781250e+01
1.024126338958740234e+01
8.050704002380371094e+00
8.885184288024902344e+00
7.059363842010498047e+00
9.659542083740234375e+00
4.686272621154785156e+00
1.135631847381591797e+01
8.394949913024902344e+00
3.642341613769531250e+00
9.573040008544921875e+00
1.210688018798828125e+01
1.200663089752197266e+01
1.187812328338623047e+01
7.909970283508300781e+00
7.181988716125488281e+00
1.201277065277099609e+01
1.182789039611816406e+01
9.649513244628906250e+00
9.259127616882324219e+00
3.547118902206420898e+00
9.571587562561035156e+00
1.207871913909912109e+01
1.435643959045410156e+01
3.605412483215332031e+00
1.465142345428466797e+01
8.936359405517578125e+00
5.268043518066406250e+00
1.016570472717285156e+01
1.444682693481445312e+01
8.386525154113769531e+00
9.231719017028808594e+00
1.245698928833007812e+01
1.517290496826171875e+01
7.912629604339599609e+00
1.233250522613525391e+01
9.997083663940429688e+00
1.565850067138671875e+01
1.067663574218750000e+01
9.364459991455078125e+00
1.231720733642578125e+01
1.228523540496826172e+01
8.685866355895996094e+00
1.193834495544433594e+01
8.076214790344238281e+00
1.055985736846923828e+01
3.531485319137573242e+00
1.043018436431884766e+01
1.204297351837158203e+01
8.992261886596679688e+00
1.149960136413574219e+01
9.437901496887207031e+00
1.150756931304931641e+01
1.071247673034667969e+01
9.184926986694335938e+00
1.112615299224853516e+01
1.126444339752197266e+01
1.222762966156005859e+01
8.429190635681152344e+00
1.172980403900146484e+01
1.307204055786132812e+01
1.073676490783691406e+01
8.939408302307128906e+00
1.221483039855957031e+01
9.421002388000488281e+00
1.232045745849609375e+01
8.423090934753417969e+00
1.156984233856201172e+01
9.161771774291992188e+00
1.101445484161376953e+01
5.543505668640136719e+00
8.750680923461914062e+00
1.322589206695556641e+01
1.407308006286621094e+01
1.271252918243408203e+01
9.188632965087890625e+00
1.108586311340332031e+01
1.056302261352539062e+01
9.445094108581542969e+00
1.106983757019042969e+01
9.569263458251953125e+00
1.183997154235839844e+01
8.614653587341308594e+00
7.505070686340332031e+00
1.485637378692626953e+01
3.516997814178466797e+00
8.503697395324707031e+00
9.695733070373535156e+00
1.006986808776855469e+01
1.396662139892578125e+01
4.185127735137939453e+00
9.667016029357910156e+00
1.259197139739990234e+01
1.023878765106201172e+01
1.210070037841796875e+01
1.060453701019287109e+01
1.067387866973876953e+01
1.133902072906494141e+01
8.247489929199218750e+00
1.474185657501220703e+01
1.333514499664306641e+01
8.599501609802246094e+00
9.262220382690429688e+00
1.344503593444824219e+01
1.124222564697265625e+01
1.209592914581298828e+01
4.626533508300781250e+00
8.228710174560546875e+00
1.215058231353759766e+01
1.051110935211181641e+01
1.334107303619384766e+01
4.429234504699707031e+00
1.018251514434814453e+01
1.671647071838378906e+01
1.254200649261474609e+01
4.057866573333740234e+00
1.029568004608154297e+01
9.635832786560058594e+00
1.094865131378173828e+01
1.203246212005615234e+01
1.164305782318115234e+01
1.163086032867431641e+01
1.027315330505371094e+01
7.558888912200927734e+00
9.372312545776367188e+00
1.163541507720947266e+01
1.112446594238281250e+01
1.033856678009033203e+01
1.285617733001708984e+01
3.371609687805175781e+00
1.302765369415283203e+01
9.461112022399902344e+00
8.906269073486328125e+00
1.099925518035888672e+01
1.252491664886474609e+01
1.005989265441894531e+01
9.191099166870117188e+00
9.265091896057128906e+00
9.822548866271972656e+00
1.672520637512207031e+01
1.122092342376708984e+01
9.938303947448730469e+00
1.043305301666259766e+01
1.077308559417724609e+01
1.190846347808837891e+01
1.247047901153564453e+01
8.310802459716796875e+00
