3.780562877655029297e+00
4.945874214172363281e+00
1.073325824737548828e+01
1.252888965606689453e+01
8.785378456115722656e+00
1.477508449554443359e+01
9.774909019470214844e+00
1.206931114196777344e+01
1.239245891571044922e+01
1.036698150634765625e+01
1.215225219726562500e+01
1.752190017700195312e+01
1.443336772918701172e+01
4.974676609039306641e+00
3.565100908279418945e+00
1.172066879272460938e+01
3.678397893905639648e+00
1.639658546447753906e+01
9.844620704650878906e+00
9.802575111389160156e+00
9.624906539916992188e+00
7.635128021240234375e+00
3.909141063690185547e+00
1.392145919799804688e+01
8.035653114318847656e+00
4.857663154602050781e+00
1.021649456024169922e+01
1.286197280883789062e+01
1.023203849792480469e+01
1.032273960113525391e+01
8.914331436157226562e+00
1.191345882415771484e+01
8.949700355529785156e+00
1.470334434509277344e+01
1.234539222717285156e+01
1.300760269165039062e+01
1.043712329864501953e+01
1.142824459075927734e+01
1.107869720458984375e+01
9.338963508605957031e+00
4.404820919036865234e+00
8.916333198547363281e+00
1.424792480468750000e+01
1.298048210144042969e+01
1.126152229309082031e+01
1.383337974548339844e+01
1.009421825408935547e+01
1.642168998718261719e+01
7.690642833709716797e+00
1.356264877319335938e+01
1.190152359008789062e+01
1.677033042907714844e+01
1.092568397521972656e+01
1.321226882934570312e+01
9.547246932983398438e+00
1.301155853271484375e+01
8.108098030090332031e+00
4.378557205200195312e+00
8.100677490234375000e+00
9.613885879516601562e+00
6.470189094543457031e+00
8.073503494262695312e+00
8.579797744750976562e+00
4.194993495941162109e+00
1.456802558898925781e+01
4.079336166381835938e+00
7.824361801147460938e+00
1.098035240173339844e+01
8.290694236755371094e+00
1.326294422149658203e+01
1.510041046142578125e+01
5.102037906646728516e+00
1.197483253479003906e+01
1.231936931610107422e+01
1.224033355712890625e+01
1.280810928344726562e+01
7.684294223785400391e+00
1.304910659790039062e+01
6.933750152587890625e+00
1.367001152038574219e+01
8.016933441162109375e+00
1.268032741546630859e+01
1.200569629669189453e+01
1.187961864471435547e+01
1.561786651611328125e+01
1.437895870208740234e+01
1.183300209045410156e+01
1.211452484130859375e+01
1.027011394500732422e+01
1.154126358032226562e+01
1.264760589599609375e+01
1.529292297363281250e+01
1.136058902740478516e+01
1.401402282714843750e+01
9.809074401855468750e+00
1.337283134460449219e+01
1.300420570373535156e+01
1.384493637084960938e+01
1.053272342681884766e+01
9.015187263488769531e+00
1.462549781799316406e+01
1.268005847930908203e+01
8.638556480407714844e+00
1.267866611480712891e+01
1.051496315002441406e+01
1.069646072387695312e+01
1.162794017791748047e+01
1.410710906982421875e+01
8.508311271667480469e+00
1.281853008270263672e+01
1.144701862335205078e+01
3.781221866607666016e+00
1.382092761993408203e+01
1.446810913085937500e+01
1.193308734893798828e+01
4.936411857604980469e+00
1.221463108062744141e+01
1.393899440765380859e+01
1.194807815551757812e+01
1.006293869018554688e+01
9.977060317993164062e+00
1.085771751403808594e+01
3.973460674285888672e+00
1.662674140930175781e+01
8.751694679260253906e+00
1.341028976440429688e+01
8.670924186706542969e+00
1.051286220550537109e+01
1.370811557769775391e+01
1.089978790283203125e+01
1.267641353607177734e+01
1.408276748657226562e+01
9.284836769104003906e+00
1.353554821014404297e+01
4.292002201080322266e+00
1.560204887390136719e+01
9.830502510070800781e+00
1.363733291625976562e+01
9.909685134887695312e+00
1.018601322174072266e+01
9.092705726623535156e+00
1.350014591217041016e+01
1.073366832733154297e+01
1.204804134368896484e+01
8.087890625000000000e+00
9.566367149353027344e+00
1.033889102935791016e+01
8.933770179748535156e+00
1.211661624908447266e+01
1.037800979614257812e+01
4.359916687011718750e+00
1.035577774047851562e+01
8.001768112182617188e+00
3.735524177551269531e+00
1.381717681884765625e+01
1.328103256225585938e+01
1.181133270263671875e+01
1.014489746093750000e+01
1.163102817535400391e+01
1.920756530761718750e+01
8.128741264343261719e+00
1.103091430664062500e+01
8.679309844970703125e+00
4.472424983978271484e+00
1.181591224670410156e+01
1.111611366271972656e+01
7.859840869903564453e+00
1.074104690551757812e+01
1.027398872375488281e+01
1.095596504211425781e+01
3.578052997589111328e+00
9.635159492492675781e+00
1.178434467315673828e+01
8.461029052734375000e+00
5.261470794677734375e+00
8.339991569519042969e+00
1.087497234344482422e+01
1.433725452423095703e+01
1.046127605438232422e+01
9.929904937744140625e+00
9.294207572937011719e+00
8.846343040466308594e+00
8.596980094909667969e+00
4.432003974914550781e+00
1.090662956237792969e+01
1.333827590942382812e+01
8.664846420288085938e+00
1.188381958007812500e+01
1.363722705841064453e+01
8.997558593750000000e+00
1.015495777130126953e+01
7.864480972290039062e+00
5.451228618621826172e+00
1.014525127410888672e+01
4.425559520721435547e+00
1.092103385925292969e+01
1.110128974914550781e+01
9.406764030456542969e+00
1.262898254394531250e+01
9.568120002746582031e+00
4.352799892425537109e+00
9.296218872070312500e+00
1.311997699737548828e+01
4.034750938415527344e+00
1.119189834594726562e+01
1.440299224853515625e+01
1.081547069549560547e+01
1.079113674163818359e+01
1.135450363159179688e+01
9.940575599670410156e+00
4.491427421569824219e+00
8.103357315063476562e+00
1.038040924072265625e+01
9.204515457153320312e+00
1.018519401550292969e+01
1.028022861480712891e+01
9.471623420715332031e+00
1.271545314788818359e+01
1.188526248931884766e+01
1.058606624603271484e+01
6.385325431823730469e+00
4.155701160430908203e+00
4.173662185668945312e+00
6.779157161712646484e+00
1.085680675506591797e+01
7.829002857208251953e+00
6.318687915802001953e+00
8.189670562744140625e+00
5.004474639892578125e+00
4.621724605560302734e+00
8.015560150146484375e+00
8.217519760131835938e+00
1.028188610076904297e+01
9.201855659484863281e+00
1.126911735534667969e+01
1.062204551696777344e+01
1.207273864746093750e+01
1.198007106781005859e+01
1.179064655303955078e+01
1.009580230712890625e+01
1.118301868438720703e+01
8.121291160583496094e+00
1.021032524108886719e+01
4.728352069854736328e+00
1.166646289825439453e+01
8.745970726013183594e+00
1.325821018218994141e+01
1.290809822082519531e+01
3.898654699325561523e+00
1.186220741271972656e+01
