9.184139251708984375e+00
1.204192352294921875e+01
1.025503921508789062e+01
1.035166645050048828e+01
1.314905166625976562e+01
7.287815093994140625e+00
1.157166957855224609e+01
9.704217910766601562e+00
1.601193428039550781e+01
9.557334899902343750e+00
8.925780296325683594e+00
3.854285478591918945e+00
8.473196029663085938e+00
1.058441829681396484e+01
1.126649093627929688e+01
9.841652870178222656e+00
8.741013526916503906e+00
9.551124572753906250e+00
9.317845344543457031e+00
1.020528793334960938e+01
1.378237247467041016e+01
8.865308761596679688e+00
9.214818954467773438e+00
7.989469528198242188e+00
3.839638233184814453e+00
1.300354766845703125e+01
9.649300575256347656e+00
1.009911727905273438e+01
1.045900821685791016e+01
3.940479993820190430e+00
9.246150970458984375e+00
8.406251907348632812e+00
1.250842285156250000e+01
8.924032211303710938e+00
1.141309261322021484e+01
1.095928478240966797e+01
1.093968391418457031e+01
9.034872055053710938e+00
8.019780158996582031e+00
8.663515090942382812e+00
9.474552154541015625e+00
1.183010864257812500e+01
4.754371166229248047e+00
1.138664817810058594e+01
1.129050064086914062e+01
1.243095779418945312e+01
1.227312850952148438e+01
8.262651443481445312e+00
2.965214014053344727e+00
1.209904289245605469e+01
8.704950332641601562e+00
1.048310661315917969e+01
1.182250404357910156e+01
9.451383590698242188e+00
1.203236198425292969e+01
9.955055236816406250e+00
3.186852931976318359e+00
8.916481018066406250e+00
9.006128311157226562e+00
7.610458374023437500e+00
1.224320983886718750e+01
2.904979705810546875e+00
1.005381298065185547e+01
1.105285835266113281e+01
1.139669704437255859e+01
1.210282421112060547e+01
7.243106365203857422e+00
9.890498161315917969e+00
1.506859111785888672e+01
3.454205274581909180e+00
1.051254844665527344e+01
1.058275604248046875e+01
7.195401668548583984e+00
7.445641040802001953e+00
6.476807594299316406e+00
1.037046051025390625e+01
9.781147003173828125e+00
7.095360755920410156e+00
1.046822357177734375e+01
8.839305877685546875e+00
1.020633792877197266e+01
9.270183563232421875e+00
5.921490669250488281e+00
1.113870811462402344e+01
9.531574249267578125e+00
1.084303760528564453e+01
9.647154808044433594e+00
8.555187225341796875e+00
9.672810554504394531e+00
9.647817611694335938e+00
1.367888355255126953e+01
1.102391433715820312e+01
7.701633453369140625e+00
9.164789199829101562e+00
9.577791213989257812e+00
9.176403999328613281e+00
1.287871170043945312e+01
9.166896820068359375e+00
1.295925521850585938e+01
9.879763603210449219e+00
8.242760658264160156e+00
9.999766349792480469e+00
8.115911483764648438e+00
9.850293159484863281e+00
1.122854900360107422e+01
1.068279361724853516e+01
8.999971389770507812e+00
8.892789840698242188e+00
9.825000762939453125e+00
1.092070007324218750e+01
8.124748229980468750e+00
1.093211269378662109e+01
1.013379287719726562e+01
8.010389328002929688e+00
1.049087524414062500e+01
1.046539878845214844e+01
1.091690063476562500e+01
8.466669082641601562e+00
9.094150543212890625e+00
1.021049690246582031e+01
1.172048664093017578e+01
1.017791748046875000e+01
4.069960594177246094e+00
8.011787414550781250e+00
1.172236251831054688e+01
1.195540046691894531e+01
1.131204223632812500e+01
3.741826057434082031e+00
3.059778451919555664e+00
1.105202198028564453e+01
1.002173423767089844e+01
1.064729022979736328e+01
1.242366790771484375e+01
3.809957027435302734e+00
9.808917045593261719e+00
1.057697200775146484e+01
1.143579196929931641e+01
1.201472377777099609e+01
1.255593299865722656e+01
1.367925071716308594e+01
1.014868545532226562e+01
8.495185852050781250e+00
1.110872650146484375e+01
7.753083229064941406e+00
1.376291656494140625e+01
7.565436840057373047e+00
1.032691001892089844e+01
1.059339046478271484e+01
3.956923007965087891e+00
9.015797615051269531e+00
5.385334968566894531e+00
1.032514667510986328e+01
1.409815788269042969e+01
1.164795970916748047e+01
9.929826736450195312e+00
8.595212936401367188e+00
1.201873779296875000e+01
1.197277450561523438e+01
9.964362144470214844e+00
8.769192695617675781e+00
1.253094577789306641e+01
1.079776096343994141e+01
1.020364093780517578e+01
8.453571319580078125e+00
9.893973350524902344e+00
1.180425357818603516e+01
1.009651565551757812e+01
1.194941806793212891e+01
9.277327537536621094e+00
9.919174194335937500e+00
1.174067783355712891e+01
1.002203750610351562e+01
1.363014507293701172e+01
1.101641082763671875e+01
1.234111022949218750e+01
1.037684440612792969e+01
1.114172744750976562e+01
3.764452695846557617e+00
1.061161422729492188e+01
3.370487213134765625e+00
4.501714706420898438e+00
1.068371105194091797e+01
4.215633392333984375e+00
9.800811767578125000e+00
1.072208499908447266e+01
1.048849391937255859e+01
1.341535568237304688e+01
7.277810096740722656e+00
9.559059143066406250e+00
8.217927932739257812e+00
1.062543392181396484e+01
1.028287315368652344e+01
1.065491867065429688e+01
3.309004545211791992e+00
8.889606475830078125e+00
9.283226966857910156e+00
1.140333843231201172e+01
9.920207977294921875e+00
1.020450115203857422e+01
9.559819221496582031e+00
8.955121994018554688e+00
7.703250408172607422e+00
1.074823188781738281e+01
1.139148426055908203e+01
1.070870018005371094e+01
2.771092653274536133e+00
1.267917919158935547e+01
1.198237609863281250e+01
7.657513141632080078e+00
1.204766559600830078e+01
1.323932647705078125e+01
8.533805847167968750e+00
1.283710956573486328e+01
1.267017459869384766e+01
1.199987983703613281e+01
1.056152629852294922e+01
8.873490333557128906e+00
1.006631183624267578e+01
1.152150726318359375e+01
1.070006942749023438e+01
9.272011756896972656e+00
8.458822250366210938e+00
8.087632179260253906e+00
1.028132438659667969e+01
4.545035362243652344e+00
3.186215877532958984e+00
9.917193412780761719e+00
1.221950149536132812e+01
7.976941108703613281e+00
1.305215167999267578e+01
9.316352844238281250e+00
1.120304203033447266e+01
1.328197479248046875e+01
1.320796966552734375e+01
8.223262786865234375e+00
9.931877136230468750e+00
1.376958656311035156e+01
1.210943794250488281e+01
1.323519325256347656e+01
1.055155277252197266e+01
1.327295684814453125e+01
8.924576759338378906e+00
8.004020690917968750e+00
9.270927429199218750e+00
1.108479499816894531e+01
4.306589603424072266e+00
1.319241809844970703e+01
1.461805534362792969e+01
1.526783657073974609e+01
1.378371524810791016e+01
