1.061498165130615234e+01
1.089076328277587891e+01
1.070913982391357422e+01
9.899853706359863281e+00
1.206162548065185547e+01
1.237891292572021484e+01
1.244500255584716797e+01
8.902254104614257812e+00
1.015344333648681641e+01
3.429263114929199219e+00
1.576467418670654297e+01
1.266780757904052734e+01
9.325649261474609375e+00
9.947550773620605469e+00
7.796863555908203125e+00
1.039353370666503906e+01
6.432190895080566406e+00
1.203798198699951172e+01
4.543532848358154297e+00
8.789381980895996094e+00
1.252016067504882812e+01
1.013112354278564453e+01
5.157827854156494141e+00
1.345623779296875000e+01
1.517230129241943359e+01
1.181904602050781250e+01
1.153055667877197266e+01
1.038917541503906250e+01
1.443237590789794922e+01
3.818512678146362305e+00
1.146368026733398438e+01
1.132599735260009766e+01
1.082428741455078125e+01
1.388981342315673828e+01
1.186409950256347656e+01
1.170674228668212891e+01
7.816000461578369141e+00
1.354581356048583984e+01
1.236341953277587891e+01
1.249030590057373047e+01
1.365603065490722656e+01
8.523231506347656250e+00
9.462468147277832031e+00
1.154656314849853516e+01
1.058035659790039062e+01
1.129669094085693359e+01
1.072798728942871094e+01
1.115997123718261719e+01
1.031708049774169922e+01
9.454173088073730469e+00
1.173548507690429688e+01
9.907061576843261719e+00
1.232905483245849609e+01
1.233204269409179688e+01
1.293143939971923828e+01
1.333073616027832031e+01
9.780879020690917969e+00
6.833290576934814453e+00
1.043494606018066406e+01
1.048870658874511719e+01
3.209903955459594727e+00
8.835613250732421875e+00
9.195796966552734375e+00
8.275041580200195312e+00
1.091622447967529297e+01
9.658351898193359375e+00
8.807500839233398438e+00
8.271655082702636719e+00
9.872024536132812500e+00
1.133964157104492188e+01
1.377906894683837891e+01
1.322636508941650391e+01
1.769425582885742188e+01
7.934988021850585938e+00
1.306641006469726562e+01
7.967736244201660156e+00
9.997850418090820312e+00
3.357119560241699219e+00
1.089345359802246094e+01
1.047440910339355469e+01
9.481354713439941406e+00
1.095813179016113281e+01
9.462975502014160156e+00
3.418519258499145508e+00
1.110857677459716797e+01
9.349946975708007812e+00
8.951944351196289062e+00
9.819695472717285156e+00
3.522433280944824219e+00
1.076201343536376953e+01
8.601285934448242188e+00
8.369741439819335938e+00
1.201742458343505859e+01
9.552185058593750000e+00
1.270689678192138672e+01
7.674877643585205078e+00
8.501638412475585938e+00
1.216745185852050781e+01
1.414819240570068359e+01
6.766082286834716797e+00
3.653437614440917969e+00
8.974945068359375000e+00
9.752025604248046875e+00
7.913189411163330078e+00
1.123215293884277344e+01
7.574018001556396484e+00
1.089510059356689453e+01
1.095379447937011719e+01
1.176583480834960938e+01
9.053381919860839844e+00
3.880863428115844727e+00
1.137809181213378906e+01
7.260589122772216797e+00
8.875861167907714844e+00
6.618553161621093750e+00
1.429212474822998047e+01
1.245041751861572266e+01
1.251304626464843750e+01
1.254089164733886719e+01
1.216791725158691406e+01
9.674588203430175781e+00
9.619002342224121094e+00
1.087706279754638672e+01
6.411235809326171875e+00
7.463646888732910156e+00
1.432919120788574219e+01
1.086272525787353516e+01
1.187520694732666016e+01
1.179370403289794922e+01
1.079116535186767578e+01
1.110767078399658203e+01
1.001235771179199219e+01
3.409618616104125977e+00
1.337424850463867188e+01
4.291206836700439453e+00
1.105292510986328125e+01
1.195293903350830078e+01
1.282001590728759766e+01
3.697488307952880859e+00
1.052530002593994141e+01
8.514487266540527344e+00
6.993000507354736328e+00
1.011455821990966797e+01
1.303983116149902344e+01
3.784718036651611328e+00
1.291623306274414062e+01
8.850649833679199219e+00
1.064817523956298828e+01
8.747194290161132812e+00
1.113058662414550781e+01
4.107123851776123047e+00
1.188207340240478516e+01
1.159030151367187500e+01
1.144771671295166016e+01
9.946377754211425781e+00
1.007519626617431641e+01
8.949944496154785156e+00
4.946439743041992188e+00
1.168434047698974609e+01
1.382690143585205078e+01
1.177456092834472656e+01
1.256605720520019531e+01
1.286671352386474609e+01
1.128285884857177734e+01
1.078566837310791016e+01
1.479996490478515625e+01
9.054334640502929688e+00
1.288199615478515625e+01
9.774877548217773438e+00
9.096565246582031250e+00
1.478938007354736328e+01
1.137206745147705078e+01
8.988218307495117188e+00
8.649899482727050781e+00
9.742297172546386719e+00
1.068002891540527344e+01
1.095385551452636719e+01
7.549674510955810547e+00
1.145062828063964844e+01
5.742124557495117188e+00
1.092341518402099609e+01
1.035818958282470703e+01
1.348413848876953125e+01
1.204844188690185547e+01
3.705116510391235352e+00
6.728607177734375000e+00
9.963593482971191406e+00
9.809714317321777344e+00
1.309717750549316406e+01
1.013509368896484375e+01
3.570230245590209961e+00
1.254731559753417969e+01
3.264205694198608398e+00
1.468047142028808594e+01
1.165940093994140625e+01
1.343219947814941406e+01
5.785429000854492188e+00
1.137152671813964844e+01
1.512247562408447266e+01
8.853793144226074219e+00
1.192444705963134766e+01
1.336409664154052734e+01
9.897607803344726562e+00
8.590638160705566406e+00
9.475753784179687500e+00
1.292663478851318359e+01
7.154484748840332031e+00
9.712917327880859375e+00
9.939588546752929688e+00
9.228094100952148438e+00
1.104765701293945312e+01
1.117265892028808594e+01
1.240609359741210938e+01
1.449015617370605469e+01
8.263250350952148438e+00
4.873928070068359375e+00
1.024686336517333984e+01
1.307977199554443359e+01
1.093837070465087891e+01
1.243071460723876953e+01
1.085072994232177734e+01
1.121651172637939453e+01
8.558843612670898438e+00
1.261924552917480469e+01
1.136929798126220703e+01
1.356812953948974609e+01
1.087785243988037109e+01
1.034174728393554688e+01
1.160081768035888672e+01
1.227983283996582031e+01
9.655994415283203125e+00
1.383965301513671875e+01
9.209228515625000000e+00
1.113150596618652344e+01
1.215645503997802734e+01
7.861167430877685547e+00
1.297557830810546875e+01
9.899642944335937500e+00
1.091303443908691406e+01
8.816638946533203125e+00
3.431612491607666016e+00
1.068149471282958984e+01
1.138689327239990234e+01
1.095909309387207031e+01
1.326408004760742188e+01
7.528304576873779297e+00
1.247337722778320312e+01
8.885430335998535156e+00
9.322858810424804688e+00
1.397661495208740234e+01
