1.024598026275634766e+01
1.241520786285400391e+01
9.046789169311523438e+00
9.371581077575683594e+00
1.255571651458740234e+01
3.903558731079101562e+00
1.061600971221923828e+01
1.170420742034912109e+01
1.098113918304443359e+01
1.362419795989990234e+01
1.482979393005371094e+01
1.020760154724121094e+01
3.380446672439575195e+00
9.635587692260742188e+00
9.070319175720214844e+00
9.877325057983398438e+00
1.257738590240478516e+01
9.265710830688476562e+00
1.224796199798583984e+01
1.122128486633300781e+01
1.121175098419189453e+01
9.785742759704589844e+00
1.202417182922363281e+01
9.325925827026367188e+00
8.052564620971679688e+00
4.805904388427734375e+00
9.275032997131347656e+00
1.359247493743896484e+01
9.364315986633300781e+00
1.230503082275390625e+01
9.601314544677734375e+00
1.130915641784667969e+01
1.006844997406005859e+01
8.908012390136718750e+00
7.828115463256835938e+00
1.178942584991455078e+01
9.430441856384277344e+00
9.523562431335449219e+00
1.521344280242919922e+01
1.265363502502441406e+01
8.310013771057128906e+00
9.213729858398437500e+00
1.228576850891113281e+01
1.064885139465332031e+01
1.588090610504150391e+01
4.622809410095214844e+00
1.264020061492919922e+01
1.156661987304687500e+01
6.563206672668457031e+00
1.272204780578613281e+01
1.120591163635253906e+01
1.044678306579589844e+01
7.432741165161132812e+00
9.251807212829589844e+00
1.212847805023193359e+01
1.290935134887695312e+01
1.008082103729248047e+01
1.121735382080078125e+01
1.379229259490966797e+01
1.139597129821777344e+01
1.031339550018310547e+01
1.157443332672119141e+01
1.012739467620849609e+01
9.531668663024902344e+00
1.332088184356689453e+01
1.305438518524169922e+01
1.308845520019531250e+01
8.472171783447265625e+00
1.258877849578857422e+01
4.371646881103515625e+00
9.346130371093750000e+00
9.685292243957519531e+00
1.150884628295898438e+01
1.181322002410888672e+01
1.578630924224853516e+01
1.208654117584228516e+01
7.895784378051757812e+00
9.868880271911621094e+00
9.190958976745605469e+00
1.102335548400878906e+01
9.187946319580078125e+00
9.315676689147949219e+00
6.615131855010986328e+00
9.601188659667968750e+00
3.536524534225463867e+00
1.234496402740478516e+01
5.140253543853759766e+00
1.014520359039306641e+01
1.160120391845703125e+01
1.291735267639160156e+01
1.148315906524658203e+01
4.238705635070800781e+00
3.128320455551147461e+00
9.036720275878906250e+00
9.969732284545898438e+00
4.299363136291503906e+00
1.426427745819091797e+01
1.026208496093750000e+01
9.052465438842773438e+00
1.199109268188476562e+01
9.066357612609863281e+00
1.287986278533935547e+01
1.275786590576171875e+01
8.004200935363769531e+00
7.126896858215332031e+00
4.262166500091552734e+00
1.082428264617919922e+01
8.914942741394042969e+00
3.014969825744628906e+00
8.094342231750488281e+00
8.721925735473632812e+00
9.601697921752929688e+00
8.897830963134765625e+00
4.080150604248046875e+00
9.921494483947753906e+00
1.006944561004638672e+01
8.578632354736328125e+00
1.064224147796630859e+01
1.043729782104492188e+01
9.858913421630859375e+00
1.076899909973144531e+01
9.984285354614257812e+00
3.631152391433715820e+00
8.555684089660644531e+00
3.926976680755615234e+00
1.001310062408447266e+01
1.338417243957519531e+01
9.867667198181152344e+00
9.188374519348144531e+00
8.349976539611816406e+00
1.238688850402832031e+01
9.644829750061035156e+00
8.912006378173828125e+00
1.247158622741699219e+01
6.593327045440673828e+00
8.987629890441894531e+00
9.556807518005371094e+00
9.828959465026855469e+00
1.069787597656250000e+01
1.135563564300537109e+01
3.754791021347045898e+00
1.171234703063964844e+01
1.085639572143554688e+01
1.147802925109863281e+01
1.086632347106933594e+01
1.070266437530517578e+01
1.058681201934814453e+01
9.211606979370117188e+00
9.803899765014648438e+00
1.017062950134277344e+01
1.464740467071533203e+01
1.115078258514404297e+01
1.378569412231445312e+01
9.948854446411132812e+00
1.081883430480957031e+01
8.048419952392578125e+00
9.113216400146484375e+00
9.391868591308593750e+00
1.237542629241943359e+01
9.403506278991699219e+00
1.175760364532470703e+01
1.281522560119628906e+01
1.563391685485839844e+01
9.325589179992675781e+00
7.148550033569335938e+00
1.004204940795898438e+01
3.023577928543090820e+00
1.285150432586669922e+01
1.030917358398437500e+01
1.288295173645019531e+01
8.158257484436035156e+00
8.873947143554687500e+00
1.027685070037841797e+01
8.172150611877441406e+00
8.757577896118164062e+00
4.889924049377441406e+00
3.127337455749511719e+00
1.002225303649902344e+01
7.125372409820556641e+00
1.097613620758056641e+01
1.155308818817138672e+01
1.265386962890625000e+01
1.216882801055908203e+01
4.083774566650390625e+00
1.309119224548339844e+01
1.196710014343261719e+01
1.419104862213134766e+01
8.546195030212402344e+00
3.704062223434448242e+00
1.170139122009277344e+01
3.386173963546752930e+00
4.912584304809570312e+00
1.109335994720458984e+01
1.180762577056884766e+01
1.016225433349609375e+01
9.660720825195312500e+00
9.945627212524414062e+00
1.238418865203857422e+01
1.192855358123779297e+01
9.407379150390625000e+00
1.377180862426757812e+01
1.153083610534667969e+01
1.221158695220947266e+01
1.215932178497314453e+01
1.223723983764648438e+01
1.197166252136230469e+01
1.292519760131835938e+01
9.565187454223632812e+00
1.414679908752441406e+01
8.390748977661132812e+00
1.465258407592773438e+01
9.434195518493652344e+00
8.920861244201660156e+00
1.050480365753173828e+01
9.735841751098632812e+00
7.027928829193115234e+00
1.308085823059082031e+01
1.163009929656982422e+01
1.009413623809814453e+01
9.567467689514160156e+00
1.301002979278564453e+01
1.095419788360595703e+01
1.259902858734130859e+01
1.055681037902832031e+01
1.155046558380126953e+01
9.956436157226562500e+00
1.179982280731201172e+01
8.504825592041015625e+00
1.173487281799316406e+01
1.073132610321044922e+01
9.734888076782226562e+00
4.067791461944580078e+00
7.648200988769531250e+00
1.147730827331542969e+01
9.305521011352539062e+00
8.716611862182617188e+00
1.106134891510009766e+01
9.868661880493164062e+00
1.126051902770996094e+01
1.158101654052734375e+01
9.875275611877441406e+00
9.525108337402343750e+00
1.278698158264160156e+01
4.497237205505371094e+00
9.884734153747558594e+00
1.027453041076660156e+01
1.351723575592041016e+01
9.905609130859375000e+00
1.016551685333251953e+01
1.015900039672851562e+01
