8.600496292114257812e+00
8.416435241699218750e+00
1.001009273529052734e+01
1.121774101257324219e+01
9.665387153625488281e+00
1.242987251281738281e+01
1.040640449523925781e+01
1.210410213470458984e+01
8.922557830810546875e+00
1.031966114044189453e+01
1.029728317260742188e+01
1.107026863098144531e+01
1.110757732391357422e+01
1.050962352752685547e+01
1.058980751037597656e+01
1.376408863067626953e+01
8.537361145019531250e+00
1.215583705902099609e+01
6.054708957672119141e+00
1.315181922912597656e+01
1.224237537384033203e+01
9.691998481750488281e+00
1.219608306884765625e+01
1.159648132324218750e+01
1.209360885620117188e+01
1.487049865722656250e+01
9.824013710021972656e+00
1.515399646759033203e+01
1.154616832733154297e+01
1.355896759033203125e+01
1.195915794372558594e+01
1.130412387847900391e+01
1.566040229797363281e+01
8.377355575561523438e+00
8.909566879272460938e+00
3.163254976272583008e+00
1.038975715637207031e+01
1.154799652099609375e+01
9.569955825805664062e+00
9.098337173461914062e+00
9.945880889892578125e+00
8.662339210510253906e+00
1.250461673736572266e+01
9.548539161682128906e+00
1.061810493469238281e+01
8.193680763244628906e+00
9.451657295227050781e+00
7.247780323028564453e+00
1.122586727142333984e+01
9.300868988037109375e+00
1.256301593780517578e+01
7.848073005676269531e+00
4.313632965087890625e+00
1.177594470977783203e+01
3.680445909500122070e+00
3.575877189636230469e+00
1.138802814483642578e+01
1.085191249847412109e+01
1.426984500885009766e+01
8.166849136352539062e+00
9.755601882934570312e+00
8.258934974670410156e+00
9.454513549804687500e+00
1.055720424652099609e+01
8.871461868286132812e+00
7.938452243804931641e+00
1.480652523040771484e+01
6.636285781860351562e+00
3.609300374984741211e+00
8.962770462036132812e+00
9.591265678405761719e+00
8.003786087036132812e+00
6.976315498352050781e+00
1.196303367614746094e+01
4.253888130187988281e+00
3.085155487060546875e+00
1.080043888092041016e+01
1.212847805023193359e+01
9.477401733398437500e+00
8.437276840209960938e+00
1.111055850982666016e+01
8.435792922973632812e+00
1.046289825439453125e+01
1.000844001770019531e+01
1.095194149017333984e+01
7.477278709411621094e+00
1.207679367065429688e+01
6.680202960968017578e+00
1.289936733245849609e+01
1.094177246093750000e+01
8.954259872436523438e+00
8.464903831481933594e+00
7.554166793823242188e+00
9.458209037780761719e+00
3.541460752487182617e+00
8.187115669250488281e+00
9.943996429443359375e+00
1.151019001007080078e+01
1.273219680786132812e+01
7.644826412200927734e+00
8.206563949584960938e+00
1.313894557952880859e+01
1.249796485900878906e+01
6.999295711517333984e+00
1.062238788604736328e+01
7.773130893707275391e+00
9.863008499145507812e+00
8.772442817687988281e+00
1.249173641204833984e+01
1.031440639495849609e+01
9.240966796875000000e+00
8.897561073303222656e+00
8.848978042602539062e+00
1.003890895843505859e+01
1.165746212005615234e+01
1.230798721313476562e+01
1.025204467773437500e+01
8.603231430053710938e+00
5.062555313110351562e+00
8.739458084106445312e+00
8.741967201232910156e+00
7.331899166107177734e+00
1.005195903778076172e+01
1.078229141235351562e+01
7.361572742462158203e+00
8.674552917480468750e+00
1.370006847381591797e+01
8.044718742370605469e+00
1.196862983703613281e+01
1.033726406097412109e+01
1.122270393371582031e+01
6.989789009094238281e+00
1.046785640716552734e+01
1.187013244628906250e+01
4.953008174896240234e+00
9.394919395446777344e+00
1.536835956573486328e+01
9.666353225708007812e+00
1.179089355468750000e+01
7.841533184051513672e+00
1.030732059478759766e+01
7.106635093688964844e+00
1.001098060607910156e+01
1.061526012420654297e+01
1.003586959838867188e+01
8.699057579040527344e+00
1.010801124572753906e+01
8.313914299011230469e+00
1.401178836822509766e+01
9.046313285827636719e+00
1.585158634185791016e+01
7.369227886199951172e+00
1.084916019439697266e+01
8.924952507019042969e+00
1.121885108947753906e+01
9.924510955810546875e+00
1.001636219024658203e+01
8.060070037841796875e+00
1.028212261199951172e+01
9.577556610107421875e+00
1.043428516387939453e+01
1.066880035400390625e+01
8.646190643310546875e+00
1.095467090606689453e+01
1.014441585540771484e+01
1.235182666778564453e+01
9.213048934936523438e+00
8.583792686462402344e+00
1.305959129333496094e+01
7.053531646728515625e+00
9.710358619689941406e+00
1.026937389373779297e+01
1.121670341491699219e+01
9.381949424743652344e+00
1.572525119781494141e+01
7.132694244384765625e+00
7.307548522949218750e+00
1.041878128051757812e+01
1.151323699951171875e+01
6.792220115661621094e+00
3.360992431640625000e+00
1.010997200012207031e+01
4.045531272888183594e+00
1.134312343597412109e+01
7.495823860168457031e+00
8.418518066406250000e+00
1.397898769378662109e+01
3.528505563735961914e+00
1.480125522613525391e+01
1.011978721618652344e+01
1.442229175567626953e+01
1.049621009826660156e+01
1.340410327911376953e+01
6.975949287414550781e+00
1.149513149261474609e+01
9.569854736328125000e+00
8.699408531188964844e+00
3.535019397735595703e+00
5.862397670745849609e+00
3.876938343048095703e+00
1.536821937561035156e+01
7.929131984710693359e+00
6.044505119323730469e+00
8.372085571289062500e+00
1.001427078247070312e+01
1.031676101684570312e+01
1.231057262420654297e+01
9.969043731689453125e+00
1.193357372283935547e+01
4.995419502258300781e+00
1.097349357604980469e+01
9.588891983032226562e+00
1.058126068115234375e+01
1.210456371307373047e+01
1.230105495452880859e+01
4.013832092285156250e+00
3.257971763610839844e+00
9.127457618713378906e+00
7.905785083770751953e+00
7.284383296966552734e+00
1.226824951171875000e+01
9.508043289184570312e+00
1.015726947784423828e+01
1.132042980194091797e+01
9.801179885864257812e+00
6.153194904327392578e+00
1.283862686157226562e+01
1.178367137908935547e+01
1.454102134704589844e+01
1.078157234191894531e+01
1.203074359893798828e+01
9.746157646179199219e+00
7.913076400756835938e+00
9.850562095642089844e+00
1.383624458312988281e+01
1.167804431915283203e+01
8.425406455993652344e+00
3.649090766906738281e+00
1.293537902832031250e+01
1.016305065155029297e+01
3.583713054656982422e+00
3.979192256927490234e+00
1.073298358917236328e+01
8.566900253295898438e+00
3.703680276870727539e+00
9.296291351318359375e+00
8.877887725830078125e+00
9.697154045104980469e+00
9.266151428222656250e+00
1.042023944854736328e+01
