1.058906078338623047e+01
8.082759857177734375e+00
8.906375885009765625e+00
1.441188144683837891e+01
8.198363304138183594e+00
8.002679824829101562e+00
1.301536273956298828e+01
1.115268993377685547e+01
1.192834854125976562e+01
1.182176780700683594e+01
1.165131282806396484e+01
1.131244468688964844e+01
1.012234592437744141e+01
1.154222011566162109e+01
9.056127548217773438e+00
1.331340217590332031e+01
8.037654876708984375e+00
4.084904670715332031e+00
7.765403270721435547e+00
1.119456195831298828e+01
1.323112201690673828e+01
1.041569805145263672e+01
1.270767593383789062e+01
8.358918190002441406e+00
9.155622482299804688e+00
9.888631820678710938e+00
1.330024528503417969e+01
9.974225997924804688e+00
1.141287422180175781e+01
1.295183944702148438e+01
8.507444381713867188e+00
1.028703308105468750e+01
1.070192337036132812e+01
1.054021644592285156e+01
1.074320030212402344e+01
7.966013908386230469e+00
4.132090568542480469e+00
1.012926292419433594e+01
1.126842594146728516e+01
1.348885726928710938e+01
1.248795890808105469e+01
4.249670982360839844e+00
1.179086494445800781e+01
1.185129928588867188e+01
3.528688430786132812e+00
1.133444595336914062e+01
9.333373069763183594e+00
9.989251136779785156e+00
7.090911865234375000e+00
9.594147682189941406e+00
3.665532112121582031e+00
1.086759185791015625e+01
1.007565116882324219e+01
1.111610221862792969e+01
1.140394306182861328e+01
1.090938091278076172e+01
8.834239006042480469e+00
1.149037265777587891e+01
1.229962062835693359e+01
9.637929916381835938e+00
1.016751956939697266e+01
4.796371459960937500e+00
1.059769248962402344e+01
9.763619422912597656e+00
9.363553047180175781e+00
1.131090545654296875e+01
1.097162055969238281e+01
9.480783462524414062e+00
1.026448535919189453e+01
5.184117794036865234e+00
8.358360290527343750e+00
9.660131454467773438e+00
1.125120162963867188e+01
1.014013004302978516e+01
1.200070190429687500e+01
1.057302570343017578e+01
8.276651382446289062e+00
1.000903415679931641e+01
1.099529266357421875e+01
1.023059940338134766e+01
7.991760730743408203e+00
1.066928482055664062e+01
9.028598785400390625e+00
5.131947517395019531e+00
1.029297542572021484e+01
1.080514144897460938e+01
9.588016510009765625e+00
1.151861858367919922e+01
8.039961814880371094e+00
1.061597251892089844e+01
1.007192230224609375e+01
1.116601753234863281e+01
1.365853786468505859e+01
9.104561805725097656e+00
9.472487449645996094e+00
8.530687332153320312e+00
1.168874359130859375e+01
1.043075656890869141e+01
1.084230613708496094e+01
1.073396301269531250e+01
9.103713989257812500e+00
4.084256649017333984e+00
1.140262508392333984e+01
8.152533531188964844e+00
1.057115840911865234e+01
1.497334861755371094e+01
1.057633304595947266e+01
9.900767326354980469e+00
6.655210494995117188e+00
1.138787078857421875e+01
1.398485851287841797e+01
9.686267852783203125e+00
1.367624855041503906e+01
7.986840248107910156e+00
9.742382049560546875e+00
9.069773674011230469e+00
8.389454841613769531e+00
1.065251350402832031e+01
1.177127742767333984e+01
1.061861801147460938e+01
1.080459880828857422e+01
1.085942840576171875e+01
9.333049774169921875e+00
1.154590988159179688e+01
1.007954120635986328e+01
9.231999397277832031e+00
1.304741668701171875e+01
1.153195571899414062e+01
7.736705303192138672e+00
9.996663093566894531e+00
1.285117149353027344e+01
8.972844123840332031e+00
1.229322624206542969e+01
9.624293327331542969e+00
1.099302387237548828e+01
9.520816802978515625e+00
1.054907798767089844e+01
3.319056034088134766e+00
1.116440200805664062e+01
8.804105758666992188e+00
4.023086071014404297e+00
1.063918685913085938e+01
9.314474105834960938e+00
7.958508014678955078e+00
7.203899383544921875e+00
9.128104209899902344e+00
7.592387676239013672e+00
8.944764137268066406e+00
1.179079151153564453e+01
9.553662300109863281e+00
1.089836883544921875e+01
1.284566211700439453e+01
9.511523246765136719e+00
1.190804481506347656e+01
7.744358539581298828e+00
3.925919055938720703e+00
1.074874401092529297e+01
4.501332283020019531e+00
7.315431594848632812e+00
1.005754089355468750e+01
1.195223140716552734e+01
9.610173225402832031e+00
5.298002719879150391e+00
9.042294502258300781e+00
1.217600059509277344e+01
1.018348217010498047e+01
1.200263500213623047e+01
9.779169082641601562e+00
1.100887107849121094e+01
1.084219169616699219e+01
4.894068241119384766e+00
9.625492095947265625e+00
8.874425888061523438e+00
1.003014945983886719e+01
1.091885566711425781e+01
8.717680931091308594e+00
1.019944381713867188e+01
1.130847454071044922e+01
1.153604030609130859e+01
1.148454666137695312e+01
8.659402847290039062e+00
1.167487525939941406e+01
7.199932098388671875e+00
9.131526947021484375e+00
1.390986347198486328e+01
4.275243282318115234e+00
1.004467105865478516e+01
1.149393749237060547e+01
1.062050628662109375e+01
9.377256393432617188e+00
1.128837299346923828e+01
4.861903667449951172e+00
1.180470085144042969e+01
9.917065620422363281e+00
1.225507164001464844e+01
4.393990993499755859e+00
1.132820510864257812e+01
1.050699138641357422e+01
1.077207088470458984e+01
1.090087509155273438e+01
8.739855766296386719e+00
1.276153659820556641e+01
7.540910720825195312e+00
9.904568672180175781e+00
8.360004425048828125e+00
1.027171993255615234e+01
1.184115600585937500e+01
1.262679195404052734e+01
1.233508110046386719e+01
1.258479213714599609e+01
9.427102088928222656e+00
1.137792110443115234e+01
1.459789848327636719e+01
1.205508041381835938e+01
8.252031326293945312e+00
1.000135326385498047e+01
1.090026187896728516e+01
4.470189094543457031e+00
1.223585510253906250e+01
1.077503490447998047e+01
4.762508869171142578e+00
1.222034358978271484e+01
9.190526962280273438e+00
1.130201816558837891e+01
1.205029010772705078e+01
1.246290302276611328e+01
9.746984481811523438e+00
9.601085662841796875e+00
9.522027015686035156e+00
8.158801078796386719e+00
1.122232246398925781e+01
1.369287967681884766e+01
1.307498931884765625e+01
8.515317916870117188e+00
4.456200122833251953e+00
1.057594585418701172e+01
4.983084201812744141e+00
4.512394905090332031e+00
1.257851409912109375e+01
1.424227142333984375e+01
9.250294685363769531e+00
1.116756153106689453e+01
4.003804683685302734e+00
1.082912254333496094e+01
1.002771663665771484e+01
1.546728515625000000e+01
1.081633853912353516e+01
1.060455131530761719e+01
9.594298362731933594e+00
1.117223167419433594e+01
