9.657609939575195312e+00
1.214232444763183594e+01
9.524352073669433594e+00
7.309416770935058594e+00
1.350091934204101562e+01
7.607265472412109375e+00
9.409205436706542969e+00
7.554635047912597656e+00
1.160119915008544922e+01
9.137453079223632812e+00
1.090023994445800781e+01
9.321927070617675781e+00
1.050020885467529297e+01
6.982978343963623047e+00
8.810332298278808594e+00
7.668763160705566406e+00
1.475316715240478516e+01
7.228394508361816406e+00
1.214024925231933594e+01
8.142596244812011719e+00
9.247092247009277344e+00
1.009270095825195312e+01
5.011261463165283203e+00
1.164919948577880859e+01
1.245430469512939453e+01
1.085330390930175781e+01
6.649838447570800781e+00
8.594696998596191406e+00
1.004539394378662109e+01
9.577328681945800781e+00
9.774921417236328125e+00
9.339342117309570312e+00
7.977450370788574219e+00
7.925198554992675781e+00
1.016301155090332031e+01
1.074148178100585938e+01
9.513790130615234375e+00
7.968384265899658203e+00
1.072620391845703125e+01
1.076477432250976562e+01
1.271541404724121094e+01
8.759858131408691406e+00
1.023137474060058594e+01
9.545327186584472656e+00
9.136831283569335938e+00
3.245059490203857422e+00
1.012054729461669922e+01
8.446912765502929688e+00
7.289760112762451172e+00
9.420515060424804688e+00
1.221275234222412109e+01
1.028854942321777344e+01
9.493620872497558594e+00
8.299388885498046875e+00
1.173885822296142578e+01
1.087960433959960938e+01
4.458090782165527344e+00
1.055304241180419922e+01
1.040678596496582031e+01
9.505784988403320312e+00
8.872419357299804688e+00
1.053992462158203125e+01
1.057305335998535156e+01
1.137261390686035156e+01
1.370585536956787109e+01
8.447968482971191406e+00
7.191378593444824219e+00
7.372306823730468750e+00
9.953401565551757812e+00
9.198214530944824219e+00
1.024247932434082031e+01
5.497630596160888672e+00
8.086228370666503906e+00
9.062945365905761719e+00
7.353153705596923828e+00
9.054344177246093750e+00
1.000728416442871094e+01
7.546733379364013672e+00
9.643054008483886719e+00
1.226387119293212891e+01
1.015470027923583984e+01
5.584556102752685547e+00
1.300386142730712891e+01
1.125279808044433594e+01
1.157421207427978516e+01
1.026164722442626953e+01
1.478317546844482422e+01
9.287963867187500000e+00
1.187064266204833984e+01
1.160247421264648438e+01
1.141846942901611328e+01
1.281838512420654297e+01
1.066442584991455078e+01
6.752189159393310547e+00
4.613651752471923828e+00
3.881338596343994141e+00
1.287036895751953125e+01
9.007426261901855469e+00
9.536387443542480469e+00
7.491817951202392578e+00
8.892914772033691406e+00
9.467066764831542969e+00
1.017837142944335938e+01
1.037471866607666016e+01
1.508881664276123047e+01
7.947300434112548828e+00
9.429225921630859375e+00
9.932341575622558594e+00
9.743699073791503906e+00
7.651083946228027344e+00
9.961081504821777344e+00
1.011826801300048828e+01
1.664848518371582031e+01
8.655296325683593750e+00
7.655387878417968750e+00
1.157137107849121094e+01
9.313008308410644531e+00
1.153944110870361328e+01
7.532641887664794922e+00
8.758937835693359375e+00
1.644037818908691406e+01
9.090744018554687500e+00
8.544194221496582031e+00
4.607100486755371094e+00
1.083215904235839844e+01
3.222298145294189453e+00
1.040710735321044922e+01
9.511921882629394531e+00
1.185513496398925781e+01
4.535029411315917969e+00
3.349515676498413086e+00
1.339668369293212891e+01
1.668902778625488281e+01
1.335214900970458984e+01
1.183950901031494141e+01
1.150080490112304688e+01
1.280530261993408203e+01
7.644601345062255859e+00
1.017610740661621094e+01
8.475898742675781250e+00
1.238323593139648438e+01
9.954572677612304688e+00
1.614295578002929688e+01
5.282636642456054688e+00
3.567739725112915039e+00
1.282803249359130859e+01
9.945409774780273438e+00
1.230743503570556641e+01
8.642678260803222656e+00
8.583101272583007812e+00
1.058052635192871094e+01
1.216953945159912109e+01
1.224744415283203125e+01
8.862341880798339844e+00
9.657876968383789062e+00
7.668270587921142578e+00
5.463751316070556641e+00
1.072417259216308594e+01
6.696192741394042969e+00
1.076585102081298828e+01
1.085101985931396484e+01
4.787829399108886719e+00
5.083932399749755859e+00
1.256337642669677734e+01
8.495573043823242188e+00
1.413105297088623047e+01
1.271683025360107422e+01
9.126585006713867188e+00
3.567955017089843750e+00
1.021456336975097656e+01
9.366430282592773438e+00
8.306663513183593750e+00
1.075115299224853516e+01
9.003115653991699219e+00
1.386268711090087891e+01
1.122668933868408203e+01
1.061910057067871094e+01
4.148827075958251953e+00
7.281667709350585938e+00
9.900826454162597656e+00
6.252008438110351562e+00
3.914487838745117188e+00
1.046355628967285156e+01
1.226756572723388672e+01
8.359765052795410156e+00
1.025094223022460938e+01
1.322896194458007812e+01
8.896814346313476562e+00
1.021752834320068359e+01
1.005361938476562500e+01
6.128687858581542969e+00
9.549261093139648438e+00
1.028701496124267578e+01
9.874197959899902344e+00
1.285740470886230469e+01
9.006885528564453125e+00
1.219945716857910156e+01
8.702832221984863281e+00
8.523173332214355469e+00
7.856334209442138672e+00
9.585212707519531250e+00
7.969125747680664062e+00
1.232265949249267578e+01
1.161670589447021484e+01
9.641311645507812500e+00
8.672576904296875000e+00
6.979308128356933594e+00
8.411569595336914062e+00
8.070645332336425781e+00
8.618591308593750000e+00
1.426884269714355469e+01
1.000307273864746094e+01
9.558367729187011719e+00
7.059782028198242188e+00
3.543336391448974609e+00
9.078756332397460938e+00
1.178800296783447266e+01
1.211931324005126953e+01
4.201081752777099609e+00
7.073427200317382812e+00
1.307557773590087891e+01
1.072526073455810547e+01
1.208324337005615234e+01
4.036732673645019531e+00
9.518127441406250000e+00
8.475364685058593750e+00
1.023310565948486328e+01
8.307755470275878906e+00
3.847944021224975586e+00
1.068290901184082031e+01
1.152466869354248047e+01
8.595627784729003906e+00
1.336908912658691406e+01
9.099002838134765625e+00
9.029644966125488281e+00
8.031943321228027344e+00
1.135530567169189453e+01
4.700088024139404297e+00
4.305396556854248047e+00
1.066696071624755859e+01
9.681008338928222656e+00
1.071225833892822266e+01
1.067142391204833984e+01
1.009491062164306641e+01
1.198854255676269531e+01
1.056780052185058594e+01
1.140901279449462891e+01
1.008309936523437500e+01
1.139265823364257812e+01
1.028705978393554688e+01
