8.766367912292480469e+00
1.053630542755126953e+01
9.245429039001464844e+00
1.227250957489013672e+01
1.332479286193847656e+01
1.147671604156494141e+01
9.266218185424804688e+00
9.649966239929199219e+00
1.324841785430908203e+01
1.177644729614257812e+01
6.558044433593750000e+00
1.073171901702880859e+01
1.029567623138427734e+01
1.030576896667480469e+01
1.098684692382812500e+01
5.491569042205810547e+00
1.034671211242675781e+01
1.065783309936523438e+01
1.152165126800537109e+01
1.062014675140380859e+01
1.150585651397705078e+01
8.997084617614746094e+00
9.766787528991699219e+00
9.857881546020507812e+00
5.584280967712402344e+00
1.012311744689941406e+01
1.284085941314697266e+01
6.671734809875488281e+00
4.636435508728027344e+00
1.304977321624755859e+01
9.425835609436035156e+00
9.289946556091308594e+00
8.145535469055175781e+00
1.053816223144531250e+01
4.569790363311767578e+00
4.764162063598632812e+00
8.606848716735839844e+00
1.257415103912353516e+01
4.171074390411376953e+00
1.313000202178955078e+01
1.287755298614501953e+01
1.081382083892822266e+01
1.124854087829589844e+01
1.063975334167480469e+01
1.489998245239257812e+01
9.535790443420410156e+00
6.705708026885986328e+00
7.328349113464355469e+00
1.186270046234130859e+01
1.215043735504150391e+01
1.298371791839599609e+01
1.267145252227783203e+01
8.145157814025878906e+00
1.187168312072753906e+01
1.127367401123046875e+01
1.073867511749267578e+01
1.144173145294189453e+01
1.195341777801513672e+01
1.116572475433349609e+01
1.025598430633544922e+01
1.324988079071044922e+01
1.451493740081787109e+01
1.266162872314453125e+01
1.239926719665527344e+01
1.321133327484130859e+01
4.234306335449218750e+00
1.210400962829589844e+01
9.142793655395507812e+00
7.842737197875976562e+00
1.088821506500244141e+01
1.404630565643310547e+01
1.101729393005371094e+01
8.434454917907714844e+00
4.653281688690185547e+00
7.958806037902832031e+00
7.404910564422607422e+00
1.267977809906005859e+01
8.761430740356445312e+00
1.379184150695800781e+01
1.176076602935791016e+01
8.822354316711425781e+00
8.182907104492187500e+00
7.093231678009033203e+00
6.695756912231445312e+00
1.395995807647705078e+01
1.218895435333251953e+01
1.269325447082519531e+01
4.498721122741699219e+00
9.809119224548339844e+00
1.240792560577392578e+01
1.281510543823242188e+01
1.386394214630126953e+01
9.651802062988281250e+00
1.138150119781494141e+01
1.214802742004394531e+01
1.270948028564453125e+01
9.025548934936523438e+00
6.613742351531982422e+00
1.407101917266845703e+01
9.231602668762207031e+00
1.321138954162597656e+01
1.211997222900390625e+01
1.267271614074707031e+01
1.190305614471435547e+01
9.038364410400390625e+00
1.097601318359375000e+01
1.179488658905029297e+01
1.226912403106689453e+01
9.618378639221191406e+00
1.170921516418457031e+01
1.364582920074462891e+01
1.381334590911865234e+01
1.120816421508789062e+01
8.441529273986816406e+00
1.037660694122314453e+01
1.286577224731445312e+01
1.080910682678222656e+01
9.579328536987304688e+00
1.123752975463867188e+01
1.085089778900146484e+01
8.901954650878906250e+00
7.599822044372558594e+00
9.173255920410156250e+00
7.288582801818847656e+00
1.000701999664306641e+01
4.801403045654296875e+00
1.095979309082031250e+01
6.221081256866455078e+00
1.283972454071044922e+01
1.071124458312988281e+01
1.310051059722900391e+01
1.153565979003906250e+01
6.157941818237304688e+00
1.386331176757812500e+01
9.682762145996093750e+00
8.517397880554199219e+00
1.236149501800537109e+01
1.038713264465332031e+01
9.171836853027343750e+00
8.897709846496582031e+00
1.590156078338623047e+01
1.541335010528564453e+01
1.322539234161376953e+01
9.742717742919921875e+00
8.657726287841796875e+00
1.024076271057128906e+01
3.892377614974975586e+00
9.573448181152343750e+00
1.021057224273681641e+01
8.783494949340820312e+00
1.369178199768066406e+01
1.222833442687988281e+01
9.885091781616210938e+00
4.091569900512695312e+00
1.242485427856445312e+01
9.274996757507324219e+00
1.022772693634033203e+01
4.715708732604980469e+00
1.130022430419921875e+01
1.035343456268310547e+01
1.237035751342773438e+01
8.926793098449707031e+00
6.382260799407958984e+00
1.261781978607177734e+01
9.807497978210449219e+00
9.908033370971679688e+00
4.043956756591796875e+00
9.652607917785644531e+00
1.182627773284912109e+01
8.749404907226562500e+00
1.003975772857666016e+01
9.745847702026367188e+00
1.377981185913085938e+01
7.184527873992919922e+00
1.151397418975830078e+01
1.257680702209472656e+01
8.516979217529296875e+00
1.190483093261718750e+01
5.678128242492675781e+00
1.029962539672851562e+01
5.620826721191406250e+00
1.048780250549316406e+01
8.569908142089843750e+00
9.759718894958496094e+00
1.323198604583740234e+01
9.709531784057617188e+00
7.784348011016845703e+00
1.258348751068115234e+01
9.825006484985351562e+00
9.351391792297363281e+00
8.972419738769531250e+00
8.301356315612792969e+00
1.144913482666015625e+01
7.916309833526611328e+00
1.003019809722900391e+01
9.190357208251953125e+00
9.940098762512207031e+00
4.742096424102783203e+00
4.710886478424072266e+00
1.123147678375244141e+01
1.277765178680419922e+01
3.900854825973510742e+00
9.297816276550292969e+00
1.123318004608154297e+01
8.658905029296875000e+00
8.346077919006347656e+00
9.781650543212890625e+00
1.223229789733886719e+01
1.150277042388916016e+01
1.098613834381103516e+01
8.581636428833007812e+00
9.149710655212402344e+00
1.393892288208007812e+01
7.763082027435302734e+00
1.135436820983886719e+01
8.035243988037109375e+00
1.159959220886230469e+01
9.828884124755859375e+00
1.033064174652099609e+01
1.007193470001220703e+01
1.042548751831054688e+01
9.584428787231445312e+00
1.404704952239990234e+01
1.086489105224609375e+01
9.518612861633300781e+00
1.034280872344970703e+01
9.099162101745605469e+00
9.700428962707519531e+00
1.264882373809814453e+01
5.868150234222412109e+00
4.023896217346191406e+00
1.227361106872558594e+01
8.686978340148925781e+00
1.468487262725830078e+01
1.262432575225830078e+01
9.485287666320800781e+00
7.500008106231689453e+00
1.177288627624511719e+01
9.824648857116699219e+00
1.546904754638671875e+01
9.500709533691406250e+00
8.063096046447753906e+00
9.370504379272460938e+00
1.356280136108398438e+01
1.328952026367187500e+01
7.646358966827392578e+00
1.350773143768310547e+01
1.154396629333496094e+01
1.134864425659179688e+01
4.083066463470458984e+00
