9.811937332153320312e+00
1.391736125946044922e+01
1.227376842498779297e+01
7.426067829132080078e+00
8.826480865478515625e+00
9.244896888732910156e+00
8.771318435668945312e+00
1.098483180999755859e+01
1.318425083160400391e+01
9.198533058166503906e+00
1.475521564483642578e+01
9.610545158386230469e+00
3.231315374374389648e+00
1.121953868865966797e+01
1.204818248748779297e+01
1.038449478149414062e+01
9.552716255187988281e+00
1.015606021881103516e+01
1.172936916351318359e+01
1.077832317352294922e+01
1.061544799804687500e+01
3.574276924133300781e+00
1.132572937011718750e+01
1.190233135223388672e+01
7.716359615325927734e+00
8.619882583618164062e+00
1.074704742431640625e+01
8.658319473266601562e+00
1.223026847839355469e+01
8.586956977844238281e+00
1.160741043090820312e+01
9.527219772338867188e+00
3.415404796600341797e+00
1.014846229553222656e+01
1.017513942718505859e+01
9.362889289855957031e+00
1.001996898651123047e+01
9.867695808410644531e+00
9.136730194091796875e+00
1.069217014312744141e+01
1.037007522583007812e+01
1.235366439819335938e+01
1.143521308898925781e+01
3.159587144851684570e+00
1.546094131469726562e+01
9.582520484924316406e+00
1.333376598358154297e+01
7.515997409820556641e+00
1.332928848266601562e+01
1.153156661987304688e+01
3.273192167282104492e+00
7.642987251281738281e+00
9.818420410156250000e+00
1.366062736511230469e+01
1.084547328948974609e+01
1.204506492614746094e+01
9.954031944274902344e+00
8.776099205017089844e+00
3.879404783248901367e+00
8.572118759155273438e+00
1.182363319396972656e+01
4.702024936676025391e+00
1.119343471527099609e+01
6.836904048919677734e+00
4.666040420532226562e+00
7.426324844360351562e+00
7.510519504547119141e+00
8.871188163757324219e+00
9.056843757629394531e+00
1.167884540557861328e+01
1.349837017059326172e+01
1.007664966583251953e+01
8.568386077880859375e+00
1.178135395050048828e+01
3.871500015258789062e+00
8.519289970397949219e+00
9.815463066101074219e+00
9.310643196105957031e+00
1.026524639129638672e+01
1.275823593139648438e+01
1.009641456604003906e+01
1.157845497131347656e+01
9.249749183654785156e+00
1.119358825683593750e+01
4.849558353424072266e+00
1.175778961181640625e+01
1.071102046966552734e+01
7.783114910125732422e+00
3.851292133331298828e+00
3.836865663528442383e+00
1.033619213104248047e+01
1.135699081420898438e+01
1.171199226379394531e+01
9.116371154785156250e+00
1.142104816436767578e+01
1.098322772979736328e+01
8.955441474914550781e+00
1.064715957641601562e+01
3.341609001159667969e+00
1.391422748565673828e+01
1.153278732299804688e+01
8.658589363098144531e+00
1.258838939666748047e+01
1.245999622344970703e+01
1.164376831054687500e+01
1.169135570526123047e+01
1.120676517486572266e+01
1.065949916839599609e+01
1.023557090759277344e+01
9.296410560607910156e+00
1.401640605926513672e+01
1.268352699279785156e+01
1.187794113159179688e+01
4.219782829284667969e+00
1.171359920501708984e+01
1.225910949707031250e+01
1.067584991455078125e+01
9.325012207031250000e+00
1.273225784301757812e+01
1.259296989440917969e+01
1.310120010375976562e+01
1.082885074615478516e+01
8.700149536132812500e+00
6.958021163940429688e+00
8.761837959289550781e+00
9.507802009582519531e+00
1.006195068359375000e+01
9.678234100341796875e+00
1.009777641296386719e+01
3.495849132537841797e+00
1.187099742889404297e+01
1.199548816680908203e+01
8.904617309570312500e+00
9.612432479858398438e+00
1.056811809539794922e+01
1.108670139312744141e+01
1.069470977783203125e+01
1.285573196411132812e+01
6.506590366363525391e+00
9.846985816955566406e+00
9.946907043457031250e+00
9.259587287902832031e+00
1.110764980316162109e+01
8.404586791992187500e+00
9.000228881835937500e+00
4.250343322753906250e+00
1.322035884857177734e+01
1.185724163055419922e+01
1.207208156585693359e+01
1.157751178741455078e+01
5.320896625518798828e+00
1.215781784057617188e+01
1.269182014465332031e+01
1.144339752197265625e+01
6.943258762359619141e+00
8.426829338073730469e+00
1.183136081695556641e+01
6.989507198333740234e+00
1.128213977813720703e+01
9.472926139831542969e+00
1.015178966522216797e+01
7.475147247314453125e+00
1.033459472656250000e+01
1.011152267456054688e+01
8.141058921813964844e+00
3.286424160003662109e+00
8.250507354736328125e+00
6.049103260040283203e+00
5.457769870758056641e+00
7.268586635589599609e+00
7.290203094482421875e+00
1.016470241546630859e+01
1.214562225341796875e+01
4.629770278930664062e+00
4.454232692718505859e+00
1.060755252838134766e+01
1.158438587188720703e+01
8.902638435363769531e+00
9.981287956237792969e+00
9.096745491027832031e+00
4.376780033111572266e+00
1.089150619506835938e+01
3.000704765319824219e+00
3.900571107864379883e+00
1.238400554656982422e+01
6.545252323150634766e+00
1.198495960235595703e+01
1.012744903564453125e+01
1.079013252258300781e+01
1.181006431579589844e+01
1.321719646453857422e+01
8.629094123840332031e+00
8.182802200317382812e+00
1.318861675262451172e+01
1.266913032531738281e+01
7.987160205841064453e+00
8.927881240844726562e+00
6.588758468627929688e+00
1.194602203369140625e+01
7.494962215423583984e+00
1.078013420104980469e+01
9.527191162109375000e+00
8.840702056884765625e+00
1.065774250030517578e+01
1.253726959228515625e+01
8.263465881347656250e+00
8.666102409362792969e+00
8.041377067565917969e+00
4.220985412597656250e+00
9.625163078308105469e+00
1.192802238464355469e+01
1.302136230468750000e+01
8.645703315734863281e+00
7.854423522949218750e+00
9.616249084472656250e+00
1.056546592712402344e+01
4.514827728271484375e+00
7.794287681579589844e+00
1.257314109802246094e+01
1.024125194549560547e+01
6.766159534454345703e+00
1.283146572113037109e+01
1.180270290374755859e+01
3.995237588882446289e+00
5.384357929229736328e+00
6.353672027587890625e+00
1.151662635803222656e+01
9.661843299865722656e+00
1.090732002258300781e+01
9.860300064086914062e+00
9.489006996154785156e+00
1.005458736419677734e+01
1.306498336791992188e+01
8.611639976501464844e+00
8.250712394714355469e+00
9.683444976806640625e+00
9.242507934570312500e+00
9.928030014038085938e+00
1.174777603149414062e+01
8.663543701171875000e+00
1.346552467346191406e+01
7.506739139556884766e+00
1.276232814788818359e+01
1.040660190582275391e+01
7.738239765167236328e+00
1.165993404388427734e+01
4.329511165618896484e+00
1.393509387969970703e+01
1.198924827575683594e+01
7.694684982299804688e+00
