3.839213609695434570e+00
9.737048149108886719e+00
1.137829494476318359e+01
1.022990798950195312e+01
1.277633094787597656e+01
1.108771991729736328e+01
9.906378746032714844e+00
1.228895568847656250e+01
8.840798377990722656e+00
8.204854965209960938e+00
8.852908134460449219e+00
8.248400688171386719e+00
1.543820858001708984e+01
1.317613983154296875e+01
9.789800643920898438e+00
1.078187847137451172e+01
4.043523311614990234e+00
8.140016555786132812e+00
3.980946779251098633e+00
9.503556251525878906e+00
1.196913337707519531e+01
1.194401931762695312e+01
4.491194248199462891e+00
1.168285274505615234e+01
8.420092582702636719e+00
1.106703281402587891e+01
1.274774074554443359e+01
1.324631118774414062e+01
1.163812446594238281e+01
1.053047466278076172e+01
1.122820663452148438e+01
9.237361907958984375e+00
9.761760711669921875e+00
4.321526050567626953e+00
1.124353122711181641e+01
1.010251903533935547e+01
1.149445724487304688e+01
3.726332187652587891e+00
8.319306373596191406e+00
1.219970226287841797e+01
1.183948802947998047e+01
1.127724266052246094e+01
1.319580745697021484e+01
1.130806922912597656e+01
9.453528404235839844e+00
1.338067531585693359e+01
1.352556324005126953e+01
1.010608577728271484e+01
8.823292732238769531e+00
8.376019477844238281e+00
1.452463436126708984e+01
5.528627395629882812e+00
1.151249694824218750e+01
6.261687755584716797e+00
1.076715087890625000e+01
6.874222278594970703e+00
1.108985233306884766e+01
1.337236118316650391e+01
1.531960201263427734e+01
1.019451236724853516e+01
3.103009223937988281e+00
1.142450332641601562e+01
1.006041240692138672e+01
1.007967948913574219e+01
8.671732902526855469e+00
1.145519924163818359e+01
1.297659587860107422e+01
4.232475280761718750e+00
1.204794502258300781e+01
1.329845237731933594e+01
9.101037979125976562e+00
9.020433425903320312e+00
3.780196905136108398e+00
1.184002017974853516e+01
1.282683467864990234e+01
9.239278793334960938e+00
9.121143341064453125e+00
1.147641563415527344e+01
9.229097366333007812e+00
1.324408912658691406e+01
1.004074192047119141e+01
1.290007209777832031e+01
1.107013225555419922e+01
1.059126186370849609e+01
1.043383121490478516e+01
1.273743915557861328e+01
1.145291709899902344e+01
9.617355346679687500e+00
1.121254920959472656e+01
3.661015033721923828e+00
4.492892265319824219e+00
1.252917766571044922e+01
1.397653007507324219e+01
8.595273017883300781e+00
6.224155902862548828e+00
1.233216857910156250e+01
9.508768081665039062e+00
8.860404968261718750e+00
1.123513412475585938e+01
1.127367687225341797e+01
9.308347702026367188e+00
1.116321945190429688e+01
1.052128982543945312e+01
1.045687007904052734e+01
8.999465942382812500e+00
1.276158237457275391e+01
1.082459545135498047e+01
1.190610980987548828e+01
1.132449340820312500e+01
1.078349018096923828e+01
7.321383476257324219e+00
9.017254829406738281e+00
4.123163223266601562e+00
1.198477077484130859e+01
9.970115661621093750e+00
7.128838062286376953e+00
1.099960517883300781e+01
9.314414978027343750e+00
9.201447486877441406e+00
1.094655513763427734e+01
9.416933059692382812e+00
7.495799064636230469e+00
8.023035049438476562e+00
9.927987098693847656e+00
8.698697090148925781e+00
8.700616836547851562e+00
1.028034591674804688e+01
1.155779647827148438e+01
6.458170413970947266e+00
1.252299499511718750e+01
1.300631713867187500e+01
3.501510620117187500e+00
1.066851234436035156e+01
1.094248676300048828e+01
1.053559875488281250e+01
4.451034069061279297e+00
1.031521701812744141e+01
1.288629913330078125e+01
1.322350883483886719e+01
9.305716514587402344e+00
9.373192787170410156e+00
1.107723999023437500e+01
1.319304084777832031e+01
1.008726215362548828e+01
1.189503955841064453e+01
8.916487693786621094e+00
1.116471862792968750e+01
1.007762241363525391e+01
1.283398818969726562e+01
1.067562580108642578e+01
4.953585624694824219e+00
1.020133781433105469e+01
1.315918064117431641e+01
1.214169597625732422e+01
1.210683917999267578e+01
7.334037780761718750e+00
9.992418289184570312e+00
9.101707458496093750e+00
1.194592761993408203e+01
1.242795562744140625e+01
3.683319568634033203e+00
1.234772586822509766e+01
5.018743991851806641e+00
8.539152145385742188e+00
9.961731910705566406e+00
1.077381610870361328e+01
1.261395645141601562e+01
9.174188613891601562e+00
4.722500324249267578e+00
9.840623855590820312e+00
9.449561119079589844e+00
9.926877975463867188e+00
1.010943603515625000e+01
7.864328384399414062e+00
1.064938354492187500e+01
1.290022659301757812e+01
9.123358726501464844e+00
1.177870559692382812e+01
8.083250045776367188e+00
8.403127670288085938e+00
4.070074558258056641e+00
1.090415477752685547e+01
7.761971950531005859e+00
5.418580532073974609e+00
1.495933723449707031e+01
9.955583572387695312e+00
5.711435794830322266e+00
5.295470714569091797e+00
9.056899070739746094e+00
1.295330142974853516e+01
4.739624500274658203e+00
1.283715724945068359e+01
1.264241504669189453e+01
9.460901260375976562e+00
1.030475997924804688e+01
9.230310440063476562e+00
1.202740955352783203e+01
1.155493545532226562e+01
1.071619415283203125e+01
7.467658996582031250e+00
1.369489955902099609e+01
1.066671276092529297e+01
9.332291603088378906e+00
5.010838031768798828e+00
3.377624988555908203e+00
1.304663276672363281e+01
7.808697223663330078e+00
1.241360855102539062e+01
7.024806976318359375e+00
1.132895851135253906e+01
3.586492776870727539e+00
1.090613079071044922e+01
1.356869888305664062e+01
1.251105785369873047e+01
3.841664552688598633e+00
9.641873359680175781e+00
9.550336837768554688e+00
1.185838317871093750e+01
1.067406368255615234e+01
7.966388225555419922e+00
1.302399158477783203e+01
1.035143184661865234e+01
1.087411689758300781e+01
4.073028087615966797e+00
1.336020946502685547e+01
1.107289314270019531e+01
8.469557762145996094e+00
1.184264659881591797e+01
1.053019809722900391e+01
9.967167854309082031e+00
9.293425559997558594e+00
1.102860260009765625e+01
1.140000152587890625e+01
8.383282661437988281e+00
1.322275066375732422e+01
8.081926345825195312e+00
1.208141803741455078e+01
1.029906368255615234e+01
1.302767944335937500e+01
1.058768939971923828e+01
9.213537216186523438e+00
9.586360931396484375e+00
9.103072166442871094e+00
1.167589187622070312e+01
8.776764869689941406e+00
1.123659133911132812e+01
1.263889884948730469e+01
8.986329078674316406e+00
1.158382606506347656e+01
1.019585895538330078e+01
