1.226080608367919922e+01
1.257735061645507812e+01
1.180548763275146484e+01
8.566368103027343750e+00
9.876783370971679688e+00
1.037791442871093750e+01
9.643481254577636719e+00
8.070950508117675781e+00
1.225646972656250000e+01
9.653105735778808594e+00
9.058911323547363281e+00
1.093944263458251953e+01
8.924832344055175781e+00
8.966547966003417969e+00
1.158298110961914062e+01
9.420372009277343750e+00
1.009996032714843750e+01
3.994790792465209961e+00
1.308241939544677734e+01
1.546001243591308594e+01
1.086657333374023438e+01
1.259539985656738281e+01
1.217617988586425781e+01
8.810472488403320312e+00
1.078022289276123047e+01
1.034122562408447266e+01
1.403307533264160156e+01
8.971057891845703125e+00
1.034925746917724609e+01
9.846192359924316406e+00
1.116565608978271484e+01
1.251660728454589844e+01
1.160486412048339844e+01
9.759377479553222656e+00
1.116347408294677734e+01
9.359800338745117188e+00
1.243195629119873047e+01
7.843192577362060547e+00
9.090243339538574219e+00
1.204926967620849609e+01
9.561573028564453125e+00
9.396222114562988281e+00
1.014812278747558594e+01
1.180473423004150391e+01
1.496485614776611328e+01
8.725221633911132812e+00
8.782969474792480469e+00
8.195372581481933594e+00
1.062071132659912109e+01
7.966160774230957031e+00
1.107550144195556641e+01
8.544884681701660156e+00
9.570887565612792969e+00
4.088900566101074219e+00
1.245321464538574219e+01
7.169695377349853516e+00
9.467674255371093750e+00
1.356573963165283203e+01
1.405865764617919922e+01
1.305914783477783203e+01
1.216245841979980469e+01
1.108573818206787109e+01
9.319519042968750000e+00
7.742877483367919922e+00
7.454307079315185547e+00
1.423116016387939453e+01
8.930072784423828125e+00
8.721395492553710938e+00
9.911765098571777344e+00
7.031629562377929688e+00
1.158366298675537109e+01
8.298187255859375000e+00
1.016316509246826172e+01
9.540227890014648438e+00
1.205167198181152344e+01
5.576868057250976562e+00
8.184496879577636719e+00
1.023161220550537109e+01
9.093771934509277344e+00
1.146783065795898438e+01
3.482882976531982422e+00
9.261954307556152344e+00
9.858489036560058594e+00
6.954054355621337891e+00
1.020664596557617188e+01
1.422640991210937500e+01
1.041395950317382812e+01
1.031794357299804688e+01
7.601922035217285156e+00
9.639449119567871094e+00
1.197942924499511719e+01
1.208006954193115234e+01
7.483783721923828125e+00
3.598581552505493164e+00
1.145548534393310547e+01
3.691785573959350586e+00
1.219552040100097656e+01
4.082720279693603516e+00
8.340315818786621094e+00
3.777844429016113281e+00
9.262190818786621094e+00
7.581969738006591797e+00
1.196365165710449219e+01
1.128205490112304688e+01
1.467338275909423828e+01
7.788480281829833984e+00
1.409134769439697266e+01
1.319222354888916016e+01
1.254295921325683594e+01
7.858572959899902344e+00
1.015734481811523438e+01
8.924952507019042969e+00
1.126569366455078125e+01
1.091939926147460938e+01
1.259944725036621094e+01
1.259002494812011719e+01
1.094433021545410156e+01
8.484777450561523438e+00
1.100164318084716797e+01
1.188437175750732422e+01
6.089078903198242188e+00
7.339073181152343750e+00
8.557010650634765625e+00
9.524791717529296875e+00
1.129642963409423828e+01
9.436887741088867188e+00
1.172220325469970703e+01
7.707330226898193359e+00
1.164595031738281250e+01
1.050679492950439453e+01
1.215539455413818359e+01
7.848296165466308594e+00
1.045364856719970703e+01
7.946522712707519531e+00
1.000359249114990234e+01
1.071015071868896484e+01
1.303594779968261719e+01
8.588274955749511719e+00
1.144319629669189453e+01
1.326323986053466797e+01
1.087271595001220703e+01
1.155269050598144531e+01
7.637166023254394531e+00
1.107107925415039062e+01
9.549547195434570312e+00
1.136913490295410156e+01
1.140403079986572266e+01
1.267410945892333984e+01
4.611051082611083984e+00
7.248650074005126953e+00
8.294472694396972656e+00
7.809295654296875000e+00
1.199665546417236328e+01
9.489628791809082031e+00
1.232027244567871094e+01
8.754536628723144531e+00
9.491190910339355469e+00
1.305844783782958984e+01
1.155528450012207031e+01
8.510356903076171875e+00
6.185948848724365234e+00
1.163775444030761719e+01
5.036087989807128906e+00
1.225408267974853516e+01
1.141719150543212891e+01
1.306785106658935547e+01
7.132258892059326172e+00
1.304943466186523438e+01
1.003174972534179688e+01
3.963989973068237305e+00
7.564318656921386719e+00
1.243709087371826172e+01
1.065653514862060547e+01
8.064187049865722656e+00
1.051326560974121094e+01
8.585810661315917969e+00
1.334950447082519531e+01
4.175209522247314453e+00
1.080107975006103516e+01
9.477032661437988281e+00
1.060459136962890625e+01
8.722827911376953125e+00
1.306480598449707031e+01
7.091710090637207031e+00
8.972861289978027344e+00
8.661153793334960938e+00
1.332017040252685547e+01
7.757203578948974609e+00
1.104310989379882812e+01
1.149363517761230469e+01
1.413366031646728516e+01
1.098548889160156250e+01
1.327620792388916016e+01
1.159939765930175781e+01
1.121687698364257812e+01
1.083832454681396484e+01
1.355471038818359375e+01
7.825851440429687500e+00
7.644391536712646484e+00
8.704179763793945312e+00
9.954785346984863281e+00
1.154690361022949219e+01
6.227895736694335938e+00
1.148602199554443359e+01
9.450531959533691406e+00
3.895237207412719727e+00
9.617835998535156250e+00
1.316618156433105469e+01
8.388794898986816406e+00
1.144173145294189453e+01
8.955416679382324219e+00
8.780489921569824219e+00
5.404080867767333984e+00
9.853663444519042969e+00
3.819744825363159180e+00
1.243157196044921875e+01
5.038286209106445312e+00
8.667705535888671875e+00
9.330808639526367188e+00
1.135105800628662109e+01
1.362195777893066406e+01
8.470374107360839844e+00
9.552728652954101562e+00
1.054314804077148438e+01
9.615190505981445312e+00
3.721442699432373047e+00
4.188052177429199219e+00
1.126972579956054688e+01
5.186253547668457031e+00
1.061225414276123047e+01
1.564277839660644531e+01
1.270595264434814453e+01
1.107645416259765625e+01
1.271243762969970703e+01
1.245397567749023438e+01
7.788902759552001953e+00
1.319090557098388672e+01
1.102576351165771484e+01
1.047322845458984375e+01
4.835515499114990234e+00
7.961054801940917969e+00
1.273966217041015625e+01
9.502471923828125000e+00
1.309263229370117188e+01
1.050423622131347656e+01
1.124011611938476562e+01
1.016252136230468750e+01
1.269249057769775391e+01
1.311782264709472656e+01
1.402826118469238281e+01
