9.903401374816894531e+00
5.197770118713378906e+00
3.667847156524658203e+00
1.355010604858398438e+01
7.607923507690429688e+00
1.447498607635498047e+01
4.369169712066650391e+00
7.675342559814453125e+00
1.279598617553710938e+01
9.728330612182617188e+00
1.008483505249023438e+01
1.313228797912597656e+01
1.396885776519775391e+01
8.044898986816406250e+00
8.053485870361328125e+00
1.089485168457031250e+01
1.335470581054687500e+01
9.621675491333007812e+00
1.150266361236572266e+01
1.101192092895507812e+01
8.166238784790039062e+00
9.850524902343750000e+00
1.048904800415039062e+01
7.816850185394287109e+00
1.410853481292724609e+01
9.590002059936523438e+00
1.558178329467773438e+01
9.985236167907714844e+00
1.227924060821533203e+01
4.150027751922607422e+00
1.070890998840332031e+01
1.243533039093017578e+01
1.089890480041503906e+01
8.653362274169921875e+00
8.841466903686523438e+00
9.994243621826171875e+00
1.045200157165527344e+01
5.097846031188964844e+00
1.014259624481201172e+01
8.478010177612304688e+00
8.188851356506347656e+00
1.331056690216064453e+01
9.873650550842285156e+00
1.222526264190673828e+01
8.278627395629882812e+00
8.169763565063476562e+00
1.096130275726318359e+01
1.204063510894775391e+01
1.647390937805175781e+01
1.123556709289550781e+01
1.186991596221923828e+01
4.317253589630126953e+00
1.097570514678955078e+01
9.723383903503417969e+00
1.045738220214843750e+01
1.253283977508544922e+01
1.413489151000976562e+01
1.312607097625732422e+01
1.296387577056884766e+01
8.183753013610839844e+00
8.203036308288574219e+00
9.536715507507324219e+00
1.346606254577636719e+01
3.208236217498779297e+00
8.450644493103027344e+00
9.134468078613281250e+00
1.065576171875000000e+01
8.313758850097656250e+00
1.003651046752929688e+01
1.351293563842773438e+01
1.070196342468261719e+01
7.658441066741943359e+00
1.076565647125244141e+01
1.186340045928955078e+01
7.342094421386718750e+00
4.001745223999023438e+00
4.878614425659179688e+00
1.257843875885009766e+01
4.878387451171875000e+00
1.246710491180419922e+01
1.031949234008789062e+01
8.158080101013183594e+00
1.174883079528808594e+01
8.450073242187500000e+00
1.070846176147460938e+01
1.185683631896972656e+01
9.520020484924316406e+00
4.223869800567626953e+00
8.961044311523437500e+00
1.129254150390625000e+01
1.117191600799560547e+01
1.144856834411621094e+01
3.625192880630493164e+00
1.313338470458984375e+01
1.554444122314453125e+01
8.615457534790039062e+00
1.203071117401123047e+01
8.928735733032226562e+00
1.300349617004394531e+01
1.237148380279541016e+01
8.749170303344726562e+00
1.208649826049804688e+01
1.064775466918945312e+01
1.138798332214355469e+01
1.014846801757812500e+01
3.822216033935546875e+00
1.136176681518554688e+01
8.291112899780273438e+00
1.130315017700195312e+01
1.205672264099121094e+01
1.312931346893310547e+01
1.102731227874755859e+01
9.717676162719726562e+00
1.075655651092529297e+01
1.241099071502685547e+01
1.168076992034912109e+01
9.948589324951171875e+00
1.028570556640625000e+01
1.309695911407470703e+01
8.660916328430175781e+00
7.741415023803710938e+00
9.936614990234375000e+00
1.549154376983642578e+01
9.465143203735351562e+00
1.341605091094970703e+01
1.257175254821777344e+01
9.040109634399414062e+00
1.017348957061767578e+01
1.183185482025146484e+01
1.063777256011962891e+01
1.205924892425537109e+01
6.021323204040527344e+00
1.355037879943847656e+01
1.047809314727783203e+01
1.202339172363281250e+01
1.300835132598876953e+01
1.015715599060058594e+01
1.150029087066650391e+01
7.809882640838623047e+00
1.347864818572998047e+01
5.752271652221679688e+00
1.072655868530273438e+01
8.423398017883300781e+00
7.056339740753173828e+00
1.148363113403320312e+01
1.082883930206298828e+01
9.625013351440429688e+00
4.869514465332031250e+00
1.112804031372070312e+01
1.260559558868408203e+01
9.035879135131835938e+00
1.284755611419677734e+01
8.220812797546386719e+00
1.002151966094970703e+01
1.235873126983642578e+01
1.170552158355712891e+01
9.159544944763183594e+00
1.106428432464599609e+01
1.277730655670166016e+01
1.001817607879638672e+01
1.112333869934082031e+01
1.420396327972412109e+01
1.099080467224121094e+01
9.340877532958984375e+00
9.999473571777343750e+00
1.002050590515136719e+01
9.830881118774414062e+00
5.292746543884277344e+00
1.390038490295410156e+01
1.157701015472412109e+01
7.629006862640380859e+00
1.159259223937988281e+01
1.069341754913330078e+01
9.545107841491699219e+00
1.018936157226562500e+01
1.174672317504882812e+01
1.080694961547851562e+01
1.114775085449218750e+01
9.725430488586425781e+00
1.022395324707031250e+01
1.258886814117431641e+01
1.368950176239013672e+01
3.180621862411499023e+00
9.438240051269531250e+00
9.198817253112792969e+00
6.279890060424804688e+00
4.848105907440185547e+00
1.075496578216552734e+01
1.021862983703613281e+01
9.760200500488281250e+00
8.714929580688476562e+00
1.050286197662353516e+01
7.141558647155761719e+00
9.938134193420410156e+00
1.178835010528564453e+01
1.197826290130615234e+01
1.089182758331298828e+01
3.455237865447998047e+00
1.088920402526855469e+01
1.474598884582519531e+01
8.020864486694335938e+00
1.204364299774169922e+01
1.109194278717041016e+01
1.363291358947753906e+01
4.082222938537597656e+00
4.215750217437744141e+00
1.104328536987304688e+01
1.378660678863525391e+01
1.071665382385253906e+01
1.210852146148681641e+01
1.194622325897216797e+01
1.323603248596191406e+01
1.478766536712646484e+01
8.929620742797851562e+00
1.244047451019287109e+01
1.181102752685546875e+01
1.127764892578125000e+01
1.428685379028320312e+01
1.398219776153564453e+01
9.511471748352050781e+00
3.246726989746093750e+00
3.274648427963256836e+00
1.005518341064453125e+01
1.240541172027587891e+01
1.081970977783203125e+01
9.914323806762695312e+00
1.331582260131835938e+01
8.950490951538085938e+00
9.875378608703613281e+00
4.174427986145019531e+00
1.114714908599853516e+01
8.700390815734863281e+00
7.702903270721435547e+00
1.092465400695800781e+01
9.607395172119140625e+00
9.780449867248535156e+00
7.383237838745117188e+00
4.024806022644042969e+00
1.101194572448730469e+01
1.139585399627685547e+01
4.998977184295654297e+00
1.101939582824707031e+01
8.889001846313476562e+00
9.019628524780273438e+00
1.137134552001953125e+01
1.431606769561767578e+01
1.110799789428710938e+01
9.261334419250488281e+00
9.617905616760253906e+00
1.165384387969970703e+01
