6.310416698455810547e+00
1.088323116302490234e+01
8.652380943298339844e+00
1.099993228912353516e+01
1.606306076049804688e+01
1.070111274719238281e+01
9.376469612121582031e+00
8.578650474548339844e+00
1.077089500427246094e+01
8.493209838867187500e+00
8.985234260559082031e+00
9.306740760803222656e+00
1.252537727355957031e+01
9.554557800292968750e+00
9.573490142822265625e+00
1.089133644104003906e+01
1.270446586608886719e+01
5.301067352294921875e+00
3.797504186630249023e+00
1.349330615997314453e+01
9.130709648132324219e+00
1.335346603393554688e+01
1.165215492248535156e+01
1.018232822418212891e+01
1.295168685913085938e+01
1.151602745056152344e+01
9.827426910400390625e+00
7.833555221557617188e+00
9.883681297302246094e+00
7.651811599731445312e+00
9.401255607604980469e+00
1.172765922546386719e+01
1.128616237640380859e+01
8.531974792480468750e+00
5.435995578765869141e+00
9.946261405944824219e+00
3.738421440124511719e+00
4.628288269042968750e+00
9.232854843139648438e+00
1.340097904205322266e+01
1.258695507049560547e+01
1.233666133880615234e+01
1.137343597412109375e+01
1.071399879455566406e+01
1.303344726562500000e+01
9.446104049682617188e+00
9.107695579528808594e+00
8.383407592773437500e+00
1.088163185119628906e+01
8.303445816040039062e+00
1.144245433807373047e+01
1.020775508880615234e+01
1.215800476074218750e+01
8.467487335205078125e+00
1.378547573089599609e+01
9.063195228576660156e+00
8.913414001464843750e+00
1.223389625549316406e+01
1.239267730712890625e+01
8.145520210266113281e+00
1.021385192871093750e+01
1.090505218505859375e+01
9.864035606384277344e+00
8.626253128051757812e+00
1.015642356872558594e+01
8.109071731567382812e+00
1.192242813110351562e+01
9.409562110900878906e+00
1.108355236053466797e+01
4.442526340484619141e+00
1.026014900207519531e+01
1.192937755584716797e+01
1.146319007873535156e+01
1.119771671295166016e+01
8.054883003234863281e+00
3.987739562988281250e+00
1.191329956054687500e+01
8.883561134338378906e+00
8.873414039611816406e+00
7.253291130065917969e+00
8.480589866638183594e+00
1.124453258514404297e+01
4.678784847259521484e+00
1.252130889892578125e+01
1.231112957000732422e+01
8.069677352905273438e+00
1.196024990081787109e+01
9.383510589599609375e+00
1.078156948089599609e+01
1.082592201232910156e+01
1.109170532226562500e+01
8.998844146728515625e+00
9.007610321044921875e+00
8.757132530212402344e+00
1.177723979949951172e+01
1.089728546142578125e+01
6.354891777038574219e+00
8.426483154296875000e+00
7.815705299377441406e+00
8.374913215637207031e+00
7.888999462127685547e+00
1.114680671691894531e+01
9.507043838500976562e+00
1.123336029052734375e+01
9.378529548645019531e+00
4.400384426116943359e+00
1.085844135284423828e+01
1.242468833923339844e+01
9.879115104675292969e+00
8.482867240905761719e+00
1.192662143707275391e+01
8.081472396850585938e+00
1.360109233856201172e+01
8.787373542785644531e+00
1.200679683685302734e+01
1.124625778198242188e+01
1.154161548614501953e+01
8.020898818969726562e+00
1.185063076019287109e+01
1.025808048248291016e+01
1.123074626922607422e+01
1.197268962860107422e+01
1.067777919769287109e+01
1.059458351135253906e+01
9.299424171447753906e+00
1.291366863250732422e+01
1.142390537261962891e+01
9.766252517700195312e+00
1.154111766815185547e+01
1.029023265838623047e+01
1.218450546264648438e+01
1.304691219329833984e+01
8.117559432983398438e+00
8.967707633972167969e+00
9.367779731750488281e+00
7.932014465332031250e+00
1.328299808502197266e+01
8.499054908752441406e+00
3.407732486724853516e+00
9.152518272399902344e+00
1.324704742431640625e+01
1.203983402252197266e+01
1.038486576080322266e+01
1.152420616149902344e+01
1.075455093383789062e+01
7.806467533111572266e+00
1.244472408294677734e+01
7.552118301391601562e+00
1.119769573211669922e+01
1.323372745513916016e+01
7.644601345062255859e+00
3.789412498474121094e+00
9.670216560363769531e+00
1.122737312316894531e+01
1.057480907440185547e+01
1.147304630279541016e+01
1.304181098937988281e+01
1.106808757781982422e+01
1.070612621307373047e+01
1.165382289886474609e+01
1.024777030944824219e+01
1.052098941802978516e+01
1.101083278656005859e+01
8.674407005310058594e+00
1.249588298797607422e+01
9.402871131896972656e+00
8.785192489624023438e+00
9.269576072692871094e+00
1.133370780944824219e+01
1.231866550445556641e+01
3.999507904052734375e+00
8.164408683776855469e+00
8.313323020935058594e+00
1.085527038574218750e+01
9.898700714111328125e+00
1.069296932220458984e+01
1.085094642639160156e+01
9.006571769714355469e+00
9.078393936157226562e+00
1.010890960693359375e+01
9.287596702575683594e+00
3.443941116333007812e+00
1.264959239959716797e+01
1.199759292602539062e+01
7.621415138244628906e+00
1.269677448272705078e+01
8.140802383422851562e+00
1.124235916137695312e+01
1.016641235351562500e+01
3.771024227142333984e+00
1.204829216003417969e+01
1.234565067291259766e+01
9.423479080200195312e+00
7.472707271575927734e+00
9.036063194274902344e+00
7.701373577117919922e+00
1.350767230987548828e+01
1.309549522399902344e+01
9.060880661010742188e+00
7.968488693237304688e+00
1.056287193298339844e+01
9.996892929077148438e+00
1.092452812194824219e+01
1.112077617645263672e+01
1.000866031646728516e+01
4.188550949096679688e+00
9.691226959228515625e+00
7.722762584686279297e+00
1.218269824981689453e+01
9.705954551696777344e+00
1.064818382263183594e+01
3.942165613174438477e+00
1.133960342407226562e+01
4.831894397735595703e+00
1.301444244384765625e+01
1.093563652038574219e+01
9.571764945983886719e+00
9.488909721374511719e+00
9.731247901916503906e+00
1.245557880401611328e+01
1.335488986968994141e+01
7.690322875976562500e+00
1.214143085479736328e+01
9.941905975341796875e+00
9.705009460449218750e+00
8.767985343933105469e+00
1.026091098785400391e+01
7.767347812652587891e+00
8.684677124023437500e+00
1.047996425628662109e+01
1.018143749237060547e+01
9.100662231445312500e+00
1.305787944793701172e+01
1.042026233673095703e+01
9.475486755371093750e+00
1.185521030426025391e+01
8.862595558166503906e+00
1.236438465118408203e+01
4.150494575500488281e+00
1.211169910430908203e+01
9.092033386230468750e+00
1.108695697784423828e+01
8.824101448059082031e+00
9.156220436096191406e+00
1.003480339050292969e+01
4.574264049530029297e+00
1.074094390869140625e+01
1.244366168975830078e+01
1.362908744812011719e+01
1.079831695556640625e+01
