9.544124603271484375e+00
1.154762840270996094e+01
8.117582321166992188e+00
1.034801101684570312e+01
9.233551025390625000e+00
7.698900699615478516e+00
1.139001846313476562e+01
1.299478530883789062e+01
8.007674217224121094e+00
9.864226341247558594e+00
1.217023468017578125e+01
1.123858356475830078e+01
3.419814586639404297e+00
1.055898952484130859e+01
4.115285873413085938e+00
8.040706634521484375e+00
8.431798934936523438e+00
1.084960269927978516e+01
1.090354919433593750e+01
9.645624160766601562e+00
8.581302642822265625e+00
4.133935928344726562e+00
1.577536010742187500e+01
1.408376407623291016e+01
1.298550605773925781e+01
1.231136417388916016e+01
1.050207805633544922e+01
1.363107204437255859e+01
1.144857120513916016e+01
1.023008728027343750e+01
1.447652816772460938e+01
1.197180557250976562e+01
1.000646877288818359e+01
1.319499778747558594e+01
7.931792736053466797e+00
9.905426025390625000e+00
1.344760036468505859e+01
8.860328674316406250e+00
1.062212181091308594e+01
1.013106918334960938e+01
1.006579208374023438e+01
1.021559238433837891e+01
1.330539417266845703e+01
1.258166790008544922e+01
1.199808788299560547e+01
1.316181182861328125e+01
1.339912223815917969e+01
1.157164001464843750e+01
9.664113998413085938e+00
8.599433898925781250e+00
4.805322170257568359e+00
1.117837429046630859e+01
8.546875000000000000e+00
9.681479454040527344e+00
9.163094520568847656e+00
1.042418098449707031e+01
1.145405292510986328e+01
1.219603347778320312e+01
1.154616832733154297e+01
1.122164344787597656e+01
1.213161468505859375e+01
4.047941207885742188e+00
3.820606231689453125e+00
1.249294853210449219e+01
1.249271965026855469e+01
8.477024078369140625e+00
1.063175296783447266e+01
8.851355552673339844e+00
1.029266738891601562e+01
1.082672882080078125e+01
1.129126644134521484e+01
1.130663776397705078e+01
1.237242412567138672e+01
1.434234714508056641e+01
1.260994720458984375e+01
1.118259811401367188e+01
5.107171535491943359e+00
9.647791862487792969e+00
9.870612144470214844e+00
8.620300292968750000e+00
4.753698348999023438e+00
9.471240043640136719e+00
7.904734611511230469e+00
8.719442367553710938e+00
1.522363281250000000e+01
1.152034568786621094e+01
4.540539264678955078e+00
4.806006908416748047e+00
7.861104965209960938e+00
1.127040863037109375e+01
9.412961006164550781e+00
1.162185096740722656e+01
1.078268051147460938e+01
1.048085880279541016e+01
1.138664150238037109e+01
1.190793895721435547e+01
1.098024082183837891e+01
9.221295356750488281e+00
1.123987197875976562e+01
9.287559509277343750e+00
1.219779396057128906e+01
1.175483703613281250e+01
9.644760131835937500e+00
1.169533824920654297e+01
1.358604526519775391e+01
9.194887161254882812e+00
8.526201248168945312e+00
3.746828317642211914e+00
1.094849967956542969e+01
1.177727794647216797e+01
4.113491535186767578e+00
1.295268344879150391e+01
1.096872806549072266e+01
1.067922782897949219e+01
1.225718307495117188e+01
1.163960170745849609e+01
1.447105789184570312e+01
8.750231742858886719e+00
9.891924858093261719e+00
1.038994026184082031e+01
9.738782882690429688e+00
5.424973964691162109e+00
1.133204174041748047e+01
1.193938922882080078e+01
1.152225494384765625e+01
1.449108791351318359e+01
1.130972003936767578e+01
1.246568107604980469e+01
1.133753967285156250e+01
1.216678142547607422e+01
7.284615516662597656e+00
1.140334892272949219e+01
8.676381111145019531e+00
8.164811134338378906e+00
1.102044773101806641e+01
1.135723686218261719e+01
1.173535633087158203e+01
8.731926918029785156e+00
1.006259250640869141e+01
9.723997116088867188e+00
1.236888217926025391e+01
1.016321086883544922e+01
1.226209259033203125e+01
8.879023551940917969e+00
9.503141403198242188e+00
1.047861957550048828e+01
1.197239971160888672e+01
7.337647914886474609e+00
4.178125381469726562e+00
9.049343109130859375e+00
9.670031547546386719e+00
1.094917488098144531e+01
1.203538131713867188e+01
5.354307174682617188e+00
9.814695358276367188e+00
1.246720600128173828e+01
9.938601493835449219e+00
9.616552352905273438e+00
1.287670516967773438e+01
5.310591697692871094e+00
7.919472217559814453e+00
1.215911006927490234e+01
8.424062728881835938e+00
9.698264122009277344e+00
9.607324600219726562e+00
9.114440917968750000e+00
1.107402706146240234e+01
8.539242744445800781e+00
9.800269126892089844e+00
7.721953868865966797e+00
1.207866859436035156e+01
1.091408348083496094e+01
1.279270267486572266e+01
9.384145736694335938e+00
1.160237598419189453e+01
8.129524230957031250e+00
1.424609565734863281e+01
1.131701087951660156e+01
9.788586616516113281e+00
9.851661682128906250e+00
1.058212757110595703e+01
4.735131740570068359e+00
9.780911445617675781e+00
1.221284389495849609e+01
9.292711257934570312e+00
1.056014537811279297e+01
6.850673675537109375e+00
9.067539215087890625e+00
1.188256740570068359e+01
8.343454360961914062e+00
1.414362239837646484e+01
1.174110507965087891e+01
1.503288650512695312e+01
1.290039062500000000e+01
8.653469085693359375e+00
1.068966674804687500e+01
1.557328224182128906e+01
8.533978462219238281e+00
1.106068134307861328e+01
7.040337562561035156e+00
1.087815475463867188e+01
8.474120140075683594e+00
1.124603652954101562e+01
4.423849105834960938e+00
4.434127330780029297e+00
8.196547508239746094e+00
8.494236946105957031e+00
8.507830619812011719e+00
1.233890342712402344e+01
1.213592910766601562e+01
1.209727954864501953e+01
4.095739841461181641e+00
7.257266998291015625e+00
1.068086338043212891e+01
1.062741947174072266e+01
1.108564472198486328e+01
9.994938850402832031e+00
1.046164894104003906e+01
4.693487167358398438e+00
1.267133998870849609e+01
1.485974216461181641e+01
9.589543342590332031e+00
5.940978527069091797e+00
1.077931880950927734e+01
6.220057964324951172e+00
1.026916599273681641e+01
1.001205921173095703e+01
9.272632598876953125e+00
3.347145318984985352e+00
1.038171386718750000e+01
1.184811687469482422e+01
9.377394676208496094e+00
1.091311931610107422e+01
4.329944610595703125e+00
5.018799304962158203e+00
1.209387111663818359e+01
4.531263351440429688e+00
1.189014434814453125e+01
9.052680015563964844e+00
1.247409725189208984e+01
8.342908859252929688e+00
3.578860759735107422e+00
1.346753692626953125e+01
9.812714576721191406e+00
1.015468788146972656e+01
7.972201347351074219e+00
1.030443763732910156e+01
7.091744899749755859e+00
1.201675796508789062e+01
9.765159606933593750e+00
