4.379983425140380859e+00
1.050452995300292969e+01
4.102245807647705078e+00
1.352798843383789062e+01
1.031603717803955078e+01
8.059520721435546875e+00
1.206492328643798828e+01
1.276143550872802734e+01
1.260238933563232422e+01
1.251611137390136719e+01
1.172434616088867188e+01
1.028989028930664062e+01
8.293123245239257812e+00
1.622253036499023438e+01
9.398497581481933594e+00
1.046253395080566406e+01
1.029904937744140625e+01
1.013973522186279297e+01
1.071193408966064453e+01
1.352960586547851562e+01
7.597855091094970703e+00
1.204603004455566406e+01
1.150131511688232422e+01
6.444019317626953125e+00
4.338800430297851562e+00
1.119393253326416016e+01
1.131730175018310547e+01
9.966103553771972656e+00
1.268717575073242188e+01
1.013007354736328125e+01
1.297524452209472656e+01
1.306846046447753906e+01
1.105679321289062500e+01
8.878320693969726562e+00
1.403096103668212891e+01
8.927020072937011719e+00
9.141148567199707031e+00
1.222836494445800781e+01
1.104728698730468750e+01
1.064461421966552734e+01
1.243323326110839844e+01
1.290064525604248047e+01
1.225120735168457031e+01
7.206379413604736328e+00
6.709119319915771484e+00
1.372410202026367188e+01
1.292277336120605469e+01
1.231413269042968750e+01
1.089645767211914062e+01
1.264900112152099609e+01
1.000747776031494141e+01
1.246376419067382812e+01
9.791019439697265625e+00
1.098572731018066406e+01
1.153552246093750000e+01
1.375193405151367188e+01
1.154643058776855469e+01
1.036344432830810547e+01
9.847776412963867188e+00
1.351202964782714844e+01
1.132009506225585938e+01
8.949689865112304688e+00
9.698114395141601562e+00
8.375670433044433594e+00
1.285315895080566406e+01
9.965078353881835938e+00
1.164135074615478516e+01
4.294051170349121094e+00
1.003375720977783203e+01
8.218799591064453125e+00
9.630688667297363281e+00
8.558764457702636719e+00
1.008802795410156250e+01
9.597362518310546875e+00
4.322671413421630859e+00
1.100996303558349609e+01
1.075212001800537109e+01
1.066164875030517578e+01
9.949625015258789062e+00
1.161925792694091797e+01
1.040287685394287109e+01
1.178834247589111328e+01
9.841978073120117188e+00
5.363496303558349609e+00
1.106765556335449219e+01
1.120062637329101562e+01
1.150161266326904297e+01
6.561580181121826172e+00
1.073523235321044922e+01
1.329702854156494141e+01
7.745255470275878906e+00
1.098555374145507812e+01
1.175102424621582031e+01
1.323717784881591797e+01
3.905866622924804688e+00
9.940869331359863281e+00
5.019466876983642578e+00
1.091446971893310547e+01
9.324814796447753906e+00
9.253133773803710938e+00
9.122914314270019531e+00
3.987199783325195312e+00
1.157254314422607422e+01
8.720390319824218750e+00
1.011950778961181641e+01
9.532822608947753906e+00
1.185716342926025391e+01
1.193812656402587891e+01
1.010673427581787109e+01
4.019361019134521484e+00
1.064450740814208984e+01
9.508370399475097656e+00
1.188045501708984375e+01
8.463947296142578125e+00
1.056397247314453125e+01
1.033874320983886719e+01
1.518552112579345703e+01
1.190283107757568359e+01
1.041439819335937500e+01
1.266982269287109375e+01
1.131473636627197266e+01
5.099951744079589844e+00
8.897401809692382812e+00
1.198961162567138672e+01
1.108679008483886719e+01
1.246075439453125000e+01
1.401932239532470703e+01
9.162647247314453125e+00
1.300546360015869141e+01
1.300726318359375000e+01
1.241476440429687500e+01
1.246493911743164062e+01
1.061650562286376953e+01
1.020526885986328125e+01
5.236590862274169922e+00
5.583349704742431641e+00
9.872475624084472656e+00
1.166539859771728516e+01
7.554578304290771484e+00
1.001584529876708984e+01
9.235119819641113281e+00
1.106551074981689453e+01
1.130300521850585938e+01
1.010238456726074219e+01
3.378399133682250977e+00
1.298903751373291016e+01
1.144319343566894531e+01
8.376319885253906250e+00
1.420966434478759766e+01
1.404984092712402344e+01
9.158688545227050781e+00
1.175099372863769531e+01
9.966467857360839844e+00
1.308285617828369141e+01
1.000649642944335938e+01
1.316489887237548828e+01
1.015268611907958984e+01
1.209423923492431641e+01
1.208359432220458984e+01
1.026682186126708984e+01
9.679858207702636719e+00
1.008860683441162109e+01
1.145632743835449219e+01
1.200930786132812500e+01
8.897468566894531250e+00
1.225982952117919922e+01
8.775601387023925781e+00
1.263226985931396484e+01
7.203340053558349609e+00
1.249553585052490234e+01
9.538335800170898438e+00
4.832919120788574219e+00
1.272797107696533203e+01
1.296330356597900391e+01
1.240590190887451172e+01
1.156006908416748047e+01
1.208035945892333984e+01
1.299827480316162109e+01
1.224356937408447266e+01
1.123856163024902344e+01
1.099854469299316406e+01
1.214493751525878906e+01
1.030026149749755859e+01
1.434883499145507812e+01
1.005825996398925781e+01
1.247959041595458984e+01
4.136680603027343750e+00
9.275881767272949219e+00
1.074679470062255859e+01
1.020101833343505859e+01
8.852261543273925781e+00
9.402947425842285156e+00
1.332769489288330078e+01
7.673370361328125000e+00
1.105837917327880859e+01
1.191736793518066406e+01
1.298175716400146484e+01
1.169435310363769531e+01
1.154890727996826172e+01
8.944027900695800781e+00
7.891330718994140625e+00
8.236776351928710938e+00
1.077586269378662109e+01
1.099018383026123047e+01
1.175622177124023438e+01
1.134271430969238281e+01
1.065094566345214844e+01
4.196620941162109375e+00
1.037542438507080078e+01
7.799537658691406250e+00
6.051970481872558594e+00
9.040243148803710938e+00
1.202260875701904297e+01
9.772221565246582031e+00
3.340449094772338867e+00
1.117142963409423828e+01
4.623368263244628906e+00
1.092438888549804688e+01
1.179555606842041016e+01
4.756414890289306641e+00
1.214975452423095703e+01
1.167628288269042969e+01
1.222384262084960938e+01
1.253721237182617188e+01
1.008656787872314453e+01
1.150537967681884766e+01
8.860829353332519531e+00
1.288999557495117188e+01
1.041896057128906250e+01
1.281674003601074219e+01
1.000191307067871094e+01
1.059155464172363281e+01
1.064797687530517578e+01
1.191420364379882812e+01
1.320619392395019531e+01
1.119800376892089844e+01
9.146702766418457031e+00
1.249607086181640625e+01
1.343212795257568359e+01
1.496455287933349609e+01
4.496573925018310547e+00
1.197582054138183594e+01
9.432747840881347656e+00
1.341625785827636719e+01
9.630424499511718750e+00
9.958805084228515625e+00
9.120681762695312500e+00
5.384523868560791016e+00
1.141098308563232422e+01
1.368699645996093750e+01
