1.409642791748046875e+01
1.344898605346679688e+01
1.153529834747314453e+01
9.290228843688964844e+00
8.581191062927246094e+00
3.457818508148193359e+00
8.282439231872558594e+00
1.410094642639160156e+01
1.000400161743164062e+01
1.152298069000244141e+01
6.288924694061279297e+00
1.274769973754882812e+01
1.158904647827148438e+01
1.292811489105224609e+01
5.258740425109863281e+00
4.312991142272949219e+00
7.748662471771240234e+00
1.061010742187500000e+01
1.004461479187011719e+01
1.316222763061523438e+01
9.802039146423339844e+00
5.473116397857666016e+00
9.803084373474121094e+00
1.040106487274169922e+01
1.207560157775878906e+01
9.012931823730468750e+00
9.861886978149414062e+00
3.649031639099121094e+00
1.220148944854736328e+01
1.240880489349365234e+01
1.146881771087646484e+01
9.471237182617187500e+00
1.360430049896240234e+01
8.190649986267089844e+00
1.148291778564453125e+01
9.051854133605957031e+00
1.120799922943115234e+01
8.026768684387207031e+00
1.157308006286621094e+01
1.015317058563232422e+01
5.507558345794677734e+00
1.024596309661865234e+01
1.042034816741943359e+01
3.760814905166625977e+00
1.048735713958740234e+01
1.232660388946533203e+01
1.412409496307373047e+01
8.990979194641113281e+00
9.960821151733398438e+00
7.989000797271728516e+00
5.959875583648681641e+00
1.013037109375000000e+01
9.705374717712402344e+00
8.156392097473144531e+00
1.060257530212402344e+01
7.931370735168457031e+00
1.106955623626708984e+01
8.978425979614257812e+00
4.373433589935302734e+00
1.302763271331787109e+01
1.164709949493408203e+01
1.020450305938720703e+01
8.620257377624511719e+00
8.292655944824218750e+00
8.444965362548828125e+00
1.101222801208496094e+01
5.858272552490234375e+00
8.832719802856445312e+00
1.212679195404052734e+01
7.534872055053710938e+00
1.203529644012451172e+01
1.012840080261230469e+01
1.016612815856933594e+01
7.593810081481933594e+00
1.197927188873291016e+01
1.077498054504394531e+01
1.082660579681396484e+01
8.073286056518554688e+00
1.355420017242431641e+01
9.571012496948242188e+00
9.687153816223144531e+00
6.776906013488769531e+00
1.034660530090332031e+01
9.595045089721679688e+00
1.175041484832763672e+01
1.290251636505126953e+01
1.103941059112548828e+01
1.164837360382080078e+01
1.097541618347167969e+01
1.045502567291259766e+01
7.902878284454345703e+00
9.527562141418457031e+00
1.124941635131835938e+01
1.079888057708740234e+01
8.575863838195800781e+00
3.909959316253662109e+00
1.076323413848876953e+01
7.662199020385742188e+00
9.318053245544433594e+00
7.527647018432617188e+00
1.103419876098632812e+01
8.237922668457031250e+00
1.230061435699462891e+01
3.678422927856445312e+00
1.012347030639648438e+01
1.028087902069091797e+01
7.735548496246337891e+00
8.521900177001953125e+00
1.123881626129150391e+01
8.982936859130859375e+00
1.100965023040771484e+01
4.109287738800048828e+00
1.224772071838378906e+01
1.302627563476562500e+01
1.046617412567138672e+01
1.199689292907714844e+01
1.167907524108886719e+01
8.106746673583984375e+00
9.626830101013183594e+00
8.428702354431152344e+00
9.070061683654785156e+00
1.096122455596923828e+01
1.114625453948974609e+01
8.433105468750000000e+00
1.068806648254394531e+01
1.071835803985595703e+01
1.189944267272949219e+01
1.102201652526855469e+01
1.069665336608886719e+01
1.435591697692871094e+01
3.303935050964355469e+00
1.095002269744873047e+01
1.262389659881591797e+01
1.051643085479736328e+01
1.291440868377685547e+01
4.270391941070556641e+00
1.219246101379394531e+01
8.487977981567382812e+00
1.066404247283935547e+01
3.620735883712768555e+00
1.130072021484375000e+01
1.124992465972900391e+01
3.292595386505126953e+00
7.471591472625732422e+00
1.077049541473388672e+01
8.007532119750976562e+00
4.962970733642578125e+00
6.071257114410400391e+00
1.189371681213378906e+01
1.197419261932373047e+01
9.800662040710449219e+00
9.842531204223632812e+00
1.503142070770263672e+01
1.269258785247802734e+01
1.407559490203857422e+01
9.027199745178222656e+00
1.221675586700439453e+01
9.973608970642089844e+00
1.182001209259033203e+01
1.269178867340087891e+01
7.994215488433837891e+00
9.955666542053222656e+00
1.194281387329101562e+01
7.661135673522949219e+00
1.119870567321777344e+01
1.024447727203369141e+01
8.640934944152832031e+00
1.016276264190673828e+01
1.214898204803466797e+01
8.518221855163574219e+00
9.001779556274414062e+00
1.101046657562255859e+01
9.234464645385742188e+00
6.247678279876708984e+00
1.197611045837402344e+01
8.068727493286132812e+00
9.230316162109375000e+00
4.857276916503906250e+00
4.504761219024658203e+00
9.355600357055664062e+00
1.069610881805419922e+01
8.456477165222167969e+00
1.328677463531494141e+01
1.077894210815429688e+01
1.166607284545898438e+01
3.864558219909667969e+00
1.253027534484863281e+01
9.067653656005859375e+00
4.206678867340087891e+00
3.297962188720703125e+00
1.148744392395019531e+01
9.324777603149414062e+00
1.195398616790771484e+01
1.053802490234375000e+01
9.639042854309082031e+00
1.037611579895019531e+01
7.775397300720214844e+00
8.793447494506835938e+00
1.249999427795410156e+01
7.453853130340576172e+00
1.172083282470703125e+01
3.671258449554443359e+00
7.017232894897460938e+00
9.119734764099121094e+00
1.093173789978027344e+01
9.512713432312011719e+00
1.100083065032958984e+01
1.220106697082519531e+01
1.197303962707519531e+01
7.637983798980712891e+00
1.203440666198730469e+01
1.192592048645019531e+01
1.181448841094970703e+01
9.366079330444335938e+00
9.693714141845703125e+00
7.894288063049316406e+00
1.125343990325927734e+01
1.048798179626464844e+01
1.055233764648437500e+01
6.937059402465820312e+00
1.204795455932617188e+01
9.451436042785644531e+00
1.212643432617187500e+01
3.883239984512329102e+00
9.361440658569335938e+00
1.045664405822753906e+01
1.270931053161621094e+01
9.698273658752441406e+00
8.768960952758789062e+00
1.104767990112304688e+01
9.040821075439453125e+00
1.008167171478271484e+01
9.679349899291992188e+00
1.135132884979248047e+01
1.015620040893554688e+01
8.326712608337402344e+00
1.122484970092773438e+01
1.389844894409179688e+01
1.130175971984863281e+01
1.002097225189208984e+01
7.511547565460205078e+00
1.068596649169921875e+01
9.856995582580566406e+00
4.759246349334716797e+00
1.620713424682617188e+01
1.119289302825927734e+01
1.283518886566162109e+01
9.933712959289550781e+00
9.341344833374023438e+00
6.721692562103271484e+00
