1.203810024261474609e+01
8.136770248413085938e+00
9.270504951477050781e+00
8.300181388854980469e+00
1.064233303070068359e+01
1.157445621490478516e+01
1.032964992523193359e+01
1.127283382415771484e+01
6.054129123687744141e+00
7.939149856567382812e+00
1.090986347198486328e+01
3.563849449157714844e+00
4.735670566558837891e+00
1.180852222442626953e+01
3.756322145462036133e+00
1.148463249206542969e+01
1.144318675994873047e+01
9.650648117065429688e+00
1.178961563110351562e+01
1.173719215393066406e+01
1.127907562255859375e+01
9.440499305725097656e+00
9.016637802124023438e+00
7.241144180297851562e+00
4.427879810333251953e+00
7.855770111083984375e+00
1.059977626800537109e+01
1.059833049774169922e+01
1.343259716033935547e+01
7.896625518798828125e+00
1.134454917907714844e+01
1.162900829315185547e+01
8.903532028198242188e+00
1.126527690887451172e+01
1.001470088958740234e+01
9.786972045898437500e+00
3.142211914062500000e+00
9.589703559875488281e+00
1.186891365051269531e+01
1.157445621490478516e+01
1.301834869384765625e+01
1.031084156036376953e+01
1.003784942626953125e+01
8.499402999877929688e+00
1.515020942687988281e+01
5.538776397705078125e+00
1.023342514038085938e+01
1.035768508911132812e+01
1.328233432769775391e+01
1.220909976959228516e+01
1.467195034027099609e+01
1.186765384674072266e+01
1.045425796508789062e+01
1.138059329986572266e+01
9.565911293029785156e+00
8.675091743469238281e+00
1.013964462280273438e+01
8.420937538146972656e+00
4.189131259918212891e+00
1.207795810699462891e+01
7.833303928375244141e+00
4.084829330444335938e+00
1.161832141876220703e+01
1.092195415496826172e+01
1.093002796173095703e+01
1.201471233367919922e+01
9.687906265258789062e+00
9.768548011779785156e+00
1.051812648773193359e+01
1.441702079772949219e+01
1.545642852783203125e+01
1.160415172576904297e+01
1.031423759460449219e+01
9.718634605407714844e+00
1.598760509490966797e+01
1.193675994873046875e+01
1.102727222442626953e+01
1.169149208068847656e+01
1.576564311981201172e+01
1.195578479766845703e+01
1.270592117309570312e+01
5.817873954772949219e+00
1.204638767242431641e+01
1.198672676086425781e+01
1.441987419128417969e+01
1.132212257385253906e+01
1.247767829895019531e+01
1.032948875427246094e+01
9.185833930969238281e+00
1.224479579925537109e+01
8.386807441711425781e+00
1.158151340484619141e+01
1.081546115875244141e+01
8.950233459472656250e+00
1.334647369384765625e+01
1.321605014801025391e+01
9.834732055664062500e+00
9.229804039001464844e+00
8.049913406372070312e+00
1.126698780059814453e+01
7.964778423309326172e+00
6.517675399780273438e+00
5.735821723937988281e+00
1.200900840759277344e+01
1.090445995330810547e+01
1.207948207855224609e+01
1.309941101074218750e+01
9.098944664001464844e+00
7.806385040283203125e+00
1.309382820129394531e+01
4.987254619598388672e+00
1.255352592468261719e+01
8.699488639831542969e+00
1.221846485137939453e+01
1.063974666595458984e+01
9.552583694458007812e+00
6.205919265747070312e+00
1.296253490447998047e+01
1.133410167694091797e+01
1.169982051849365234e+01
1.306976890563964844e+01
1.012940216064453125e+01
1.146199893951416016e+01
8.465869903564453125e+00
1.454120349884033203e+01
1.027354335784912109e+01
7.260610580444335938e+00
8.870538711547851562e+00
1.146265602111816406e+01
1.294364547729492188e+01
9.668244361877441406e+00
9.175836563110351562e+00
9.605569839477539062e+00
7.027739524841308594e+00
1.071313095092773438e+01
1.152731800079345703e+01
9.668120384216308594e+00
1.034366989135742188e+01
4.623454570770263672e+00
6.930861949920654297e+00
8.945853233337402344e+00
1.159534263610839844e+01
8.684301376342773438e+00
1.290291404724121094e+01
9.902742385864257812e+00
1.209157466888427734e+01
7.763418197631835938e+00
1.329561233520507812e+01
1.112877368927001953e+01
1.124317455291748047e+01
8.660709381103515625e+00
1.192253875732421875e+01
1.146722221374511719e+01
1.158881378173828125e+01
7.645526409149169922e+00
6.384944438934326172e+00
1.021706676483154297e+01
1.161814594268798828e+01
1.247659969329833984e+01
1.025364208221435547e+01
1.179893493652343750e+01
1.278344249725341797e+01
7.352132797241210938e+00
1.093557834625244141e+01
1.175061130523681641e+01
7.862329483032226562e+00
9.355340003967285156e+00
1.133832359313964844e+01
1.303618526458740234e+01
1.164196586608886719e+01
1.150716018676757812e+01
1.222453594207763672e+01
9.793628692626953125e+00
1.013424396514892578e+01
1.164999294281005859e+01
8.786791801452636719e+00
8.643177032470703125e+00
9.580552101135253906e+00
1.166360759735107422e+01
4.872854709625244141e+00
1.205508041381835938e+01
1.243012809753417969e+01
4.495588779449462891e+00
1.215583038330078125e+01
1.170636558532714844e+01
1.209756278991699219e+01
1.481978416442871094e+01
1.215945339202880859e+01
1.140998077392578125e+01
1.252801227569580078e+01
3.199432849884033203e+00
6.259801387786865234e+00
1.088918972015380859e+01
8.061123847961425781e+00
1.021000576019287109e+01
1.066296958923339844e+01
4.236666679382324219e+00
1.148918914794921875e+01
1.353997993469238281e+01
1.409230804443359375e+01
4.268475532531738281e+00
5.397075653076171875e+00
1.040416336059570312e+01
7.696280002593994141e+00
1.069248867034912109e+01
1.203993129730224609e+01
7.277421474456787109e+00
4.697175025939941406e+00
1.130000686645507812e+01
1.156851577758789062e+01
1.305339622497558594e+01
8.765087127685546875e+00
1.034626960754394531e+01
6.671725749969482422e+00
1.067292594909667969e+01
7.528889179229736328e+00
1.078313827514648438e+01
9.167684555053710938e+00
9.883111953735351562e+00
1.172448730468750000e+01
8.998935699462890625e+00
1.095521259307861328e+01
8.492032051086425781e+00
1.138216400146484375e+01
9.889459609985351562e+00
8.351306915283203125e+00
1.394300270080566406e+01
1.286900520324707031e+01
1.093844318389892578e+01
1.022874736785888672e+01
7.412059783935546875e+00
9.502209663391113281e+00
4.146112918853759766e+00
9.682308197021484375e+00
1.402598190307617188e+01
8.632586479187011719e+00
9.804302215576171875e+00
5.208575725555419922e+00
8.282322883605957031e+00
1.155217456817626953e+01
1.085462188720703125e+01
1.321452999114990234e+01
8.929032325744628906e+00
1.480998992919921875e+01
1.146341323852539062e+01
7.447595119476318359e+00
1.007758617401123047e+01
1.080477237701416016e+01
1.112645149230957031e+01
1.268308258056640625e+01
