1.203940677642822266e+01
1.408344364166259766e+01
8.643364906311035156e+00
1.013157272338867188e+01
8.821075439453125000e+00
1.073775100708007812e+01
1.064036846160888672e+01
6.594250202178955078e+00
9.520467758178710938e+00
1.339307785034179688e+01
7.737222194671630859e+00
1.351272010803222656e+01
9.187584877014160156e+00
1.109003257751464844e+01
1.182516765594482422e+01
9.394966125488281250e+00
1.089565086364746094e+01
9.644256591796875000e+00
1.120834255218505859e+01
8.973433494567871094e+00
1.140122699737548828e+01
1.333747386932373047e+01
1.221295833587646484e+01
1.016629505157470703e+01
1.131047058105468750e+01
1.011699104309082031e+01
9.233075141906738281e+00
9.708090782165527344e+00
1.551443576812744141e+01
1.422911643981933594e+01
1.107834434509277344e+01
1.054620265960693359e+01
2.962142229080200195e+00
1.024774360656738281e+01
7.884288311004638672e+00
4.522077083587646484e+00
1.070840167999267578e+01
9.405465126037597656e+00
1.065307140350341797e+01
1.144693374633789062e+01
1.155172729492187500e+01
1.021199607849121094e+01
8.173090934753417969e+00
1.415171623229980469e+01
1.131126403808593750e+01
9.471055030822753906e+00
4.708436965942382812e+00
4.270082473754882812e+00
9.391757011413574219e+00
1.153860664367675781e+01
9.238923072814941406e+00
1.305793094635009766e+01
8.505190849304199219e+00
9.780860900878906250e+00
1.414653301239013672e+01
4.249214649200439453e+00
1.480203437805175781e+01
1.189991855621337891e+01
1.119402503967285156e+01
1.090867614746093750e+01
1.554244422912597656e+01
1.129185199737548828e+01
1.247341251373291016e+01
1.133669281005859375e+01
1.450757122039794922e+01
9.217982292175292969e+00
1.068012428283691406e+01
9.795820236206054688e+00
1.235677433013916016e+01
5.502468109130859375e+00
8.763606071472167969e+00
9.143601417541503906e+00
1.110721683502197266e+01
1.068393325805664062e+01
8.251417160034179688e+00
9.337547302246093750e+00
9.488656997680664062e+00
1.266061401367187500e+01
4.482584476470947266e+00
8.976044654846191406e+00
8.372710227966308594e+00
8.582227706909179688e+00
1.529773998260498047e+01
1.117267799377441406e+01
7.508074283599853516e+00
1.194995117187500000e+01
1.294376277923583984e+01
9.025379180908203125e+00
5.461071491241455078e+00
8.618798255920410156e+00
1.102457237243652344e+01
1.454962062835693359e+01
7.598891258239746094e+00
4.913661479949951172e+00
1.243539810180664062e+01
9.029573440551757812e+00
4.668828010559082031e+00
8.818881988525390625e+00
1.538945007324218750e+01
3.740255594253540039e+00
9.821615219116210938e+00
1.218587017059326172e+01
1.164478969573974609e+01
1.146165466308593750e+01
9.153105735778808594e+00
1.604273796081542969e+01
1.065915870666503906e+01
3.579092741012573242e+00
1.346448040008544922e+01
1.175333786010742188e+01
9.457620620727539062e+00
1.087232017517089844e+01
1.356915187835693359e+01
9.721875190734863281e+00
1.327377986907958984e+01
1.381020545959472656e+01
8.708712577819824219e+00
1.150225162506103516e+01
6.372393608093261719e+00
8.905688285827636719e+00
9.710295677185058594e+00
1.244990253448486328e+01
1.249321079254150391e+01
1.317942237854003906e+01
1.131789302825927734e+01
1.181064701080322266e+01
1.223545837402343750e+01
1.199438571929931641e+01
3.526517629623413086e+00
1.369552326202392578e+01
1.124260234832763672e+01
1.073796844482421875e+01
1.423565673828125000e+01
1.024141311645507812e+01
1.105340957641601562e+01
1.397421264648437500e+01
9.262824058532714844e+00
9.273308753967285156e+00
3.238085508346557617e+00
9.992104530334472656e+00
8.885879516601562500e+00
1.062442970275878906e+01
1.346658897399902344e+01
1.095882987976074219e+01
1.023185634613037109e+01
9.082343101501464844e+00
7.172406196594238281e+00
9.568572044372558594e+00
1.124220943450927734e+01
1.193401813507080078e+01
1.093850898742675781e+01
1.009781932830810547e+01
1.185155200958251953e+01
1.026180076599121094e+01
1.160674381256103516e+01
3.882376432418823242e+00
1.040068054199218750e+01
1.236169242858886719e+01
8.424862861633300781e+00
1.458326530456542969e+01
1.254538249969482422e+01
8.957529067993164062e+00
3.856487512588500977e+00
1.033057308197021484e+01
1.139777660369873047e+01
1.357401752471923828e+01
1.106533432006835938e+01
8.554471969604492188e+00
1.251368904113769531e+01
1.224900245666503906e+01
7.641554355621337891e+00
1.183993816375732422e+01
1.016276645660400391e+01
9.208216667175292969e+00
9.959718704223632812e+00
1.215901851654052734e+01
1.370146656036376953e+01
1.080368804931640625e+01
9.566990852355957031e+00
1.262415504455566406e+01
1.240705108642578125e+01
4.291436672210693359e+00
7.524160861968994141e+00
1.234385490417480469e+01
7.506345272064208984e+00
9.126746177673339844e+00
4.436180114746093750e+00
4.276897907257080078e+00
1.120456695556640625e+01
1.195750236511230469e+01
1.070754814147949219e+01
1.047272396087646484e+01
1.176147937774658203e+01
1.279852676391601562e+01
1.096516609191894531e+01
1.265201377868652344e+01
1.073240184783935547e+01
1.107334899902343750e+01
1.011996078491210938e+01
7.846418380737304688e+00
3.422916173934936523e+00
1.179558753967285156e+01
1.384364986419677734e+01
8.043411254882812500e+00
1.311573886871337891e+01
9.775261878967285156e+00
1.253088378906250000e+01
4.541264533996582031e+00
1.292028808593750000e+01
1.235835552215576172e+01
1.029617500305175781e+01
1.033525562286376953e+01
1.173173141479492188e+01
1.309006690979003906e+01
1.188272857666015625e+01
1.114916515350341797e+01
1.131056022644042969e+01
9.472830772399902344e+00
9.492105484008789062e+00
8.433619499206542969e+00
1.218968200683593750e+01
1.236798858642578125e+01
1.054215717315673828e+01
8.432737350463867188e+00
1.171979904174804688e+01
9.313338279724121094e+00
1.069784355163574219e+01
4.233710765838623047e+00
1.360365867614746094e+01
1.353105545043945312e+01
3.351076364517211914e+00
9.890360832214355469e+00
1.100795364379882812e+01
1.299734210968017578e+01
3.317276239395141602e+00
1.018657207489013672e+01
4.247926235198974609e+00
1.033485984802246094e+01
4.602391242980957031e+00
6.669494152069091797e+00
1.076463699340820312e+01
9.555467605590820312e+00
9.478041648864746094e+00
7.831760406494140625e+00
1.408236122131347656e+01
1.229817581176757812e+01
9.625946044921875000e+00
8.915653228759765625e+00
1.067606067657470703e+01
1.482581520080566406e+01
