1.243833732604980469e+01
1.014858627319335938e+01
1.097959423065185547e+01
1.640221977233886719e+01
1.165896320343017578e+01
1.000106143951416016e+01
7.748050689697265625e+00
7.655866146087646484e+00
9.005683898925781250e+00
8.869933128356933594e+00
6.836948871612548828e+00
1.096469116210937500e+01
1.030356693267822266e+01
1.310214996337890625e+01
1.152972126007080078e+01
4.364154338836669922e+00
1.316375255584716797e+01
1.231355476379394531e+01
1.074248409271240234e+01
9.860580444335937500e+00
6.647789001464843750e+00
1.399604988098144531e+01
1.286358261108398438e+01
4.875391483306884766e+00
8.858048439025878906e+00
1.092651176452636719e+01
1.389439487457275391e+01
1.039645290374755859e+01
4.880851745605468750e+00
9.295965194702148438e+00
1.329700660705566406e+01
1.074364662170410156e+01
3.579951763153076172e+00
8.392072677612304688e+00
8.227293968200683594e+00
1.172465419769287109e+01
9.904155731201171875e+00
1.029594135284423828e+01
9.360655784606933594e+00
4.028228282928466797e+00
9.809893608093261719e+00
1.077261638641357422e+01
1.099853420257568359e+01
1.099799156188964844e+01
1.321583938598632812e+01
8.954472541809082031e+00
1.207752704620361328e+01
4.875688552856445312e+00
1.612549018859863281e+01
8.664206504821777344e+00
1.394580364227294922e+01
8.416973114013671875e+00
1.269496440887451172e+01
1.226565647125244141e+01
5.043832302093505859e+00
4.097617149353027344e+00
1.278473281860351562e+01
1.156146812438964844e+01
8.806529998779296875e+00
1.141704940795898438e+01
7.868637084960937500e+00
1.038968276977539062e+01
1.214812660217285156e+01
1.082251739501953125e+01
1.299076175689697266e+01
1.024749946594238281e+01
1.217191219329833984e+01
1.055705547332763672e+01
1.154695129394531250e+01
9.473585128784179688e+00
9.340606689453125000e+00
1.235520935058593750e+01
1.045866775512695312e+01
3.703887939453125000e+00
1.167108821868896484e+01
1.038323497772216797e+01
1.140972137451171875e+01
8.803725242614746094e+00
1.171091556549072266e+01
1.215466785430908203e+01
1.085499572753906250e+01
9.694451332092285156e+00
1.004075145721435547e+01
1.312935256958007812e+01
9.389028549194335938e+00
1.362469577789306641e+01
1.170288085937500000e+01
1.284475421905517578e+01
1.192983436584472656e+01
3.780928850173950195e+00
8.880821228027343750e+00
9.204405784606933594e+00
1.198769855499267578e+01
1.243610668182373047e+01
1.390205097198486328e+01
1.344577598571777344e+01
4.367585182189941406e+00
1.406430053710937500e+01
1.086262321472167969e+01
1.116578578948974609e+01
1.506970214843750000e+01
1.096043586730957031e+01
9.297632217407226562e+00
1.031630420684814453e+01
1.149668884277343750e+01
4.022978782653808594e+00
1.138110637664794922e+01
9.435124397277832031e+00
1.087824535369873047e+01
8.608392715454101562e+00
1.201389884948730469e+01
1.062439727783203125e+01
1.493579483032226562e+01
1.056024837493896484e+01
1.073188209533691406e+01
1.417287445068359375e+01
1.206895828247070312e+01
1.521556377410888672e+01
1.294882965087890625e+01
1.420058155059814453e+01
8.442430496215820312e+00
1.110717582702636719e+01
1.035369300842285156e+01
1.346047115325927734e+01
1.124525165557861328e+01
9.318931579589843750e+00
1.115994167327880859e+01
1.321157550811767578e+01
9.078978538513183594e+00
8.803270339965820312e+00
1.321930503845214844e+01
4.368064403533935547e+00
8.245253562927246094e+00
8.384823799133300781e+00
9.847905158996582031e+00
1.261091613769531250e+01
1.501565361022949219e+01
8.778713226318359375e+00
3.418582201004028320e+00
1.005389881134033203e+01
9.187963485717773438e+00
1.214211082458496094e+01
1.174816608428955078e+01
9.310837745666503906e+00
3.187779188156127930e+00
9.817847251892089844e+00
1.639750289916992188e+01
1.172772789001464844e+01
1.291873931884765625e+01
1.123378181457519531e+01
3.944310665130615234e+00
1.213988113403320312e+01
1.268016242980957031e+01
8.562996864318847656e+00
1.370070362091064453e+01
1.059080600738525391e+01
1.065416526794433594e+01
1.201581192016601562e+01
7.851607799530029297e+00
9.566930770874023438e+00
4.717397689819335938e+00
4.180480480194091797e+00
1.026218795776367188e+01
1.309239006042480469e+01
1.123167610168457031e+01
1.113177680969238281e+01
7.874529838562011719e+00
9.661614418029785156e+00
9.662057876586914062e+00
1.040322971343994141e+01
3.709613323211669922e+00
3.839798450469970703e+00
1.264104461669921875e+01
1.332260990142822266e+01
1.170733451843261719e+01
1.046146869659423828e+01
6.913653373718261719e+00
9.639502525329589844e+00
1.331224632263183594e+01
1.307139015197753906e+01
1.289555835723876953e+01
9.021749496459960938e+00
1.219837379455566406e+01
9.572233200073242188e+00
7.479092121124267578e+00
1.005858135223388672e+01
1.078582859039306641e+01
7.866948604583740234e+00
1.058851432800292969e+01
8.808626174926757812e+00
4.945152759552001953e+00
5.859731197357177734e+00
1.083036231994628906e+01
1.284989070892333984e+01
1.362399387359619141e+01
1.017814159393310547e+01
3.183589220046997070e+00
1.080138969421386719e+01
1.066484737396240234e+01
1.324993801116943359e+01
1.105529594421386719e+01
1.012432098388671875e+01
4.394474506378173828e+00
1.023821449279785156e+01
1.132326030731201172e+01
1.164297866821289062e+01
1.302818965911865234e+01
8.801559448242187500e+00
9.745684623718261719e+00
1.077448081970214844e+01
1.242210102081298828e+01
6.120919227600097656e+00
9.786984443664550781e+00
1.401924324035644531e+01
1.148986434936523438e+01
1.059395980834960938e+01
1.152380752563476562e+01
1.262971878051757812e+01
1.031970024108886719e+01
1.205783081054687500e+01
1.138187313079833984e+01
1.037840366363525391e+01
1.122918701171875000e+01
1.055162620544433594e+01
1.099906826019287109e+01
1.292860031127929688e+01
1.251495456695556641e+01
9.235216140747070312e+00
9.195914268493652344e+00
1.003540420532226562e+01
9.590903282165527344e+00
1.018186092376708984e+01
4.558576583862304688e+00
9.443176269531250000e+00
8.808688163757324219e+00
9.368252754211425781e+00
4.237929821014404297e+00
1.275083160400390625e+01
1.214240741729736328e+01
1.044084262847900391e+01
1.099553871154785156e+01
9.939006805419921875e+00
1.067325687408447266e+01
1.101189613342285156e+01
7.800642013549804688e+00
1.284736919403076172e+01
1.089563655853271484e+01
1.101423072814941406e+01
9.604441642761230469e+00
1.045940876007080078e+01
