1.340260887145996094e+01
7.118799686431884766e+00
1.042294502258300781e+01
1.694789505004882812e+01
9.611504554748535156e+00
9.334740638732910156e+00
3.685156345367431641e+00
8.888205528259277344e+00
1.080367946624755859e+01
8.764989852905273438e+00
9.106909751892089844e+00
9.540241241455078125e+00
9.160505294799804688e+00
1.088267993927001953e+01
1.476180934906005859e+01
8.508600234985351562e+00
8.324252128601074219e+00
7.864476680755615234e+00
1.153587150573730469e+01
9.272310256958007812e+00
1.303710651397705078e+01
7.753757476806640625e+00
1.246326923370361328e+01
7.973632335662841797e+00
1.224351692199707031e+01
1.055566883087158203e+01
1.122363948822021484e+01
1.328149604797363281e+01
3.209587574005126953e+00
1.031931877136230469e+01
1.067058181762695312e+01
4.728143692016601562e+00
6.405620574951171875e+00
9.913260459899902344e+00
8.715554237365722656e+00
1.067661285400390625e+01
9.050276756286621094e+00
1.468070602416992188e+01
8.818908691406250000e+00
1.312018394470214844e+01
1.564869213104248047e+01
9.898495674133300781e+00
1.052722835540771484e+01
8.806935310363769531e+00
1.060069847106933594e+01
1.099228858947753906e+01
9.036877632141113281e+00
1.063049888610839844e+01
1.253977680206298828e+01
3.619325399398803711e+00
9.033534049987792969e+00
1.274446392059326172e+01
1.088309860229492188e+01
1.165028667449951172e+01
6.749952793121337891e+00
9.934694290161132812e+00
1.386392116546630859e+01
1.032467937469482422e+01
3.817070484161376953e+00
1.039243888854980469e+01
1.128995037078857422e+01
7.325918197631835938e+00
9.892093658447265625e+00
1.001879978179931641e+01
4.014100551605224609e+00
7.271265506744384766e+00
1.126219367980957031e+01
1.000988006591796875e+01
9.963964462280273438e+00
3.152492523193359375e+00
1.172884178161621094e+01
1.184383392333984375e+01
4.629623889923095703e+00
9.955963134765625000e+00
6.715187549591064453e+00
1.036454486846923828e+01
1.306469917297363281e+01
8.734572410583496094e+00
5.414594173431396484e+00
1.044270896911621094e+01
1.076591873168945312e+01
8.117552757263183594e+00
4.819676399230957031e+00
8.060105323791503906e+00
1.230738735198974609e+01
4.115009784698486328e+00
1.048468780517578125e+01
1.245488548278808594e+01
8.530399322509765625e+00
1.031627750396728516e+01
4.801979541778564453e+00
1.084391593933105469e+01
7.083729267120361328e+00
1.073796844482421875e+01
1.143420124053955078e+01
9.290208816528320312e+00
1.343623542785644531e+01
8.467941284179687500e+00
1.173776054382324219e+01
1.085074138641357422e+01
1.261131763458251953e+01
8.430686950683593750e+00
1.175316333770751953e+01
8.789326667785644531e+00
4.522417068481445312e+00
7.910926818847656250e+00
1.180469894409179688e+01
1.279852390289306641e+01
9.295374870300292969e+00
9.384437561035156250e+00
1.161109447479248047e+01
7.681330680847167969e+00
9.631193161010742188e+00
1.147172641754150391e+01
1.040598964691162109e+01
9.418278694152832031e+00
1.108097362518310547e+01
9.580588340759277344e+00
1.217272472381591797e+01
4.695170879364013672e+00
1.299916267395019531e+01
9.675713539123535156e+00
1.272637653350830078e+01
8.459586143493652344e+00
1.121850872039794922e+01
1.185241317749023438e+01
7.940842151641845703e+00
1.161908054351806641e+01
8.878077507019042969e+00
5.213362216949462891e+00
4.251956939697265625e+00
8.040761947631835938e+00
1.104931068420410156e+01
9.089826583862304688e+00
4.259018898010253906e+00
9.299463272094726562e+00
9.355695724487304688e+00
8.868645668029785156e+00
9.154124259948730469e+00
5.425331592559814453e+00
1.070494937896728516e+01
1.410986042022705078e+01
8.498364448547363281e+00
1.437968921661376953e+01
1.259449863433837891e+01
1.423810291290283203e+01
1.330736541748046875e+01
8.809247016906738281e+00
9.765203475952148438e+00
1.176992130279541016e+01
1.214931869506835938e+01
1.067416095733642578e+01
1.123830509185791016e+01
1.060142326354980469e+01
8.493027687072753906e+00
9.854067802429199219e+00
1.076507091522216797e+01
3.722211122512817383e+00
1.109935569763183594e+01
8.207242012023925781e+00
1.013364315032958984e+01
1.121924495697021484e+01
3.970936298370361328e+00
8.319650650024414062e+00
1.145583629608154297e+01
3.137343168258666992e+00
1.191726684570312500e+01
7.439375877380371094e+00
1.087010192871093750e+01
9.817459106445312500e+00
1.083834934234619141e+01
1.066062927246093750e+01
1.166857242584228516e+01
1.327564716339111328e+01
1.007791233062744141e+01
1.201894760131835938e+01
1.180733299255371094e+01
3.766854047775268555e+00
1.302424430847167969e+01
7.101661205291748047e+00
1.314181041717529297e+01
3.820799589157104492e+00
7.719918251037597656e+00
9.727503776550292969e+00
3.890180110931396484e+00
1.185462379455566406e+01
1.051764965057373047e+01
1.115504264831542969e+01
1.049645328521728516e+01
1.102172851562500000e+01
9.444117546081542969e+00
9.857718467712402344e+00
1.044056224822998047e+01
4.423932552337646484e+00
1.325123882293701172e+01
1.191200065612792969e+01
1.139269065856933594e+01
9.311016082763671875e+00
8.873604774475097656e+00
1.067765617370605469e+01
1.091038513183593750e+01
9.908052444458007812e+00
1.034217166900634766e+01
1.531627368927001953e+01
8.749636650085449219e+00
7.556690692901611328e+00
9.824545860290527344e+00
3.632846117019653320e+00
9.440127372741699219e+00
1.011931228637695312e+01
7.467576980590820312e+00
1.169655799865722656e+01
1.028533840179443359e+01
1.164194583892822266e+01
8.593809127807617188e+00
1.184589290618896484e+01
1.343095397949218750e+01
7.035941123962402344e+00
1.050622749328613281e+01
1.265917110443115234e+01
1.284956741333007812e+01
1.255806732177734375e+01
1.004346752166748047e+01
8.053999900817871094e+00
9.035331726074218750e+00
8.310058593750000000e+00
1.098183441162109375e+01
1.227224159240722656e+01
7.815539836883544922e+00
1.016280555725097656e+01
9.543570518493652344e+00
7.983161926269531250e+00
1.288749217987060547e+01
1.097439575195312500e+01
8.259531021118164062e+00
1.149703407287597656e+01
1.267113590240478516e+01
7.033444404602050781e+00
1.395268058776855469e+01
1.530321121215820312e+01
1.206258392333984375e+01
1.371029472351074219e+01
1.092629909515380859e+01
1.183613681793212891e+01
4.917078018188476562e+00
1.353939914703369141e+01
3.156919002532958984e+00
1.033126449584960938e+01
7.841341495513916016e+00
1.183318710327148438e+01
