1.120693969726562500e+01
1.280093288421630859e+01
1.368561172485351562e+01
1.002142429351806641e+01
9.804781913757324219e+00
1.357931327819824219e+01
1.088073921203613281e+01
6.917940616607666016e+00
1.102258300781250000e+01
8.191304206848144531e+00
3.687992811203002930e+00
9.655118942260742188e+00
9.407636642456054688e+00
8.109064102172851562e+00
9.419029235839843750e+00
7.713110923767089844e+00
3.496482610702514648e+00
5.349169254302978516e+00
1.127264595031738281e+01
1.444669342041015625e+01
9.576554298400878906e+00
1.241277790069580078e+01
1.068768215179443359e+01
9.297919273376464844e+00
1.271116065979003906e+01
1.098095798492431641e+01
3.558615684509277344e+00
1.031739234924316406e+01
7.163193225860595703e+00
1.274365711212158203e+01
1.223317241668701172e+01
1.124144649505615234e+01
1.165260314941406250e+01
1.215142917633056641e+01
1.165154457092285156e+01
1.085216140747070312e+01
1.060231494903564453e+01
8.576128959655761719e+00
1.281023502349853516e+01
1.255573463439941406e+01
1.439650154113769531e+01
1.049327659606933594e+01
1.059230709075927734e+01
8.596733093261718750e+00
3.783002853393554688e+00
1.391460990905761719e+01
1.136199665069580078e+01
1.040657234191894531e+01
1.176022434234619141e+01
1.222035789489746094e+01
8.991756439208984375e+00
1.209381771087646484e+01
3.856088876724243164e+00
9.449103355407714844e+00
8.532240867614746094e+00
4.905479431152343750e+00
9.744953155517578125e+00
1.229183006286621094e+01
1.294333457946777344e+01
1.083248329162597656e+01
8.387831687927246094e+00
1.000079917907714844e+01
1.040408039093017578e+01
9.684187889099121094e+00
1.034185981750488281e+01
1.148738288879394531e+01
1.150914669036865234e+01
1.054258251190185547e+01
1.155023002624511719e+01
1.241327953338623047e+01
1.237329387664794922e+01
9.336700439453125000e+00
7.234429359436035156e+00
9.875331878662109375e+00
1.097216320037841797e+01
1.195001316070556641e+01
1.231684017181396484e+01
8.911602973937988281e+00
1.055935668945312500e+01
1.020298957824707031e+01
1.074715709686279297e+01
1.003232669830322266e+01
1.082664108276367188e+01
9.646526336669921875e+00
9.471526145935058594e+00
1.090258407592773438e+01
1.275806331634521484e+01
1.212533092498779297e+01
9.021026611328125000e+00
1.103393459320068359e+01
1.302328872680664062e+01
1.110600662231445312e+01
8.337613105773925781e+00
1.153283691406250000e+01
8.419413566589355469e+00
1.196472549438476562e+01
1.002274131774902344e+01
8.382204055786132812e+00
3.958554744720458984e+00
1.184474277496337891e+01
1.234348869323730469e+01
9.867800712585449219e+00
1.138267803192138672e+01
1.031672763824462891e+01
1.113321399688720703e+01
9.296318054199218750e+00
1.221777534484863281e+01
9.584117889404296875e+00
1.040282154083251953e+01
1.208231449127197266e+01
1.459706974029541016e+01
8.503889083862304688e+00
1.450007820129394531e+01
5.134080886840820312e+00
6.459013462066650391e+00
1.072919464111328125e+01
1.039178657531738281e+01
8.914818763732910156e+00
1.230035591125488281e+01
9.579945564270019531e+00
1.116987800598144531e+01
1.102052688598632812e+01
3.825257062911987305e+00
4.870834350585937500e+00
8.819743156433105469e+00
9.573990821838378906e+00
4.453900814056396484e+00
9.107216835021972656e+00
1.009242057800292969e+01
7.854227542877197266e+00
6.871519565582275391e+00
1.055545330047607422e+01
1.423053836822509766e+01
9.958038330078125000e+00
9.828117370605468750e+00
9.657886505126953125e+00
7.372164726257324219e+00
9.764441490173339844e+00
1.255526161193847656e+01
5.392674446105957031e+00
3.397029399871826172e+00
1.031763744354248047e+01
8.454504966735839844e+00
8.181298255920410156e+00
8.068293571472167969e+00
1.007928657531738281e+01
1.015114307403564453e+01
9.447559356689453125e+00
8.240151405334472656e+00
1.069817161560058594e+01
1.228520011901855469e+01
4.888911247253417969e+00
4.765343666076660156e+00
1.150088787078857422e+01
1.146860790252685547e+01
1.307068634033203125e+01
9.036961555480957031e+00
9.473451614379882812e+00
6.284046649932861328e+00
1.083287239074707031e+01
1.234060192108154297e+01
8.490681648254394531e+00
1.161905384063720703e+01
8.557624816894531250e+00
1.079841136932373047e+01
1.242309570312500000e+01
9.963664054870605469e+00
9.526444435119628906e+00
7.265370368957519531e+00
1.150587558746337891e+01
1.116246509552001953e+01
5.174408435821533203e+00
1.183931159973144531e+01
1.128056907653808594e+01
3.762295007705688477e+00
1.159557628631591797e+01
1.106487464904785156e+01
1.245707988739013672e+01
1.048694992065429688e+01
1.046643638610839844e+01
8.837151527404785156e+00
8.966654777526855469e+00
9.785368919372558594e+00
7.561325550079345703e+00
1.062413692474365234e+01
1.221600437164306641e+01
1.236539745330810547e+01
8.937191963195800781e+00
1.083556079864501953e+01
1.214142799377441406e+01
1.115991592407226562e+01
4.680322647094726562e+00
1.136183738708496094e+01
1.109269237518310547e+01
1.255061912536621094e+01
1.063879203796386719e+01
9.193090438842773438e+00
9.760216712951660156e+00
1.173812675476074219e+01
1.106129360198974609e+01
9.710481643676757812e+00
1.055023574829101562e+01
1.606812667846679688e+01
8.430475234985351562e+00
7.261601448059082031e+00
1.287787246704101562e+01
1.312918663024902344e+01
7.362596988677978516e+00
1.019408130645751953e+01
9.804642677307128906e+00
1.125489139556884766e+01
1.006846237182617188e+01
8.200772285461425781e+00
1.038338088989257812e+01
1.405283069610595703e+01
1.008478355407714844e+01
1.159797668457031250e+01
1.199658679962158203e+01
1.054606819152832031e+01
1.187765789031982422e+01
1.272179317474365234e+01
1.161575031280517578e+01
1.010077667236328125e+01
9.575737953186035156e+00
4.008242607116699219e+00
8.855916023254394531e+00
1.095538043975830078e+01
1.071817493438720703e+01
8.535387039184570312e+00
9.078860282897949219e+00
9.238709449768066406e+00
6.174507617950439453e+00
1.172161006927490234e+01
8.162904739379882812e+00
1.282146072387695312e+01
5.393358707427978516e+00
1.034887599945068359e+01
1.205036735534667969e+01
9.648962020874023438e+00
1.187398338317871094e+01
8.791131973266601562e+00
9.520923614501953125e+00
4.302766799926757812e+00
1.048785877227783203e+01
1.107664012908935547e+01
8.647681236267089844e+00
1.331746196746826172e+01
7.437945842742919922e+00
1.283635997772216797e+01
6.292171478271484375e+00
