8.805921554565429688e+00
1.197497081756591797e+01
8.681959152221679688e+00
1.027918434143066406e+01
7.872673988342285156e+00
6.929250717163085938e+00
1.130656242370605469e+01
1.468017768859863281e+01
7.641434192657470703e+00
1.361975574493408203e+01
1.536890602111816406e+01
1.200857639312744141e+01
9.851429939270019531e+00
1.203032875061035156e+01
1.103528594970703125e+01
1.168596935272216797e+01
9.586434364318847656e+00
1.142107582092285156e+01
4.298933506011962891e+00
1.333910751342773438e+01
9.677268981933593750e+00
9.688099861145019531e+00
1.216603851318359375e+01
1.344601821899414062e+01
1.035519313812255859e+01
1.106511306762695312e+01
1.387374114990234375e+01
1.001020622253417969e+01
1.444862651824951172e+01
1.214658832550048828e+01
1.049963855743408203e+01
1.425903701782226562e+01
1.158157825469970703e+01
1.113604259490966797e+01
1.545103836059570312e+01
1.056212806701660156e+01
5.471537113189697266e+00
5.672757148742675781e+00
1.036314201354980469e+01
1.124302196502685547e+01
1.326840877532958984e+01
1.264509773254394531e+01
1.372657775878906250e+01
1.025283527374267578e+01
1.067765617370605469e+01
1.187353801727294922e+01
6.929228782653808594e+00
1.087809181213378906e+01
9.354909896850585938e+00
8.033271789550781250e+00
1.208919525146484375e+01
9.396022796630859375e+00
1.311919593811035156e+01
1.104668998718261719e+01
1.374559497833251953e+01
1.318759346008300781e+01
7.421009063720703125e+00
3.085125923156738281e+00
9.331876754760742188e+00
1.420480346679687500e+01
1.132265663146972656e+01
3.341719865798950195e+00
9.915403366088867188e+00
1.154222011566162109e+01
8.703723907470703125e+00
1.102927780151367188e+01
8.707691192626953125e+00
3.919976234436035156e+00
1.284679794311523438e+01
1.297678089141845703e+01
1.173550128936767578e+01
1.239688396453857422e+01
1.237075614929199219e+01
8.657775878906250000e+00
1.574407100677490234e+01
1.275237464904785156e+01
1.214600944519042969e+01
1.007876110076904297e+01
1.263996696472167969e+01
1.120947551727294922e+01
1.443614006042480469e+01
1.091684436798095703e+01
4.481335639953613281e+00
1.031379413604736328e+01
1.226645088195800781e+01
8.928525924682617188e+00
7.666244506835937500e+00
3.770551204681396484e+00
1.362279891967773438e+01
1.102035617828369141e+01
3.962337255477905273e+00
1.335538959503173828e+01
1.238644504547119141e+01
8.551005363464355469e+00
1.063022899627685547e+01
1.118782997131347656e+01
9.644057273864746094e+00
9.803787231445312500e+00
8.621021270751953125e+00
1.086861228942871094e+01
1.260526275634765625e+01
9.631784439086914062e+00
4.174214839935302734e+00
8.765274047851562500e+00
9.746239662170410156e+00
3.655154466629028320e+00
1.177435207366943359e+01
1.072221755981445312e+01
1.323287868499755859e+01
1.429575252532958984e+01
4.172851085662841797e+00
1.020585060119628906e+01
7.571537017822265625e+00
1.098927402496337891e+01
1.073396587371826172e+01
9.540821075439453125e+00
7.949308872222900391e+00
1.229203510284423828e+01
1.255644130706787109e+01
1.195773983001708984e+01
1.092983627319335938e+01
8.651123046875000000e+00
9.516957283020019531e+00
1.187379932403564453e+01
9.699094772338867188e+00
1.195008182525634766e+01
3.786066770553588867e+00
1.079615402221679688e+01
4.807907104492187500e+00
1.069863224029541016e+01
1.281015014648437500e+01
9.073658943176269531e+00
1.157489490509033203e+01
1.380345344543457031e+01
5.530490875244140625e+00
1.042759418487548828e+01
1.106752109527587891e+01
1.038755416870117188e+01
3.753914356231689453e+00
1.655184364318847656e+01
1.609737777709960938e+01
1.099830722808837891e+01
1.308686828613281250e+01
1.416646862030029297e+01
1.084942436218261719e+01
1.452008533477783203e+01
1.404122638702392578e+01
9.260708808898925781e+00
9.606245994567871094e+00
2.927077293395996094e+00
8.573554039001464844e+00
9.889966011047363281e+00
1.052679347991943359e+01
9.670457839965820312e+00
1.182131671905517578e+01
1.230920410156250000e+01
8.997145652770996094e+00
1.219624233245849609e+01
1.248070621490478516e+01
8.945771217346191406e+00
9.773317337036132812e+00
1.186854267120361328e+01
9.848145484924316406e+00
1.307907962799072266e+01
1.195850849151611328e+01
1.221654224395751953e+01
1.216254997253417969e+01
1.115608215332031250e+01
6.826076030731201172e+00
4.643150329589843750e+00
1.002000617980957031e+01
9.911352157592773438e+00
1.020381069183349609e+01
1.206414031982421875e+01
1.113995075225830078e+01
9.136568069458007812e+00
1.299209022521972656e+01
5.207105159759521484e+00
1.449860572814941406e+01
1.400722789764404297e+01
8.861715316772460938e+00
1.134340095520019531e+01
5.439694881439208984e+00
1.084224319458007812e+01
1.078992843627929688e+01
1.130461025238037109e+01
1.131805801391601562e+01
8.423131942749023438e+00
1.119531440734863281e+01
1.026373004913330078e+01
9.652980804443359375e+00
3.530082941055297852e+00
1.207967948913574219e+01
2.884547710418701172e+00
9.239498138427734375e+00
1.019135093688964844e+01
1.102056312561035156e+01
1.087913799285888672e+01
9.978092193603515625e+00
1.103825950622558594e+01
1.221057033538818359e+01
1.416064357757568359e+01
9.472821235656738281e+00
1.214844417572021484e+01
1.050019741058349609e+01
1.386532115936279297e+01
8.248519897460937500e+00
1.276591873168945312e+01
1.197783756256103516e+01
1.012005805969238281e+01
1.016172790527343750e+01
3.982236862182617188e+00
1.292787456512451172e+01
1.064084720611572266e+01
4.192140579223632812e+00
9.581335067749023438e+00
1.095247364044189453e+01
1.021586036682128906e+01
9.704161643981933594e+00
1.040410709381103516e+01
1.132774734497070312e+01
1.090049362182617188e+01
3.784100532531738281e+00
9.651648521423339844e+00
1.045295143127441406e+01
1.130922985076904297e+01
1.255347442626953125e+01
1.030405235290527344e+01
7.869235515594482422e+00
9.066618919372558594e+00
7.596794128417968750e+00
1.168809509277343750e+01
9.120675086975097656e+00
1.085791397094726562e+01
9.928116798400878906e+00
1.400951194763183594e+01
6.749255657196044922e+00
1.036960124969482422e+01
9.576402664184570312e+00
1.217642116546630859e+01
1.140484428405761719e+01
1.352056598663330078e+01
1.343239498138427734e+01
1.159553146362304688e+01
9.912897109985351562e+00
1.202522087097167969e+01
1.363483810424804688e+01
1.085465812683105469e+01
1.086565303802490234e+01
1.195207595825195312e+01
