1.040015125274658203e+01
8.765778541564941406e+00
1.063442325592041016e+01
1.255905818939208984e+01
1.135225582122802734e+01
1.268421840667724609e+01
1.401931381225585938e+01
9.500345230102539062e+00
1.224144935607910156e+01
9.975317001342773438e+00
7.242554187774658203e+00
4.744890689849853516e+00
1.133019638061523438e+01
1.020348167419433594e+01
1.210410022735595703e+01
1.195484828948974609e+01
9.422980308532714844e+00
9.158275604248046875e+00
1.429949665069580078e+01
1.058537387847900391e+01
1.442173385620117188e+01
4.075406074523925781e+00
1.164475631713867188e+01
1.027843093872070312e+01
1.190278816223144531e+01
7.613569736480712891e+00
1.089730167388916016e+01
9.944253921508789062e+00
7.021075725555419922e+00
8.690822601318359375e+00
5.440910339355468750e+00
5.011028289794921875e+00
9.138860702514648438e+00
1.056062316894531250e+01
1.025566673278808594e+01
8.583001136779785156e+00
1.019665527343750000e+01
4.676194190979003906e+00
1.002969932556152344e+01
9.171182632446289062e+00
1.068400764465332031e+01
8.115574836730957031e+00
8.029458045959472656e+00
9.872562408447265625e+00
9.330093383789062500e+00
9.856112480163574219e+00
1.023835277557373047e+01
1.092249488830566406e+01
7.257805824279785156e+00
1.161968708038330078e+01
9.064631462097167969e+00
8.246166229248046875e+00
9.630107879638671875e+00
8.194235801696777344e+00
4.327443599700927734e+00
9.501347541809082031e+00
1.140102767944335938e+01
8.723881721496582031e+00
3.165237665176391602e+00
1.015138912200927734e+01
1.199716949462890625e+01
9.687910079956054688e+00
8.682941436767578125e+00
1.132278251647949219e+01
1.167913246154785156e+01
3.696739435195922852e+00
1.012609100341796875e+01
6.827143192291259766e+00
3.840999841690063477e+00
8.961477279663085938e+00
4.193343639373779297e+00
7.530494213104248047e+00
8.085361480712890625e+00
9.937976837158203125e+00
1.151660251617431641e+01
4.695131301879882812e+00
1.293128967285156250e+01
7.702004909515380859e+00
1.066248130798339844e+01
6.866343021392822266e+00
1.420006084442138672e+01
7.267013072967529297e+00
1.364281654357910156e+01
1.021541500091552734e+01
1.276945018768310547e+01
1.032531356811523438e+01
4.358632564544677734e+00
6.705130100250244141e+00
1.029641532897949219e+01
7.336499214172363281e+00
8.737945556640625000e+00
8.584509849548339844e+00
1.085436058044433594e+01
8.325969696044921875e+00
1.178833675384521484e+01
1.112279033660888672e+01
1.300639629364013672e+01
6.426918506622314453e+00
1.268645381927490234e+01
7.622387409210205078e+00
8.928921699523925781e+00
1.209984588623046875e+01
8.388333320617675781e+00
8.895303726196289062e+00
1.525335884094238281e+01
1.306877040863037109e+01
1.142325401306152344e+01
8.870134353637695312e+00
9.169067382812500000e+00
3.771236181259155273e+00
1.384073543548583984e+01
8.108518600463867188e+00
1.162185573577880859e+01
4.508412361145019531e+00
1.209406471252441406e+01
9.844602584838867188e+00
9.226269721984863281e+00
4.911714076995849609e+00
1.415657901763916016e+01
8.746336936950683594e+00
1.083638286590576172e+01
9.871438026428222656e+00
1.088921833038330078e+01
7.302137851715087891e+00
1.193508529663085938e+01
8.214936256408691406e+00
1.144518756866455078e+01
1.069541168212890625e+01
1.017171001434326172e+01
8.246509552001953125e+00
8.510840415954589844e+00
9.425823211669921875e+00
9.633844375610351562e+00
1.246436882019042969e+01
1.056405067443847656e+01
8.255090713500976562e+00
1.071297359466552734e+01
1.131208610534667969e+01
9.179151535034179688e+00
1.224467372894287109e+01
3.523882389068603516e+00
8.808643341064453125e+00
1.012703609466552734e+01
8.043736457824707031e+00
1.173404693603515625e+01
9.300608634948730469e+00
1.008226680755615234e+01
3.835919618606567383e+00
8.904227256774902344e+00
1.189717102050781250e+01
1.192637157440185547e+01
9.960244178771972656e+00
1.029729652404785156e+01
9.852413177490234375e+00
4.697901725769042969e+00
1.119987964630126953e+01
1.064846515655517578e+01
7.892745018005371094e+00
1.187917137145996094e+01
1.001857566833496094e+01
1.182803058624267578e+01
7.609322547912597656e+00
9.189991950988769531e+00
8.874277114868164062e+00
1.176276302337646484e+01
3.447056770324707031e+00
1.194753265380859375e+01
9.966677665710449219e+00
9.966504096984863281e+00
9.987833976745605469e+00
1.262554645538330078e+01
1.100556468963623047e+01
1.301897716522216797e+01
7.619893074035644531e+00
9.497838020324707031e+00
9.629858970642089844e+00
1.116491985321044922e+01
1.084937191009521484e+01
3.250154733657836914e+00
8.234372138977050781e+00
1.109852695465087891e+01
1.019354152679443359e+01
3.943218708038330078e+00
4.167467117309570312e+00
1.099911880493164062e+01
1.133895587921142578e+01
7.385179042816162109e+00
1.082284736633300781e+01
1.012549400329589844e+01
9.317676544189453125e+00
8.008231163024902344e+00
1.014494228363037109e+01
1.211390209197998047e+01
9.190199851989746094e+00
1.228796386718750000e+01
8.864362716674804688e+00
8.362149238586425781e+00
9.529999732971191406e+00
3.458938837051391602e+00
8.349607467651367188e+00
1.002106189727783203e+01
3.263583898544311523e+00
3.706303596496582031e+00
9.564239501953125000e+00
1.140070629119873047e+01
9.093068122863769531e+00
1.612344360351562500e+01
8.805077552795410156e+00
1.259031486511230469e+01
3.500008344650268555e+00
1.378037929534912109e+01
1.008302402496337891e+01
8.580065727233886719e+00
8.978395462036132812e+00
8.722281455993652344e+00
8.334979057312011719e+00
1.032234668731689453e+01
8.611775398254394531e+00
3.738372087478637695e+00
1.119461345672607422e+01
7.782399654388427734e+00
9.050528526306152344e+00
1.308137035369873047e+01
9.363379478454589844e+00
1.357067394256591797e+01
1.436686325073242188e+01
1.305439567565917969e+01
8.482605934143066406e+00
1.095678138732910156e+01
8.832493782043457031e+00
1.090349006652832031e+01
9.226126670837402344e+00
1.214834594726562500e+01
8.831874847412109375e+00
8.942068099975585938e+00
1.198475360870361328e+01
6.160238742828369141e+00
8.308492660522460938e+00
9.614163398742675781e+00
1.216896533966064453e+01
7.727790832519531250e+00
8.233957290649414062e+00
1.058511543273925781e+01
1.183756732940673828e+01
1.238603687286376953e+01
3.351681947708129883e+00
1.558103752136230469e+01
3.917323350906372070e+00
3.768103122711181641e+00
9.935784339904785156e+00
