9.258291244506835938e+00
1.072990226745605469e+01
3.811893701553344727e+00
4.151702404022216797e+00
9.426880836486816406e+00
1.016466712951660156e+01
8.842037200927734375e+00
1.220670032501220703e+01
1.040223026275634766e+01
1.203018665313720703e+01
1.260616779327392578e+01
1.203427886962890625e+01
4.553918838500976562e+00
1.116816711425781250e+01
1.086448383331298828e+01
1.230312252044677734e+01
1.309045600891113281e+01
4.332983970642089844e+00
1.027774810791015625e+01
1.263329887390136719e+01
8.592843055725097656e+00
1.217310810089111328e+01
8.313244819641113281e+00
1.152093410491943359e+01
1.273227024078369141e+01
1.056194305419921875e+01
1.066578197479248047e+01
8.204398155212402344e+00
1.098973846435546875e+01
1.206148529052734375e+01
1.579570674896240234e+01
5.815859794616699219e+00
1.261616516113281250e+01
1.325885772705078125e+01
1.294393348693847656e+01
1.356322288513183594e+01
9.586033821105957031e+00
9.010464668273925781e+00
9.796583175659179688e+00
9.747846603393554688e+00
1.039947891235351562e+01
9.452311515808105469e+00
8.107046127319335938e+00
1.094185638427734375e+01
4.001322746276855469e+00
1.172720909118652344e+01
1.260492992401123047e+01
1.478524589538574219e+01
1.339828586578369141e+01
1.406611537933349609e+01
1.186392021179199219e+01
3.711693763732910156e+00
5.107875823974609375e+00
1.368567466735839844e+01
9.023902893066406250e+00
1.213663291931152344e+01
9.303778648376464844e+00
9.701406478881835938e+00
1.112057876586914062e+01
1.067607688903808594e+01
4.552817821502685547e+00
8.559877395629882812e+00
1.049732303619384766e+01
9.695279121398925781e+00
1.183121681213378906e+01
3.663215637207031250e+00
8.881871223449707031e+00
1.273748874664306641e+01
9.124389648437500000e+00
5.068068981170654297e+00
9.621842384338378906e+00
9.785526275634765625e+00
8.933763504028320312e+00
9.592798233032226562e+00
1.027130317687988281e+01
1.444176673889160156e+01
9.876049041748046875e+00
1.402865409851074219e+01
9.587050437927246094e+00
9.003050804138183594e+00
8.026822090148925781e+00
5.193430423736572266e+00
8.716784477233886719e+00
1.183123207092285156e+01
3.748100519180297852e+00
5.055077075958251953e+00
1.083540058135986328e+01
1.271086883544921875e+01
9.333656311035156250e+00
1.019816207885742188e+01
9.794753074645996094e+00
1.175018787384033203e+01
9.552979469299316406e+00
1.084828090667724609e+01
9.462636947631835938e+00
4.324841499328613281e+00
1.448602199554443359e+01
1.616460418701171875e+01
9.814990043640136719e+00
1.039448356628417969e+01
6.956858158111572266e+00
1.019301605224609375e+01
1.293763446807861328e+01
9.482443809509277344e+00
1.341043472290039062e+01
1.134982204437255859e+01
8.409094810485839844e+00
9.488938331604003906e+00
1.247070217132568359e+01
1.195606231689453125e+01
9.168581008911132812e+00
1.274309253692626953e+01
8.428417205810546875e+00
9.750442504882812500e+00
8.888675689697265625e+00
5.176541805267333984e+00
1.070865440368652344e+01
1.090890502929687500e+01
4.003220558166503906e+00
1.391872692108154297e+01
1.267486000061035156e+01
1.325263214111328125e+01
8.369969367980957031e+00
5.716097354888916016e+00
1.324761581420898438e+01
9.746649742126464844e+00
9.514766693115234375e+00
1.411679744720458984e+01
1.069497966766357422e+01
1.384325218200683594e+01
9.874061584472656250e+00
5.181982040405273438e+00
3.262462377548217773e+00
9.084378242492675781e+00
1.465345001220703125e+01
1.116750621795654297e+01
9.947999000549316406e+00
1.427018547058105469e+01
8.300100326538085938e+00
1.154105091094970703e+01
1.419784832000732422e+01
1.354360294342041016e+01
1.202285099029541016e+01
1.114460182189941406e+01
9.996487617492675781e+00
1.157900238037109375e+01
9.368393898010253906e+00
9.413032531738281250e+00
1.003668785095214844e+01
1.104570770263671875e+01
1.028331851959228516e+01
1.270412921905517578e+01
8.838993072509765625e+00
9.274018287658691406e+00
1.033011722564697266e+01
5.876520156860351562e+00
6.767881870269775391e+00
1.086923885345458984e+01
1.291123867034912109e+01
1.022084426879882812e+01
1.437839221954345703e+01
8.255530357360839844e+00
1.285841751098632812e+01
9.828531265258789062e+00
1.175854206085205078e+01
1.344927310943603516e+01
7.854767799377441406e+00
8.300685882568359375e+00
9.547636985778808594e+00
8.625215530395507812e+00
1.242117214202880859e+01
8.998991012573242188e+00
9.802434921264648438e+00
9.387327194213867188e+00
5.223806381225585938e+00
1.336177253723144531e+01
1.261739730834960938e+01
1.002347755432128906e+01
9.936469078063964844e+00
1.006910705566406250e+01
1.109766483306884766e+01
5.363593578338623047e+00
9.443854331970214844e+00
1.315912532806396484e+01
1.022371006011962891e+01
1.215120887756347656e+01
7.794776439666748047e+00
1.054485034942626953e+01
1.168927955627441406e+01
9.474137306213378906e+00
1.129142475128173828e+01
8.434607505798339844e+00
4.681525230407714844e+00
1.217222023010253906e+01
1.093655967712402344e+01
9.706819534301757812e+00
1.226345634460449219e+01
4.996730804443359375e+00
8.669824600219726562e+00
1.422730636596679688e+01
4.273898124694824219e+00
1.228138256072998047e+01
9.905879974365234375e+00
1.129725170135498047e+01
9.056052207946777344e+00
8.704776763916015625e+00
1.282983589172363281e+01
1.181049442291259766e+01
8.614867210388183594e+00
1.275238132476806641e+01
1.060026359558105469e+01
5.561619758605957031e+00
9.061396598815917969e+00
1.375626087188720703e+01
1.336310863494873047e+01
1.252404594421386719e+01
9.031183242797851562e+00
9.678104400634765625e+00
8.735163688659667969e+00
1.471599674224853516e+01
1.327902889251708984e+01
1.094862365722656250e+01
1.382202434539794922e+01
1.290921783447265625e+01
9.121471405029296875e+00
8.544675827026367188e+00
1.033441066741943359e+01
1.170679664611816406e+01
7.581868171691894531e+00
8.497183799743652344e+00
4.293349266052246094e+00
9.110850334167480469e+00
1.006395244598388672e+01
1.283044910430908203e+01
1.023494529724121094e+01
9.475074768066406250e+00
1.089166164398193359e+01
1.004582214355468750e+01
3.178183794021606445e+00
1.521930599212646484e+01
8.424226760864257812e+00
1.472798156738281250e+01
3.393088579177856445e+00
7.325498580932617188e+00
1.287021446228027344e+01
1.376056003570556641e+01
1.090458106994628906e+01
1.136065864562988281e+01
1.428737163543701172e+01
1.279815769195556641e+01
