8.604425430297851562e+00
1.272454929351806641e+01
1.111948394775390625e+01
1.099960803985595703e+01
1.220088195800781250e+01
9.389382362365722656e+00
1.162273025512695312e+01
1.521189498901367188e+01
1.050001335144042969e+01
1.039998531341552734e+01
8.189257621765136719e+00
1.170268344879150391e+01
1.297590351104736328e+01
4.596386432647705078e+00
1.348326778411865234e+01
1.071877670288085938e+01
8.839082717895507812e+00
1.107869720458984375e+01
3.538063764572143555e+00
9.361279487609863281e+00
8.047196388244628906e+00
1.208204555511474609e+01
1.184981060028076172e+01
1.130375957489013672e+01
1.090906238555908203e+01
7.308091163635253906e+00
1.170419692993164062e+01
1.014776229858398438e+01
1.230330085754394531e+01
1.259390354156494141e+01
1.021803665161132812e+01
3.449384689331054688e+00
1.363921070098876953e+01
1.160282707214355469e+01
9.498382568359375000e+00
1.150827980041503906e+01
1.195003890991210938e+01
8.780247688293457031e+00
1.210291194915771484e+01
9.829676628112792969e+00
1.209957695007324219e+01
1.016045093536376953e+01
1.435782432556152344e+01
1.135731220245361328e+01
1.065305137634277344e+01
1.402562427520751953e+01
1.017889404296875000e+01
3.534488677978515625e+00
1.087337684631347656e+01
1.272963619232177734e+01
6.493639469146728516e+00
1.137457466125488281e+01
1.353586959838867188e+01
9.106916427612304688e+00
1.106585216522216797e+01
1.199801349639892578e+01
7.451549530029296875e+00
1.210499668121337891e+01
1.196085643768310547e+01
9.770735740661621094e+00
1.014936161041259766e+01
7.440781116485595703e+00
8.590444564819335938e+00
3.821805953979492188e+00
3.613354921340942383e+00
3.967371463775634766e+00
9.454439163208007812e+00
1.418229389190673828e+01
1.078640460968017578e+01
1.376115131378173828e+01
1.390654373168945312e+01
1.191459846496582031e+01
1.035738182067871094e+01
8.031495094299316406e+00
1.319224357604980469e+01
8.642706871032714844e+00
9.955808639526367188e+00
1.048717784881591797e+01
1.328840732574462891e+01
4.039740562438964844e+00
1.255647563934326172e+01
1.038252162933349609e+01
1.050576782226562500e+01
8.016776084899902344e+00
1.332641124725341797e+01
8.078214645385742188e+00
1.047935009002685547e+01
8.326739311218261719e+00
1.475463008880615234e+01
1.098757743835449219e+01
1.225400543212890625e+01
8.191952705383300781e+00
1.371760082244873047e+01
9.527106285095214844e+00
1.218317413330078125e+01
1.252409934997558594e+01
1.210509204864501953e+01
1.120380020141601562e+01
3.664247989654541016e+00
1.230212497711181641e+01
1.074860954284667969e+01
1.619261932373046875e+01
1.185055541992187500e+01
8.512207031250000000e+00
8.847987174987792969e+00
1.392790126800537109e+01
1.236875915527343750e+01
4.400419712066650391e+00
1.257219886779785156e+01
1.204107666015625000e+01
1.230192089080810547e+01
8.427541732788085938e+00
9.108472824096679688e+00
1.390967750549316406e+01
4.751801967620849609e+00
1.168995952606201172e+01
9.095542907714843750e+00
1.049244022369384766e+01
4.375627040863037109e+00
9.960793495178222656e+00
9.760538101196289062e+00
1.186368846893310547e+01
1.183687305450439453e+01
9.768771171569824219e+00
4.248041629791259766e+00
1.023266124725341797e+01
1.153403472900390625e+01
1.135937118530273438e+01
1.072495079040527344e+01
3.835654973983764648e+00
1.440760612487792969e+01
1.441168689727783203e+01
1.380892181396484375e+01
1.003085136413574219e+01
1.065593242645263672e+01
4.444879531860351562e+00
1.283010387420654297e+01
9.478816986083984375e+00
1.108346080780029297e+01
1.068771553039550781e+01
8.498921394348144531e+00
8.727981567382812500e+00
1.034103012084960938e+01
1.243737888336181641e+01
1.007966136932373047e+01
1.163803768157958984e+01
1.301208019256591797e+01
1.125891017913818359e+01
9.819967269897460938e+00
1.012734317779541016e+01
4.079901695251464844e+00
9.602976799011230469e+00
9.852635383605957031e+00
1.088575553894042969e+01
7.873279571533203125e+00
1.388254165649414062e+01
1.025068664550781250e+01
1.103342914581298828e+01
1.515679359436035156e+01
3.909030914306640625e+00
1.070946407318115234e+01
3.719830751419067383e+00
9.686706542968750000e+00
1.089049720764160156e+01
8.307774543762207031e+00
1.126731014251708984e+01
1.075508117675781250e+01
1.322086524963378906e+01
9.491123199462890625e+00
1.237505912780761719e+01
3.572185039520263672e+00
1.089755249023437500e+01
1.169987106323242188e+01
8.875417709350585938e+00
2.872055768966674805e+00
9.001701354980468750e+00
1.242121505737304688e+01
1.073952388763427734e+01
1.177433872222900391e+01
8.726896286010742188e+00
9.645658493041992188e+00
1.077332210540771484e+01
1.085483646392822266e+01
8.421648979187011719e+00
1.053777408599853516e+01
1.282806777954101562e+01
1.078417110443115234e+01
9.106983184814453125e+00
1.048609256744384766e+01
1.173881053924560547e+01
1.035786533355712891e+01
1.252794075012207031e+01
1.062615966796875000e+01
7.431396484375000000e+00
7.305186748504638672e+00
1.059052371978759766e+01
1.427821445465087891e+01
8.360173225402832031e+00
1.160476684570312500e+01
1.029554271697998047e+01
9.890015602111816406e+00
9.653955459594726562e+00
1.175041484832763672e+01
9.762134552001953125e+00
1.228323745727539062e+01
9.467102050781250000e+00
7.589944839477539062e+00
1.152980995178222656e+01
9.483867645263671875e+00
1.060592937469482422e+01
1.015316772460937500e+01
9.694346427917480469e+00
1.215105438232421875e+01
6.716665744781494141e+00
1.008588790893554688e+01
1.110483264923095703e+01
3.388226270675659180e+00
1.115875530242919922e+01
9.704813957214355469e+00
4.695079326629638672e+00
1.535928058624267578e+01
1.304609298706054688e+01
9.810254096984863281e+00
1.089474964141845703e+01
1.189861297607421875e+01
6.970691680908203125e+00
1.456765937805175781e+01
1.136858081817626953e+01
4.940734386444091797e+00
1.262826728820800781e+01
1.031030178070068359e+01
9.928711891174316406e+00
4.576058864593505859e+00
9.079860687255859375e+00
8.754244804382324219e+00
1.135021781921386719e+01
1.273244667053222656e+01
1.056288528442382812e+01
1.438724708557128906e+01
1.024040412902832031e+01
1.406986808776855469e+01
4.927151203155517578e+00
4.257443904876708984e+00
1.181640148162841797e+01
9.841234207153320312e+00
1.055542945861816406e+01
1.158812332153320312e+01
1.182545661926269531e+01
9.603569030761718750e+00
8.685813903808593750e+00
