7.232312202453613281e+00
1.363500690460205078e+01
8.552293777465820312e+00
1.254714679718017578e+01
7.146965980529785156e+00
1.113143730163574219e+01
1.252875041961669922e+01
1.085124683380126953e+01
4.778195858001708984e+00
1.142905235290527344e+01
9.314768791198730469e+00
1.434407901763916016e+01
1.119634723663330078e+01
6.104586124420166016e+00
1.232402515411376953e+01
1.070259571075439453e+01
1.050382900238037109e+01
1.216069030761718750e+01
1.196621513366699219e+01
1.341352844238281250e+01
8.019710540771484375e+00
1.245735454559326172e+01
9.159162521362304688e+00
1.389712524414062500e+01
8.848011970520019531e+00
1.631888008117675781e+01
3.547309637069702148e+00
9.946601867675781250e+00
1.399118137359619141e+01
1.311339092254638672e+01
1.064438343048095703e+01
1.299376869201660156e+01
8.321391105651855469e+00
1.240455055236816406e+01
1.137085533142089844e+01
1.275077247619628906e+01
4.097392082214355469e+00
1.020294761657714844e+01
9.905441284179687500e+00
5.427326202392578125e+00
4.928330898284912109e+00
1.173445510864257812e+01
1.023584651947021484e+01
1.244435501098632812e+01
1.073818016052246094e+01
1.380700778961181641e+01
1.211277389526367188e+01
1.306559085845947266e+01
1.048372554779052734e+01
1.306443977355957031e+01
1.012357616424560547e+01
1.268398952484130859e+01
1.060868072509765625e+01
8.695238113403320312e+00
1.128105449676513672e+01
7.044739723205566406e+00
1.046103668212890625e+01
1.340226078033447266e+01
8.636038780212402344e+00
4.137178421020507812e+00
1.171928787231445312e+01
1.160017204284667969e+01
1.144069385528564453e+01
5.429366111755371094e+00
1.002330875396728516e+01
1.306941604614257812e+01
1.059879493713378906e+01
1.360605716705322266e+01
7.470476150512695312e+00
1.076792240142822266e+01
1.191663742065429688e+01
1.034256172180175781e+01
1.108928489685058594e+01
1.292137336730957031e+01
1.003645515441894531e+01
1.228772163391113281e+01
1.129664421081542969e+01
1.068148326873779297e+01
1.187473487854003906e+01
1.288946342468261719e+01
1.413568019866943359e+01
1.341942691802978516e+01
1.578736495971679688e+01
1.232970333099365234e+01
1.036090087890625000e+01
6.698020458221435547e+00
1.123786735534667969e+01
9.996874809265136719e+00
4.422924518585205078e+00
1.213768005371093750e+01
8.081164360046386719e+00
1.159951019287109375e+01
1.167820739746093750e+01
1.382039356231689453e+01
8.975658416748046875e+00
1.282649517059326172e+01
9.919354438781738281e+00
1.263410091400146484e+01
1.368172931671142578e+01
1.110267543792724609e+01
9.501379966735839844e+00
4.941624641418457031e+00
9.662674903869628906e+00
1.253313159942626953e+01
9.525760650634765625e+00
1.440885925292968750e+01
6.967743396759033203e+00
1.306890773773193359e+01
9.877185821533203125e+00
1.221328353881835938e+01
7.361247062683105469e+00
1.372112178802490234e+01
1.316189670562744141e+01
1.108835220336914062e+01
8.351291656494140625e+00
3.006960868835449219e+00
1.291263198852539062e+01
1.230178546905517578e+01
8.713454246520996094e+00
9.981226921081542969e+00
1.279378318786621094e+01
1.002359676361083984e+01
9.227960586547851562e+00
1.008041858673095703e+01
1.163342761993408203e+01
9.202012062072753906e+00
1.145501995086669922e+01
8.736208915710449219e+00
1.185490417480468750e+01
1.302963066101074219e+01
1.421245956420898438e+01
9.069716453552246094e+00
1.094035339355468750e+01
1.052681350708007812e+01
9.696544647216796875e+00
4.267690181732177734e+00
1.246865177154541016e+01
1.184369659423828125e+01
3.709870338439941406e+00
9.923785209655761719e+00
1.210105037689208984e+01
1.076330566406250000e+01
1.210029602050781250e+01
1.177774715423583984e+01
1.052690410614013672e+01
8.881285667419433594e+00
8.446723937988281250e+00
1.280947780609130859e+01
3.670806169509887695e+00
1.132861709594726562e+01
8.268950462341308594e+00
1.236048126220703125e+01
1.004663658142089844e+01
4.975164890289306641e+00
9.493582725524902344e+00
1.187105751037597656e+01
9.282332420349121094e+00
1.137703132629394531e+01
9.771979331970214844e+00
9.982438087463378906e+00
8.851904869079589844e+00
1.420363140106201172e+01
1.113580799102783203e+01
1.156881713867187500e+01
1.101916980743408203e+01
1.161170005798339844e+01
1.234032821655273438e+01
1.344077587127685547e+01
1.094339942932128906e+01
1.184758472442626953e+01
5.555588245391845703e+00
5.608572483062744141e+00
1.277926063537597656e+01
7.672031402587890625e+00
9.064509391784667969e+00
1.089015865325927734e+01
8.995832443237304688e+00
1.077861690521240234e+01
1.220699405670166016e+01
5.311784744262695312e+00
1.005881404876708984e+01
8.892309188842773438e+00
1.358024215698242188e+01
6.875448226928710938e+00
1.004305362701416016e+01
1.441014289855957031e+01
9.332446098327636719e+00
1.065442752838134766e+01
1.011491680145263672e+01
1.029641723632812500e+01
3.192397832870483398e+00
1.393607902526855469e+01
1.402950096130371094e+01
1.048325538635253906e+01
8.956402778625488281e+00
1.148892974853515625e+01
1.203288841247558594e+01
1.220758533477783203e+01
1.230739879608154297e+01
1.084764862060546875e+01
1.073061561584472656e+01
9.596933364868164062e+00
7.029123306274414062e+00
8.518487930297851562e+00
1.149145698547363281e+01
1.012172317504882812e+01
1.112038707733154297e+01
8.815826416015625000e+00
9.551505088806152344e+00
5.052039623260498047e+00
1.039116287231445312e+01
1.055892276763916016e+01
4.247686862945556641e+00
1.434947967529296875e+01
4.138939857482910156e+00
1.039447402954101562e+01
9.893703460693359375e+00
5.154737472534179688e+00
9.663566589355468750e+00
1.014166164398193359e+01
7.597138404846191406e+00
9.816588401794433594e+00
8.238027572631835938e+00
1.489984893798828125e+01
3.559108257293701172e+00
1.030974960327148438e+01
7.764207363128662109e+00
4.133995532989501953e+00
9.386122703552246094e+00
1.351058006286621094e+01
9.355449676513671875e+00
9.701380729675292969e+00
1.400751209259033203e+01
9.257184982299804688e+00
1.016782855987548828e+01
8.667723655700683594e+00
1.002838897705078125e+01
8.966376304626464844e+00
1.487080955505371094e+01
6.063769817352294922e+00
1.014646434783935547e+01
9.057489395141601562e+00
1.106076145172119141e+01
9.459552764892578125e+00
1.164067459106445312e+01
9.388840675354003906e+00
9.570562362670898438e+00
8.192365646362304688e+00
1.021287631988525391e+01
6.238503932952880859e+00
