1.085842037200927734e+01
1.205024337768554688e+01
1.064693450927734375e+01
9.135619163513183594e+00
1.166752052307128906e+01
1.454031467437744141e+01
1.140690231323242188e+01
5.424361705780029297e+00
1.294087886810302734e+01
3.985980749130249023e+00
1.300609588623046875e+01
1.209326076507568359e+01
1.056789302825927734e+01
1.197734737396240234e+01
1.341312789916992188e+01
1.017892074584960938e+01
1.321758842468261719e+01
8.179200172424316406e+00
9.424360275268554688e+00
9.598064422607421875e+00
7.720894813537597656e+00
1.332132816314697266e+01
1.508598136901855469e+01
1.196904468536376953e+01
1.382191085815429688e+01
7.274944305419921875e+00
9.865298271179199219e+00
1.443011283874511719e+01
1.089138984680175781e+01
4.719138145446777344e+00
1.284761810302734375e+01
1.173177814483642578e+01
9.570218086242675781e+00
1.250955867767333984e+01
1.426870441436767578e+01
1.312169551849365234e+01
8.215656280517578125e+00
1.143749427795410156e+01
1.078915500640869141e+01
5.790812015533447266e+00
1.216032409667968750e+01
1.157691955566406250e+01
9.259806632995605469e+00
9.562646865844726562e+00
1.362604141235351562e+01
1.309066104888916016e+01
1.433213901519775391e+01
1.138280868530273438e+01
1.248134231567382812e+01
1.130362892150878906e+01
8.701913833618164062e+00
8.169527053833007812e+00
1.244798088073730469e+01
1.093599987030029297e+01
1.083113384246826172e+01
4.202114105224609375e+00
8.270772933959960938e+00
8.986359596252441406e+00
1.410869884490966797e+01
1.292937564849853516e+01
1.329727554321289062e+01
1.066594314575195312e+01
1.031876182556152344e+01
1.240752124786376953e+01
8.084498405456542969e+00
8.766712188720703125e+00
1.306005287170410156e+01
1.187175273895263672e+01
1.227377319335937500e+01
8.011533737182617188e+00
1.386873149871826172e+01
1.191783237457275391e+01
1.415761470794677734e+01
1.250638484954833984e+01
1.005677700042724609e+01
1.306233501434326172e+01
1.138808441162109375e+01
8.243588447570800781e+00
1.199971294403076172e+01
8.131672859191894531e+00
7.955477714538574219e+00
1.037753772735595703e+01
9.617156982421875000e+00
1.094245910644531250e+01
1.501903247833251953e+01
4.409726619720458984e+00
1.412101459503173828e+01
1.086106300354003906e+01
4.686076164245605469e+00
8.968417167663574219e+00
9.350309371948242188e+00
9.710500717163085938e+00
8.193113327026367188e+00
1.178190422058105469e+01
1.380830574035644531e+01
8.425694465637207031e+00
8.923794746398925781e+00
9.420639991760253906e+00
7.885154247283935547e+00
1.147621917724609375e+01
1.079759025573730469e+01
1.002311801910400391e+01
7.818553447723388672e+00
9.264454841613769531e+00
9.565175056457519531e+00
4.971336841583251953e+00
1.324206924438476562e+01
1.281139850616455078e+01
1.397668170928955078e+01
7.965542793273925781e+00
1.491182613372802734e+01
1.007010269165039062e+01
1.290518856048583984e+01
1.020673084259033203e+01
1.150598812103271484e+01
9.342872619628906250e+00
1.182158851623535156e+01
1.196116924285888672e+01
9.271780014038085938e+00
5.720777034759521484e+00
1.172681331634521484e+01
1.274765205383300781e+01
3.787861824035644531e+00
1.112266063690185547e+01
1.321558570861816406e+01
1.118200302124023438e+01
3.862679481506347656e+00
1.107605934143066406e+01
8.069738388061523438e+00
1.185961723327636719e+01
1.026933860778808594e+01
8.169527053833007812e+00
1.342222499847412109e+01
1.166686153411865234e+01
1.196197223663330078e+01
4.296664714813232422e+00
1.044651985168457031e+01
5.593861103057861328e+00
1.439154529571533203e+01
9.235802650451660156e+00
9.176507949829101562e+00
1.054306125640869141e+01
1.221659946441650391e+01
1.176305866241455078e+01
1.461423778533935547e+01
1.187561607360839844e+01
1.063265609741210938e+01
1.292216300964355469e+01
1.023006153106689453e+01
1.012267017364501953e+01
1.143883228302001953e+01
1.212172508239746094e+01
1.028243064880371094e+01
9.768456459045410156e+00
4.177138805389404297e+00
1.070726108551025391e+01
3.994967937469482422e+00
5.635085105895996094e+00
1.184878826141357422e+01
1.473911380767822266e+01
1.098023700714111328e+01
1.508413124084472656e+01
9.735677719116210938e+00
9.993403434753417969e+00
3.655246734619140625e+00
8.271498680114746094e+00
1.329926872253417969e+01
1.117532348632812500e+01
9.769099235534667969e+00
1.052796840667724609e+01
1.197959041595458984e+01
1.485266304016113281e+01
1.447992420196533203e+01
5.005808353424072266e+00
1.009848880767822266e+01
1.283310604095458984e+01
1.143536567687988281e+01
1.246123695373535156e+01
1.341653823852539062e+01
1.245707988739013672e+01
4.204989910125732422e+00
9.727640151977539062e+00
3.082053422927856445e+00
9.495153427124023438e+00
9.401174545288085938e+00
8.579173088073730469e+00
9.396693229675292969e+00
1.155883693695068359e+01
4.512619972229003906e+00
9.973676681518554688e+00
1.428601932525634766e+01
1.248825550079345703e+01
1.022031784057617188e+01
4.842843532562255859e+00
4.683311939239501953e+00
1.195097827911376953e+01
3.838588714599609375e+00
1.110624217987060547e+01
1.068693637847900391e+01
7.153531074523925781e+00
3.574380397796630859e+00
1.384236526489257812e+01
1.119716262817382812e+01
1.100497531890869141e+01
1.202645015716552734e+01
1.062241935729980469e+01
1.182530021667480469e+01
9.766136169433593750e+00
1.238875389099121094e+01
1.419315433502197266e+01
3.768951654434204102e+00
1.127028369903564453e+01
7.029980182647705078e+00
1.006293773651123047e+01
1.350169563293457031e+01
9.791363716125488281e+00
6.808145999908447266e+00
8.387046813964843750e+00
9.597737312316894531e+00
9.878362655639648438e+00
7.326061248779296875e+00
6.609950065612792969e+00
1.184598255157470703e+01
8.061741828918457031e+00
1.135095691680908203e+01
1.244131946563720703e+01
9.096206665039062500e+00
1.116388416290283203e+01
1.058805942535400391e+01
1.211739063262939453e+01
1.364724445343017578e+01
1.083848953247070312e+01
1.051270389556884766e+01
6.431224346160888672e+00
8.212018966674804688e+00
1.228472042083740234e+01
1.145554828643798828e+01
1.014155960083007812e+01
5.060057640075683594e+00
1.458784294128417969e+01
7.870165348052978516e+00
4.706882476806640625e+00
1.401500320434570312e+01
1.169022941589355469e+01
1.133874320983886719e+01
1.115363597869873047e+01
9.727776527404785156e+00
1.090270519256591797e+01
7.107726097106933594e+00
8.444579124450683594e+00
