3.891018390655517578e+00
3.482255697250366211e+00
8.002133369445800781e+00
9.299598693847656250e+00
1.038556671142578125e+01
1.030203437805175781e+01
4.974058151245117188e+00
9.971542358398437500e+00
4.637960910797119141e+00
3.601375341415405273e+00
1.135478496551513672e+01
1.133550167083740234e+01
1.166782855987548828e+01
8.972364425659179688e+00
1.115758705139160156e+01
1.025693130493164062e+01
9.012109756469726562e+00
1.201416492462158203e+01
1.453752708435058594e+01
8.689800262451171875e+00
1.147398185729980469e+01
1.145620727539062500e+01
9.197051048278808594e+00
1.084418010711669922e+01
7.930242061614990234e+00
1.069952011108398438e+01
1.157135581970214844e+01
9.086392402648925781e+00
1.190237140655517578e+01
9.296410560607910156e+00
1.318701267242431641e+01
1.322330379486083984e+01
1.022247886657714844e+01
8.212915420532226562e+00
1.131567382812500000e+01
1.171155357360839844e+01
1.026659202575683594e+01
7.938076019287109375e+00
1.053647518157958984e+01
9.496559143066406250e+00
1.155296516418457031e+01
1.111729526519775391e+01
1.134828472137451172e+01
1.184452152252197266e+01
1.512019729614257812e+01
1.180043506622314453e+01
1.292287540435791016e+01
1.017476940155029297e+01
3.927297830581665039e+00
1.166837406158447266e+01
1.102208042144775391e+01
1.599971771240234375e+01
4.524368286132812500e+00
1.131478595733642578e+01
9.347407341003417969e+00
9.414842605590820312e+00
1.032638359069824219e+01
9.654337882995605469e+00
9.821963310241699219e+00
8.142555236816406250e+00
1.008582878112792969e+01
1.140105628967285156e+01
1.332150936126708984e+01
8.489170074462890625e+00
1.380252647399902344e+01
7.684453487396240234e+00
1.269715499877929688e+01
9.308491706848144531e+00
9.359630584716796875e+00
5.500108718872070312e+00
1.301892566680908203e+01
1.095279693603515625e+01
1.194622611999511719e+01
1.077867984771728516e+01
1.030711460113525391e+01
9.533113479614257812e+00
1.056384658813476562e+01
1.039160728454589844e+01
1.006297397613525391e+01
7.845897197723388672e+00
9.043252944946289062e+00
8.433206558227539062e+00
1.159713935852050781e+01
1.060128974914550781e+01
1.272466754913330078e+01
8.606713294982910156e+00
1.067406082153320312e+01
8.099913597106933594e+00
1.339136886596679688e+01
5.733902454376220703e+00
1.251391696929931641e+01
1.209709835052490234e+01
1.179176902770996094e+01
1.118811416625976562e+01
4.925596237182617188e+00
9.802096366882324219e+00
1.426512050628662109e+01
1.162687206268310547e+01
1.014246845245361328e+01
8.814489364624023438e+00
9.472792625427246094e+00
7.190210819244384766e+00
1.048021316528320312e+01
1.131866073608398438e+01
1.273709774017333984e+01
1.313015174865722656e+01
1.100418186187744141e+01
9.994889259338378906e+00
4.216027736663818359e+00
5.818571567535400391e+00
1.169188690185546875e+01
1.292504596710205078e+01
1.244905567169189453e+01
1.200971317291259766e+01
1.034039402008056641e+01
9.399962425231933594e+00
5.312427520751953125e+00
9.184109687805175781e+00
1.203715705871582031e+01
1.019579792022705078e+01
1.251828956604003906e+01
8.397257804870605469e+00
9.580792427062988281e+00
1.228902244567871094e+01
1.119258594512939453e+01
8.709859848022460938e+00
9.899064064025878906e+00
7.793205738067626953e+00
1.466703987121582031e+01
1.070820903778076172e+01
7.336813926696777344e+00
9.666844367980957031e+00
1.139581775665283203e+01
1.035987567901611328e+01
1.289567089080810547e+01
8.214712142944335938e+00
1.102471446990966797e+01
1.141040134429931641e+01
1.256462764739990234e+01
9.998034477233886719e+00
9.546374320983886719e+00
8.565574645996093750e+00
1.284964275360107422e+01
9.783678054809570312e+00
1.152411460876464844e+01
1.191227912902832031e+01
7.483878135681152344e+00
1.212164688110351562e+01
9.910281181335449219e+00
4.238459110260009766e+00
7.387706756591796875e+00
1.179427719116210938e+01
1.188468551635742188e+01
1.302822875976562500e+01
1.021689319610595703e+01
1.112645721435546875e+01
1.387305355072021484e+01
1.080044460296630859e+01
1.134007644653320312e+01
5.346914768218994141e+00
9.316187858581542969e+00
1.260044193267822266e+01
1.090330028533935547e+01
4.006230831146240234e+00
1.084004116058349609e+01
1.034842205047607422e+01
8.776025772094726562e+00
1.247025775909423828e+01
5.368001461029052734e+00
8.861717224121093750e+00
9.752741813659667969e+00
1.096000862121582031e+01
1.104848861694335938e+01
1.106275844573974609e+01
9.785916328430175781e+00
9.843715667724609375e+00
9.198549270629882812e+00
7.059363842010498047e+00
1.117388916015625000e+01
1.057042503356933594e+01
1.114085865020751953e+01
8.587644577026367188e+00
8.579467773437500000e+00
8.582140922546386719e+00
1.215538501739501953e+01
1.016536808013916016e+01
1.022751808166503906e+01
9.257626533508300781e+00
8.564716339111328125e+00
9.650798797607421875e+00
1.252422237396240234e+01
8.638517379760742188e+00
9.611409187316894531e+00
1.346105480194091797e+01
7.742646694183349609e+00
1.076981830596923828e+01
1.119119262695312500e+01
4.714580059051513672e+00
1.205449295043945312e+01
7.959088802337646484e+00
1.055134582519531250e+01
7.645055770874023438e+00
1.217331695556640625e+01
8.785066604614257812e+00
1.222364425659179688e+01
1.079704570770263672e+01
1.054378128051757812e+01
1.142613792419433594e+01
1.153922271728515625e+01
9.367904663085937500e+00
9.193997383117675781e+00
9.279515266418457031e+00
3.412828207015991211e+00
9.170958518981933594e+00
1.369487476348876953e+01
1.185182666778564453e+01
1.186754512786865234e+01
9.242145538330078125e+00
8.459524154663085938e+00
9.957677841186523438e+00
1.163834381103515625e+01
1.053908443450927734e+01
9.522495269775390625e+00
7.445781707763671875e+00
1.151901435852050781e+01
1.110654067993164062e+01
9.937508583068847656e+00
1.052774906158447266e+01
1.211798191070556641e+01
8.818013191223144531e+00
1.392019844055175781e+01
9.663257598876953125e+00
1.514600563049316406e+01
8.408607482910156250e+00
1.046627807617187500e+01
1.132965850830078125e+01
1.147324275970458984e+01
1.042506408691406250e+01
7.624070167541503906e+00
7.409735202789306641e+00
1.118494033813476562e+01
8.213060379028320312e+00
1.067056179046630859e+01
9.201307296752929688e+00
3.375766754150390625e+00
8.323549270629882812e+00
1.272964382171630859e+01
1.049609088897705078e+01
1.298149585723876953e+01
1.077780437469482422e+01
