9.771772384643554688e+00
9.076549530029296875e+00
9.471457481384277344e+00
1.049080181121826172e+01
1.352989101409912109e+01
8.321316719055175781e+00
9.316411972045898438e+00
1.314548397064208984e+01
1.140905857086181641e+01
1.173211956024169922e+01
1.025542068481445312e+01
1.179815196990966797e+01
9.572325706481933594e+00
6.276136875152587891e+00
9.230583190917968750e+00
1.299293804168701172e+01
1.170494079589843750e+01
9.718117713928222656e+00
1.344204330444335938e+01
1.222479438781738281e+01
9.147142410278320312e+00
1.294829082489013672e+01
1.112858009338378906e+01
1.209685420989990234e+01
4.232868194580078125e+00
4.502541542053222656e+00
1.295511436462402344e+01
7.271277904510498047e+00
8.775019645690917969e+00
3.378681182861328125e+00
1.276993274688720703e+01
3.693776369094848633e+00
9.776385307312011719e+00
1.247329139709472656e+01
1.124043178558349609e+01
1.115873622894287109e+01
9.557454109191894531e+00
1.297098445892333984e+01
9.468758583068847656e+00
1.205835628509521484e+01
1.040500354766845703e+01
9.196860313415527344e+00
1.048524475097656250e+01
1.102602291107177734e+01
1.254729938507080078e+01
9.905321121215820312e+00
7.290334224700927734e+00
1.019926071166992188e+01
4.525952339172363281e+00
1.245124435424804688e+01
1.076630592346191406e+01
8.902475357055664062e+00
3.516228199005126953e+00
1.077508354187011719e+01
1.008576583862304688e+01
1.225967597961425781e+01
9.865962028503417969e+00
8.950394630432128906e+00
9.792482376098632812e+00
1.158333396911621094e+01
9.948895454406738281e+00
8.317417144775390625e+00
9.895176887512207031e+00
1.220545768737792969e+01
1.167647171020507812e+01
1.226294803619384766e+01
8.548692703247070312e+00
1.149964141845703125e+01
8.034588813781738281e+00
4.571527004241943359e+00
1.128962326049804688e+01
1.099647521972656250e+01
1.266174602508544922e+01
1.021502971649169922e+01
9.626107215881347656e+00
9.762254714965820312e+00
1.069558334350585938e+01
6.672021389007568359e+00
1.587099266052246094e+01
9.864543914794921875e+00
1.106966209411621094e+01
1.061962890625000000e+01
6.250178337097167969e+00
1.071621131896972656e+01
1.299072170257568359e+01
8.014013290405273438e+00
8.784667968750000000e+00
1.102465057373046875e+01
9.958017349243164062e+00
1.161933326721191406e+01
4.826416969299316406e+00
7.532410144805908203e+00
1.096625995635986328e+01
1.220913505554199219e+01
9.634268760681152344e+00
8.595627784729003906e+00
1.132255363464355469e+01
1.147745227813720703e+01
6.108232975006103516e+00
1.101967811584472656e+01
1.143439579010009766e+01
1.202243709564208984e+01
1.378937053680419922e+01
1.250428485870361328e+01
9.152070999145507812e+00
1.200057983398437500e+01
1.385858631134033203e+01
1.246511173248291016e+01
1.017196464538574219e+01
9.575307846069335938e+00
1.145219135284423828e+01
4.651793956756591797e+00
1.010589408874511719e+01
1.389706993103027344e+01
1.384746742248535156e+01
4.252304553985595703e+00
1.088887310028076172e+01
8.666939735412597656e+00
9.644597053527832031e+00
9.483404159545898438e+00
6.719417572021484375e+00
8.710534095764160156e+00
1.134026718139648438e+01
4.088133335113525391e+00
1.067831897735595703e+01
1.257653427124023438e+01
9.737169265747070312e+00
9.824092864990234375e+00
1.066958999633789062e+01
1.038937664031982422e+01
8.538702011108398438e+00
9.143964767456054688e+00
1.129090976715087891e+01
9.330759048461914062e+00
4.652666568756103516e+00
6.979216098785400391e+00
1.109769058227539062e+01
9.707796096801757812e+00
1.356176853179931641e+01
7.112752914428710938e+00
1.352466201782226562e+01
7.725008964538574219e+00
9.208026885986328125e+00
3.683486461639404297e+00
3.953789234161376953e+00
1.289925003051757812e+01
9.674986839294433594e+00
1.030874443054199219e+01
1.045553398132324219e+01
1.050316143035888672e+01
9.543728828430175781e+00
7.858549594879150391e+00
1.345777702331542969e+01
7.822801113128662109e+00
7.034726142883300781e+00
1.142750549316406250e+01
1.040620231628417969e+01
9.180243492126464844e+00
1.294925498962402344e+01
3.787886381149291992e+00
7.552346706390380859e+00
1.298316001892089844e+01
1.369608402252197266e+01
1.142225837707519531e+01
1.175702476501464844e+01
1.168558216094970703e+01
9.535310745239257812e+00
9.776571273803710938e+00
1.224689674377441406e+01
1.040659618377685547e+01
1.055755710601806641e+01
7.814453601837158203e+00
6.698406219482421875e+00
1.113760662078857422e+01
1.276056003570556641e+01
8.509963989257812500e+00
1.104118728637695312e+01
3.482432365417480469e+00
1.105635356903076172e+01
8.934792518615722656e+00
1.056982898712158203e+01
8.040722846984863281e+00
1.154150962829589844e+01
9.143484115600585938e+00
7.670415878295898438e+00
6.763604164123535156e+00
1.135250473022460938e+01
9.936878204345703125e+00
5.644934177398681641e+00
9.389595031738281250e+00
1.141445064544677734e+01
1.432940864562988281e+01
1.297792911529541016e+01
3.385710954666137695e+00
8.647517204284667969e+00
9.460048675537109375e+00
1.442143917083740234e+01
9.396903991699218750e+00
1.061146640777587891e+01
7.566363334655761719e+00
8.869346618652343750e+00
1.185792636871337891e+01
7.123982906341552734e+00
8.328495979309082031e+00
1.204589939117431641e+01
1.047467041015625000e+01
4.072559833526611328e+00
8.766115188598632812e+00
9.900553703308105469e+00
3.697779417037963867e+00
8.282750129699707031e+00
3.878318548202514648e+00
7.943177700042724609e+00
9.087401390075683594e+00
1.095209217071533203e+01
3.018262863159179688e+00
9.950780868530273438e+00
9.151213645935058594e+00
1.105092144012451172e+01
8.962640762329101562e+00
1.095074081420898438e+01
8.455665588378906250e+00
1.088140201568603516e+01
1.433565044403076172e+01
4.256800651550292969e+00
3.450623750686645508e+00
1.472726726531982422e+01
6.654202938079833984e+00
9.677532196044921875e+00
8.737723350524902344e+00
1.000614929199218750e+01
9.511375427246093750e+00
1.100184726715087891e+01
7.874760150909423828e+00
8.669824600219726562e+00
1.448666954040527344e+01
1.370608139038085938e+01
8.882559776306152344e+00
1.083602809906005859e+01
8.408966064453125000e+00
9.310755729675292969e+00
9.391003608703613281e+00
1.060604476928710938e+01
1.184775638580322266e+01
8.867227554321289062e+00
8.204825401306152344e+00
8.914684295654296875e+00
1.124351692199707031e+01
8.691954612731933594e+00
9.465756416320800781e+00
