1.472692108154296875e+01
1.057453632354736328e+01
1.142268562316894531e+01
8.167877197265625000e+00
1.214808845520019531e+01
1.199801540374755859e+01
7.439008235931396484e+00
1.221406650543212891e+01
1.322485923767089844e+01
9.429108619689941406e+00
9.815450668334960938e+00
1.045311927795410156e+01
4.170647144317626953e+00
3.376094818115234375e+00
1.342756366729736328e+01
4.031609058380126953e+00
7.181980133056640625e+00
8.815662384033203125e+00
7.001501560211181641e+00
8.695517539978027344e+00
1.272373294830322266e+01
1.347542095184326172e+01
1.218917083740234375e+01
9.074971199035644531e+00
1.360338115692138672e+01
1.192029953002929688e+01
1.106566333770751953e+01
1.229899024963378906e+01
7.526547908782958984e+00
8.687551498413085938e+00
1.031838512420654297e+01
2.978172779083251953e+00
1.351146602630615234e+01
1.491410160064697266e+01
1.265896701812744141e+01
7.895784378051757812e+00
1.023203277587890625e+01
1.159862422943115234e+01
9.981494903564453125e+00
7.887829780578613281e+00
1.205198669433593750e+01
9.900428771972656250e+00
1.139205074310302734e+01
1.127624416351318359e+01
7.464928150177001953e+00
9.862847328186035156e+00
1.136892700195312500e+01
1.058931636810302734e+01
9.463361740112304688e+00
9.716630935668945312e+00
1.192804336547851562e+01
1.384709739685058594e+01
1.123059463500976562e+01
8.934165954589843750e+00
1.352611923217773438e+01
1.102220916748046875e+01
1.034435749053955078e+01
1.072730731964111328e+01
1.321216678619384766e+01
1.470348262786865234e+01
1.165379428863525391e+01
1.189799785614013672e+01
9.667623519897460938e+00
1.449635887145996094e+01
9.791424751281738281e+00
1.255068683624267578e+01
3.617455244064331055e+00
1.282914543151855469e+01
7.832204341888427734e+00
8.832246780395507812e+00
9.343937873840332031e+00
9.137285232543945312e+00
9.714425086975097656e+00
1.248124408721923828e+01
1.480461978912353516e+01
1.083697128295898438e+01
8.374333381652832031e+00
1.275811672210693359e+01
1.332824039459228516e+01
1.066191291809082031e+01
9.846089363098144531e+00
1.048767662048339844e+01
9.854641914367675781e+00
9.898447036743164062e+00
1.199830913543701172e+01
3.152755975723266602e+00
1.227572059631347656e+01
1.254654216766357422e+01
3.716215372085571289e+00
7.826704502105712891e+00
5.540081501007080078e+00
1.069260978698730469e+01
7.597749710083007812e+00
1.079322528839111328e+01
1.370961284637451172e+01
3.353214263916015625e+00
9.025604248046875000e+00
1.576178550720214844e+01
8.329308509826660156e+00
1.073303699493408203e+01
6.902914047241210938e+00
9.526496887207031250e+00
1.126552200317382812e+01
8.056200027465820312e+00
1.027737045288085938e+01
1.394116497039794922e+01
1.081250667572021484e+01
1.094833755493164062e+01
1.523869323730468750e+01
8.834527015686035156e+00
1.335386085510253906e+01
8.386496543884277344e+00
3.620871543884277344e+00
3.642088174819946289e+00
1.064557933807373047e+01
1.119664096832275391e+01
1.260496711730957031e+01
3.635706424713134766e+00
1.170348453521728516e+01
9.347436904907226562e+00
1.194695472717285156e+01
1.052707672119140625e+01
1.061340522766113281e+01
1.181933498382568359e+01
9.421482086181640625e+00
5.919163227081298828e+00
1.004200935363769531e+01
1.380211925506591797e+01
1.114346504211425781e+01
1.347760963439941406e+01
9.990679740905761719e+00
1.070156002044677734e+01
5.501215934753417969e+00
1.013118171691894531e+01
9.432940483093261719e+00
1.085996723175048828e+01
1.333272171020507812e+01
7.436514377593994141e+00
5.269374370574951172e+00
1.486641407012939453e+01
1.143414592742919922e+01
5.229220390319824219e+00
9.687274932861328125e+00
1.258306789398193359e+01
1.180260658264160156e+01
1.318020820617675781e+01
1.378663158416748047e+01
9.930533409118652344e+00
9.895270347595214844e+00
9.779577255249023438e+00
1.279576873779296875e+01
8.471597671508789062e+00
8.780906677246093750e+00
9.608358383178710938e+00
1.147767829895019531e+01
6.985188961029052734e+00
9.990550041198730469e+00
1.185416412353515625e+01
1.340453433990478516e+01
1.266704559326171875e+01
1.089799308776855469e+01
1.026632881164550781e+01
1.019502258300781250e+01
1.126454162597656250e+01
1.161806964874267578e+01
1.185109519958496094e+01
7.205192565917968750e+00
4.298239707946777344e+00
8.303389549255371094e+00
9.651253700256347656e+00
7.006121635437011719e+00
9.902460098266601562e+00
1.258089065551757812e+01
7.774246215820312500e+00
1.106129360198974609e+01
1.236152076721191406e+01
1.199890041351318359e+01
1.234597873687744141e+01
1.727129554748535156e+01
4.213845252990722656e+00
1.131611537933349609e+01
4.884883403778076172e+00
8.344681739807128906e+00
1.034132194519042969e+01
1.215195846557617188e+01
1.441191768646240234e+01
8.031338691711425781e+00
9.000020027160644531e+00
1.416298103332519531e+01
8.336210250854492188e+00
6.759537696838378906e+00
9.879470825195312500e+00
1.117749404907226562e+01
7.987637519836425781e+00
1.126095867156982422e+01
1.280942344665527344e+01
1.195820236206054688e+01
9.160290718078613281e+00
1.328707504272460938e+01
9.487461090087890625e+00
7.424092292785644531e+00
1.150825309753417969e+01
6.891257286071777344e+00
1.306308174133300781e+01
1.162824344635009766e+01
5.843069076538085938e+00
1.447849941253662109e+01
1.097317218780517578e+01
1.549143886566162109e+01
8.791359901428222656e+00
1.029313659667968750e+01
8.451784133911132812e+00
1.070122718811035156e+01
1.464106750488281250e+01
1.048474693298339844e+01
8.716793060302734375e+00
1.242918777465820312e+01
1.292235660552978516e+01
1.392584323883056641e+01
1.013901042938232422e+01
1.141186428070068359e+01
1.286248207092285156e+01
1.089133071899414062e+01
4.521872997283935547e+00
1.114770603179931641e+01
5.179434776306152344e+00
1.131431770324707031e+01
8.981460571289062500e+00
1.157935047149658203e+01
8.754146575927734375e+00
1.010404872894287109e+01
1.117412090301513672e+01
8.603778839111328125e+00
1.190067863464355469e+01
9.117764472961425781e+00
1.008567142486572266e+01
9.956105232238769531e+00
1.094196891784667969e+01
1.055263137817382812e+01
9.583190917968750000e+00
1.360103702545166016e+01
8.377762794494628906e+00
9.767338752746582031e+00
1.032327556610107422e+01
9.700717926025390625e+00
1.208961296081542969e+01
1.442504596710205078e+01
1.501067733764648438e+01
1.263594341278076172e+01
8.800132751464843750e+00
