9.226390838623046875e+00
1.062543392181396484e+01
8.537337303161621094e+00
9.193157196044921875e+00
5.146508693695068359e+00
8.936741828918457031e+00
7.160616874694824219e+00
1.285653114318847656e+01
1.031990528106689453e+01
1.119832992553710938e+01
1.021852493286132812e+01
9.151082038879394531e+00
8.189816474914550781e+00
6.667418956756591797e+00
1.275650310516357422e+01
9.115983009338378906e+00
1.267216777801513672e+01
1.289588260650634766e+01
1.126047325134277344e+01
1.204813671112060547e+01
1.040848159790039062e+01
1.184865665435791016e+01
6.871510505676269531e+00
1.005224037170410156e+01
5.236567497253417969e+00
7.618141174316406250e+00
1.028094100952148438e+01
1.226900672912597656e+01
1.249091434478759766e+01
1.195408916473388672e+01
1.262695121765136719e+01
3.976292610168457031e+00
8.726451873779296875e+00
1.158951663970947266e+01
9.798499107360839844e+00
1.129808139801025391e+01
1.099314117431640625e+01
4.276027679443359375e+00
1.231318378448486328e+01
1.220930767059326172e+01
3.827298402786254883e+00
9.162030220031738281e+00
1.206572818756103516e+01
6.456479072570800781e+00
1.047127056121826172e+01
9.034522056579589844e+00
1.417334365844726562e+01
1.070593833923339844e+01
1.006268978118896484e+01
4.288059234619140625e+00
1.147911167144775391e+01
1.118079090118408203e+01
9.730802536010742188e+00
1.100051689147949219e+01
7.381446361541748047e+00
8.017708778381347656e+00
1.291334056854248047e+01
1.075215721130371094e+01
1.243608474731445312e+01
8.327750205993652344e+00
9.975987434387207031e+00
8.073247909545898438e+00
8.520675659179687500e+00
9.627018928527832031e+00
1.234583568572998047e+01
7.837382316589355469e+00
1.270905017852783203e+01
1.105123996734619141e+01
1.157031536102294922e+01
3.810126304626464844e+00
1.470214462280273438e+01
1.269472694396972656e+01
1.236263275146484375e+01
1.075425624847412109e+01
1.265358924865722656e+01
8.877408981323242188e+00
1.035144710540771484e+01
1.474503612518310547e+01
9.305868148803710938e+00
9.767433166503906250e+00
1.254545783996582031e+01
6.554850101470947266e+00
1.123096942901611328e+01
1.020042133331298828e+01
9.214424133300781250e+00
7.746562480926513672e+00
1.256899166107177734e+01
9.503326416015625000e+00
1.057131004333496094e+01
7.755696773529052734e+00
1.157287311553955078e+01
1.029443454742431641e+01
8.848650932312011719e+00
7.290946006774902344e+00
7.724916934967041016e+00
3.603782892227172852e+00
1.151763057708740234e+01
7.703681468963623047e+00
1.075816249847412109e+01
8.239166259765625000e+00
3.919528722763061523e+00
8.836278915405273438e+00
8.813851356506347656e+00
1.290541744232177734e+01
1.054187679290771484e+01
8.851372718811035156e+00
5.026227474212646484e+00
1.089772796630859375e+01
1.109101200103759766e+01
1.349478721618652344e+01
1.176687812805175781e+01
8.897090911865234375e+00
8.803969383239746094e+00
7.819501876831054688e+00
1.107158756256103516e+01
7.671903133392333984e+00
1.153271102905273438e+01
1.081131744384765625e+01
9.523661613464355469e+00
9.159820556640625000e+00
1.452970790863037109e+01
9.554289817810058594e+00
1.070719814300537109e+01
1.005532741546630859e+01
1.037124633789062500e+01
7.968639373779296875e+00
1.200585842132568359e+01
1.270414161682128906e+01
3.276958227157592773e+00
1.151356601715087891e+01
1.382798862457275391e+01
9.300906181335449219e+00
1.297509098052978516e+01
9.226340293884277344e+00
1.150685882568359375e+01
8.673148155212402344e+00
1.341294384002685547e+01
7.674405097961425781e+00
1.141377353668212891e+01
7.174961566925048828e+00
1.100063705444335938e+01
1.134643650054931641e+01
7.850694179534912109e+00
9.320650100708007812e+00
1.446748256683349609e+01
1.018437671661376953e+01
1.376750946044921875e+01
1.127815914154052734e+01
8.899739265441894531e+00
7.450299263000488281e+00
8.977635383605957031e+00
4.339005947113037109e+00
9.679512023925781250e+00
8.964283943176269531e+00
1.344006919860839844e+01
8.647583961486816406e+00
9.414046287536621094e+00
1.191510677337646484e+01
1.296865558624267578e+01
1.187495613098144531e+01
9.984982490539550781e+00
1.346261215209960938e+01
1.367184162139892578e+01
1.253740119934082031e+01
1.325501346588134766e+01
1.266324901580810547e+01
3.814507246017456055e+00
8.859148979187011719e+00
1.210136127471923828e+01
1.267189407348632812e+01
1.134706020355224609e+01
1.090945720672607422e+01
1.189508152008056641e+01
9.623110771179199219e+00
1.066363239288330078e+01
1.068476009368896484e+01
1.085757732391357422e+01
1.227719116210937500e+01
1.027460575103759766e+01
1.107071590423583984e+01
9.977691650390625000e+00
7.479326725006103516e+00
8.609089851379394531e+00
1.307140445709228516e+01
1.027218914031982422e+01
1.036595439910888672e+01
1.098033714294433594e+01
4.182892799377441406e+00
1.443035125732421875e+01
1.144487571716308594e+01
1.189544296264648438e+01
1.235412883758544922e+01
1.355741596221923828e+01
6.652099132537841797e+00
1.089289569854736328e+01
1.380461025238037109e+01
3.664927721023559570e+00
3.734321832656860352e+00
7.730237960815429688e+00
9.269977569580078125e+00
1.085383987426757812e+01
1.085284805297851562e+01
6.241146564483642578e+00
3.490627765655517578e+00
5.188180446624755859e+00
6.388898849487304688e+00
1.039861297607421875e+01
1.027761363983154297e+01
1.158159446716308594e+01
1.034451770782470703e+01
1.179948902130126953e+01
1.248485279083251953e+01
8.624224662780761719e+00
1.141312313079833984e+01
1.333289241790771484e+01
1.356583023071289062e+01
1.120929145812988281e+01
1.203870868682861328e+01
1.343853569030761719e+01
4.831761360168457031e+00
1.189840698242187500e+01
9.860367774963378906e+00
1.202488613128662109e+01
1.122923469543457031e+01
7.839081287384033203e+00
1.133517265319824219e+01
1.185886573791503906e+01
7.994258403778076172e+00
1.447777748107910156e+01
1.013645935058593750e+01
1.147325229644775391e+01
1.014844131469726562e+01
1.376495838165283203e+01
8.619986534118652344e+00
4.148849010467529297e+00
1.135405635833740234e+01
1.408372592926025391e+01
8.915718078613281250e+00
1.011270236968994141e+01
8.564788818359375000e+00
1.189953041076660156e+01
1.231873035430908203e+01
1.245675468444824219e+01
1.036695098876953125e+01
3.346575736999511719e+00
4.233412742614746094e+00
1.200836277008056641e+01
1.551526641845703125e+01
9.032778739929199219e+00
4.631124973297119141e+00
