1.220731163024902344e+01
1.193030929565429688e+01
1.551017951965332031e+01
1.107916641235351562e+01
1.219572830200195312e+01
4.440289974212646484e+00
1.104327011108398438e+01
9.156062126159667969e+00
1.039079570770263672e+01
1.076704216003417969e+01
9.265550613403320312e+00
1.393323993682861328e+01
9.183961868286132812e+00
1.252974987030029297e+01
1.365486907958984375e+01
1.026398849487304688e+01
1.087526416778564453e+01
9.322649955749511719e+00
1.049308872222900391e+01
4.303638458251953125e+00
1.101018142700195312e+01
7.611508846282958984e+00
8.896113395690917969e+00
4.706503391265869141e+00
1.474335575103759766e+01
1.182442378997802734e+01
1.504675197601318359e+01
4.332664489746093750e+00
1.044852542877197266e+01
1.018130111694335938e+01
1.275593852996826172e+01
8.238240242004394531e+00
1.126769733428955078e+01
1.315365600585937500e+01
1.288688278198242188e+01
1.391170787811279297e+01
9.302813529968261719e+00
1.289706897735595703e+01
1.350963687896728516e+01
8.597523689270019531e+00
1.052222251892089844e+01
9.093453407287597656e+00
1.040023136138916016e+01
1.267304611206054688e+01
1.272440910339355469e+01
1.121227741241455078e+01
1.107902431488037109e+01
1.011516952514648438e+01
1.001795291900634766e+01
9.883862495422363281e+00
8.556675910949707031e+00
1.173197078704833984e+01
1.272151756286621094e+01
1.090107822418212891e+01
1.093797779083251953e+01
8.833395957946777344e+00
1.367690658569335938e+01
1.040551376342773438e+01
1.257053375244140625e+01
5.015218734741210938e+00
1.001833915710449219e+01
5.471452713012695312e+00
1.009385204315185547e+01
9.816018104553222656e+00
9.741766929626464844e+00
1.480856227874755859e+01
1.309138011932373047e+01
9.914439201354980469e+00
1.347387123107910156e+01
7.990370750427246094e+00
6.968829154968261719e+00
4.032967090606689453e+00
9.624057769775390625e+00
1.102370738983154297e+01
1.323947811126708984e+01
1.262371158599853516e+01
8.646677017211914062e+00
1.331540489196777344e+01
1.138931655883789062e+01
4.349109649658203125e+00
1.041579627990722656e+01
1.448226356506347656e+01
1.627509880065917969e+01
9.834671974182128906e+00
1.011035537719726562e+01
1.105030155181884766e+01
9.255633354187011719e+00
4.310109138488769531e+00
9.038119316101074219e+00
1.121138858795166016e+01
1.060644435882568359e+01
9.516163825988769531e+00
1.449325656890869141e+01
8.967183113098144531e+00
3.203016519546508789e+00
1.263314247131347656e+01
6.843630313873291016e+00
1.159809398651123047e+01
9.504992485046386719e+00
1.081472587585449219e+01
9.076323509216308594e+00
1.078561973571777344e+01
1.026693916320800781e+01
4.532248020172119141e+00
1.056087398529052734e+01
1.144339752197265625e+01
1.350169181823730469e+01
9.679683685302734375e+00
9.802907943725585938e+00
9.500380516052246094e+00
1.044551849365234375e+01
1.138668441772460938e+01
1.006027793884277344e+01
9.541063308715820312e+00
9.225723266601562500e+00
7.752226352691650391e+00
8.612689971923828125e+00
1.554635238647460938e+01
1.050988578796386719e+01
9.736079216003417969e+00
1.293249225616455078e+01
1.219213294982910156e+01
1.024516105651855469e+01
3.990384578704833984e+00
1.115611171722412109e+01
1.352005290985107422e+01
9.003601074218750000e+00
1.161389636993408203e+01
1.006008911132812500e+01
9.824336051940917969e+00
8.968647003173828125e+00
1.070129585266113281e+01
1.100410079956054688e+01
9.136336326599121094e+00
1.121049976348876953e+01
7.820818424224853516e+00
1.259710979461669922e+01
9.655753135681152344e+00
8.156757354736328125e+00
8.424036979675292969e+00
9.906922340393066406e+00
1.081105327606201172e+01
1.307899379730224609e+01
4.227406978607177734e+00
7.482698440551757812e+00
1.209266948699951172e+01
1.013705730438232422e+01
1.138625240325927734e+01
7.243878841400146484e+00
1.147330570220947266e+01
9.280108451843261719e+00
1.115877532958984375e+01
9.103723526000976562e+00
8.087731361389160156e+00
9.201403617858886719e+00
8.847353935241699219e+00
1.050023365020751953e+01
1.428983116149902344e+01
1.252257251739501953e+01
1.097927761077880859e+01
1.066189098358154297e+01
1.425262928009033203e+01
1.637744712829589844e+01
1.084003353118896484e+01
3.779497146606445312e+00
4.911012649536132812e+00
1.114563369750976562e+01
6.851675033569335938e+00
1.166035842895507812e+01
1.061732292175292969e+01
8.535402297973632812e+00
1.089785003662109375e+01
1.080292987823486328e+01
4.239330291748046875e+00
1.023853683471679688e+01
9.897715568542480469e+00
8.410279273986816406e+00
3.901131153106689453e+00
1.324032211303710938e+01
8.596529006958007812e+00
1.390111064910888672e+01
1.027372837066650391e+01
4.771645069122314453e+00
8.237695693969726562e+00
1.046691608428955078e+01
1.152057552337646484e+01
1.138116836547851562e+01
9.214200973510742188e+00
9.243625640869140625e+00
1.036736297607421875e+01
1.072670555114746094e+01
1.429159069061279297e+01
9.942985534667968750e+00
7.675654888153076172e+00
1.260547161102294922e+01
1.390009021759033203e+01
1.287980270385742188e+01
1.160317897796630859e+01
1.142764759063720703e+01
9.486419677734375000e+00
9.452434539794921875e+00
1.008981418609619141e+01
1.137164020538330078e+01
1.119700145721435547e+01
1.130754375457763672e+01
8.104067802429199219e+00
1.152142238616943359e+01
7.281920909881591797e+00
8.688773155212402344e+00
9.677281379699707031e+00
6.129972457885742188e+00
8.435906410217285156e+00
1.214249420166015625e+01
3.947966098785400391e+00
1.100172424316406250e+01
7.832742214202880859e+00
1.076687717437744141e+01
9.914730072021484375e+00
8.533174514770507812e+00
7.371000766754150391e+00
1.270075988769531250e+01
1.006687068939208984e+01
1.009949207305908203e+01
4.340068817138671875e+00
9.879246711730957031e+00
1.105628967285156250e+01
1.269070911407470703e+01
8.206043243408203125e+00
1.006943416595458984e+01
9.269533157348632812e+00
1.183992958068847656e+01
9.811906814575195312e+00
9.742704391479492188e+00
1.134680366516113281e+01
1.053320217132568359e+01
1.055425167083740234e+01
5.616184711456298828e+00
9.563411712646484375e+00
1.254212951660156250e+01
3.502731561660766602e+00
1.199566268920898438e+01
1.019298267364501953e+01
1.199127674102783203e+01
9.287112236022949219e+00
9.013089179992675781e+00
9.288562774658203125e+00
1.086107158660888672e+01
1.168348693847656250e+01
1.047781467437744141e+01
8.888811111450195312e+00
