8.921154975891113281e+00
1.156414699554443359e+01
9.226423263549804688e+00
9.795645713806152344e+00
4.197896003723144531e+00
8.623860359191894531e+00
1.380996513366699219e+01
5.563067913055419922e+00
1.408260345458984375e+01
6.251841068267822266e+00
1.172500991821289062e+01
1.069412803649902344e+01
4.715793132781982422e+00
1.296230506896972656e+01
7.854477882385253906e+00
1.027322292327880859e+01
1.015985107421875000e+01
9.761779785156250000e+00
1.316637039184570312e+01
8.852626800537109375e+00
1.108378219604492188e+01
1.393210887908935547e+01
7.818734645843505859e+00
1.160155105590820312e+01
9.123726844787597656e+00
1.118958950042724609e+01
8.550163269042968750e+00
5.096518516540527344e+00
4.573228359222412109e+00
1.178501796722412109e+01
1.309433078765869141e+01
9.752445220947265625e+00
4.322337150573730469e+00
9.523384094238281250e+00
8.699279785156250000e+00
1.390444278717041016e+01
1.169559574127197266e+01
1.200234031677246094e+01
1.128599929809570312e+01
1.387168979644775391e+01
1.043854713439941406e+01
1.083337688446044922e+01
5.029273509979248047e+00
1.171381187438964844e+01
1.232907772064208984e+01
1.191530036926269531e+01
3.833745956420898438e+00
8.838477134704589844e+00
1.132121562957763672e+01
1.276976871490478516e+01
1.320195770263671875e+01
9.564489364624023438e+00
1.040633869171142578e+01
1.070175361633300781e+01
1.381253719329833984e+01
1.279355907440185547e+01
9.815324783325195312e+00
8.343365669250488281e+00
9.030854225158691406e+00
1.006463146209716797e+01
9.578066825866699219e+00
8.691834449768066406e+00
9.417913436889648438e+00
1.140801525115966797e+01
1.040869140625000000e+01
1.644325828552246094e+01
9.838702201843261719e+00
1.030812644958496094e+01
1.106141567230224609e+01
1.266595745086669922e+01
1.283604907989501953e+01
9.004409790039062500e+00
1.302404880523681641e+01
1.026512050628662109e+01
1.367437171936035156e+01
7.317735195159912109e+00
6.663477897644042969e+00
1.043722343444824219e+01
1.292465972900390625e+01
1.506370830535888672e+01
9.393141746520996094e+00
1.146376132965087891e+01
1.137327098846435547e+01
1.347523975372314453e+01
7.279458045959472656e+00
9.903376579284667969e+00
1.141095352172851562e+01
1.087335777282714844e+01
1.094990825653076172e+01
1.293718719482421875e+01
1.316184711456298828e+01
1.108257961273193359e+01
1.182540893554687500e+01
1.318398666381835938e+01
8.106772422790527344e+00
1.345825672149658203e+01
1.053840732574462891e+01
1.221063232421875000e+01
1.296822834014892578e+01
4.382377147674560547e+00
1.375594139099121094e+01
1.089504718780517578e+01
3.804932117462158203e+00
1.121250534057617188e+01
1.017393398284912109e+01
9.871400833129882812e+00
1.420622348785400391e+01
8.700963020324707031e+00
1.126467609405517578e+01
1.000872898101806641e+01
1.269309711456298828e+01
1.283820438385009766e+01
9.856046676635742188e+00
1.128485774993896484e+01
1.169826221466064453e+01
9.534871101379394531e+00
9.974676132202148438e+00
1.150251388549804688e+01
1.228680706024169922e+01
3.960830926895141602e+00
1.020908641815185547e+01
1.286157798767089844e+01
1.008293819427490234e+01
1.074523830413818359e+01
3.270456552505493164e+00
9.689612388610839844e+00
9.904447555541992188e+00
8.972308158874511719e+00
8.016327857971191406e+00
8.127231597900390625e+00
9.687912940979003906e+00
9.393240928649902344e+00
1.042222213745117188e+01
1.260390758514404297e+01
4.689901351928710938e+00
1.032115554809570312e+01
1.094293403625488281e+01
1.022601699829101562e+01
1.247659015655517578e+01
4.763684272766113281e+00
1.037888050079345703e+01
1.229140567779541016e+01
9.686630249023437500e+00
1.147246742248535156e+01
8.375435829162597656e+00
9.772417068481445312e+00
8.235212326049804688e+00
8.915653228759765625e+00
1.122669410705566406e+01
1.255596446990966797e+01
1.233524322509765625e+01
1.151977729797363281e+01
1.407892227172851562e+01
8.197740554809570312e+00
9.985518455505371094e+00
7.687667369842529297e+00
1.406190109252929688e+01
1.153192710876464844e+01
1.403544235229492188e+01
8.012009620666503906e+00
1.173552227020263672e+01
2.971679687500000000e+00
1.262891483306884766e+01
1.167203807830810547e+01
6.742835998535156250e+00
8.223591804504394531e+00
1.292557811737060547e+01
1.007099437713623047e+01
9.460709571838378906e+00
1.127439689636230469e+01
1.297280597686767578e+01
8.708203315734863281e+00
3.473571538925170898e+00
3.478057861328125000e+00
9.174610137939453125e+00
8.137227058410644531e+00
3.866245031356811523e+00
3.968712806701660156e+00
1.257399463653564453e+01
1.156452465057373047e+01
8.497086524963378906e+00
1.097208118438720703e+01
1.035899066925048828e+01
1.123642730712890625e+01
7.312517166137695312e+00
9.873852729797363281e+00
1.156031036376953125e+01
4.196613788604736328e+00
3.802757024765014648e+00
9.247940063476562500e+00
8.516178131103515625e+00
8.507584571838378906e+00
1.515740585327148438e+01
8.299084663391113281e+00
1.193898868560791016e+01
4.056691646575927734e+00
1.368178176879882812e+01
8.020834922790527344e+00
1.114428710937500000e+01
1.003761196136474609e+01
3.627813339233398438e+00
9.396242141723632812e+00
1.213683605194091797e+01
9.328389167785644531e+00
9.639454841613769531e+00
8.881641387939453125e+00
8.723497390747070312e+00
8.123888969421386719e+00
1.080485248565673828e+01
8.690882682800292969e+00
9.992339134216308594e+00
1.158333396911621094e+01
1.008747005462646484e+01
9.203390121459960938e+00
1.337294101715087891e+01
7.649890422821044922e+00
1.036993312835693359e+01
1.017380046844482422e+01
1.087008476257324219e+01
9.499004364013671875e+00
8.428724288940429688e+00
1.008158111572265625e+01
7.113751411437988281e+00
1.091570568084716797e+01
1.436587429046630859e+01
9.189255714416503906e+00
1.162593936920166016e+01
9.279863357543945312e+00
1.173101329803466797e+01
1.076459980010986328e+01
3.681874513626098633e+00
8.480614662170410156e+00
7.913049697875976562e+00
8.507638931274414062e+00
1.125870037078857422e+01
7.853835582733154297e+00
1.245864963531494141e+01
1.178738403320312500e+01
1.168029785156250000e+01
9.750263214111328125e+00
3.640322446823120117e+00
8.489734649658203125e+00
6.280864238739013672e+00
8.097437858581542969e+00
9.623830795288085938e+00
1.025023365020751953e+01
1.006533718109130859e+01
9.303928375244140625e+00
8.356328010559082031e+00
9.250318527221679688e+00
