3.687334299087524414e+00
1.340953350067138672e+01
1.134539604187011719e+01
8.733307838439941406e+00
9.195903778076171875e+00
1.015726566314697266e+01
1.081225967407226562e+01
1.301583480834960938e+01
1.244028854370117188e+01
9.225769996643066406e+00
1.064004993438720703e+01
1.264865589141845703e+01
8.221542358398437500e+00
7.816539287567138672e+00
5.516469478607177734e+00
1.164283847808837891e+01
9.676568984985351562e+00
1.154625129699707031e+01
6.816958904266357422e+00
1.240108299255371094e+01
1.218079662322998047e+01
1.036212921142578125e+01
1.116987800598144531e+01
1.133222961425781250e+01
9.845906257629394531e+00
9.109036445617675781e+00
1.234966564178466797e+01
1.000128555297851562e+01
1.314698410034179688e+01
1.022674083709716797e+01
1.025872135162353516e+01
3.610238075256347656e+00
1.319842529296875000e+01
1.252068996429443359e+01
1.344028282165527344e+01
1.192531776428222656e+01
3.873882770538330078e+00
1.157907485961914062e+01
1.160322189331054688e+01
9.324978828430175781e+00
1.073254108428955078e+01
8.976907730102539062e+00
1.441893768310546875e+01
1.066057777404785156e+01
1.030487632751464844e+01
1.069475269317626953e+01
4.393515110015869141e+00
4.522335529327392578e+00
1.105693817138671875e+01
1.236469841003417969e+01
1.031205558776855469e+01
9.709316253662109375e+00
1.031244850158691406e+01
1.205174350738525391e+01
1.135029315948486328e+01
1.180754280090332031e+01
1.035042190551757812e+01
8.839170455932617188e+00
1.060239791870117188e+01
8.366010665893554688e+00
1.090348434448242188e+01
1.081254673004150391e+01
1.065890216827392578e+01
8.328824996948242188e+00
1.496634483337402344e+01
1.055368041992187500e+01
1.193960285186767578e+01
4.234894752502441406e+00
1.212173271179199219e+01
1.318326950073242188e+01
1.234857273101806641e+01
9.778137207031250000e+00
9.437444686889648438e+00
1.293083667755126953e+01
9.208852767944335938e+00
1.108679008483886719e+01
1.157756042480468750e+01
8.988535881042480469e+00
1.166684246063232422e+01
9.198214530944824219e+00
3.972082614898681641e+00
1.306553363800048828e+01
9.925597190856933594e+00
3.156753063201904297e+00
9.626916885375976562e+00
9.598608970642089844e+00
7.127867698669433594e+00
9.047031402587890625e+00
1.116112899780273438e+01
1.175229167938232422e+01
1.124057579040527344e+01
1.034529685974121094e+01
7.925780296325683594e+00
9.862238883972167969e+00
7.915485858917236328e+00
1.221244335174560547e+01
9.988881111145019531e+00
9.204611778259277344e+00
1.018367004394531250e+01
1.076441383361816406e+01
1.102620124816894531e+01
9.859020233154296875e+00
1.114068794250488281e+01
1.164235210418701172e+01
1.225782203674316406e+01
1.018345546722412109e+01
1.063481140136718750e+01
1.163772583007812500e+01
1.001318550109863281e+01
1.121414184570312500e+01
1.151673221588134766e+01
9.959774971008300781e+00
9.379821777343750000e+00
7.318900108337402344e+00
7.471685886383056641e+00
1.025008296966552734e+01
1.217114162445068359e+01
7.195278167724609375e+00
9.351569175720214844e+00
8.425216674804687500e+00
8.297731399536132812e+00
4.392626285552978516e+00
1.353871726989746094e+01
9.564418792724609375e+00
1.287064552307128906e+01
7.578176021575927734e+00
8.334778785705566406e+00
4.561031818389892578e+00
1.410789299011230469e+01
1.196033477783203125e+01
9.416182518005371094e+00
7.844297885894775391e+00
9.672585487365722656e+00
1.050695037841796875e+01
9.160179138183593750e+00
8.335794448852539062e+00
9.300063133239746094e+00
1.103727054595947266e+01
8.325193405151367188e+00
1.083491325378417969e+01
3.960411310195922852e+00
1.170792865753173828e+01
3.460663795471191406e+00
1.112273788452148438e+01
1.002763080596923828e+01
1.166906261444091797e+01
1.045324516296386719e+01
8.333203315734863281e+00
1.261969852447509766e+01
1.302987289428710938e+01
3.945277452468872070e+00
1.124054050445556641e+01
9.370974540710449219e+00
1.396199893951416016e+01
8.713521003723144531e+00
3.983734607696533203e+00
1.369216442108154297e+01
1.262600517272949219e+01
1.132556724548339844e+01
9.970879554748535156e+00
9.649522781372070312e+00
1.035142517089843750e+01
8.535779953002929688e+00
1.229235839843750000e+01
1.189976119995117188e+01
1.073986148834228516e+01
9.072225570678710938e+00
7.816303730010986328e+00
1.176227951049804688e+01
4.831538200378417969e+00
1.118563747406005859e+01
7.464549064636230469e+00
1.071683979034423828e+01
4.609663486480712891e+00
1.021193313598632812e+01
4.347129344940185547e+00
1.108728981018066406e+01
1.083307361602783203e+01
1.182808303833007812e+01
1.043903636932373047e+01
7.908538341522216797e+00
1.051527214050292969e+01
1.102419567108154297e+01
1.215274524688720703e+01
1.073718070983886719e+01
1.072799873352050781e+01
1.461970424652099609e+01
1.009883975982666016e+01
1.507698917388916016e+01
7.566201210021972656e+00
1.081176471710205078e+01
1.076239681243896484e+01
1.223534107208251953e+01
1.195158386230468750e+01
1.410312080383300781e+01
7.833739280700683594e+00
1.193793964385986328e+01
9.242980957031250000e+00
9.287165641784667969e+00
1.305547428131103516e+01
8.373745918273925781e+00
8.873268127441406250e+00
1.121864509582519531e+01
1.112493801116943359e+01
1.347045516967773438e+01
6.653749465942382812e+00
1.356927394866943359e+01
9.813335418701171875e+00
1.034047698974609375e+01
1.054386901855468750e+01
6.903034687042236328e+00
1.048769664764404297e+01
1.190403270721435547e+01
8.578789710998535156e+00
4.641401290893554688e+00
3.632693529129028320e+00
7.264049530029296875e+00
1.094794082641601562e+01
1.473525142669677734e+01
9.614681243896484375e+00
1.078882217407226562e+01
1.025149345397949219e+01
3.559237718582153320e+00
1.098342895507812500e+01
7.882465839385986328e+00
1.026934528350830078e+01
1.070581626892089844e+01
1.019354152679443359e+01
1.081566905975341797e+01
1.077036094665527344e+01
7.036251544952392578e+00
9.749379158020019531e+00
4.071963310241699219e+00
1.056467914581298828e+01
1.107820510864257812e+01
8.165655136108398438e+00
4.454936981201171875e+00
6.746697902679443359e+00
7.542448043823242188e+00
1.105154037475585938e+01
9.177680969238281250e+00
1.261005496978759766e+01
9.306181907653808594e+00
8.522993087768554688e+00
1.437055206298828125e+01
8.757251739501953125e+00
9.899238586425781250e+00
9.612212181091308594e+00
1.183855533599853516e+01
9.773235321044921875e+00
