9.769127845764160156e+00
9.644657135009765625e+00
9.636628150939941406e+00
9.048709869384765625e+00
9.872082710266113281e+00
8.793353080749511719e+00
9.023341178894042969e+00
1.438084697723388672e+01
8.385380744934082031e+00
1.172272777557373047e+01
1.197807788848876953e+01
9.532861709594726562e+00
1.132579421997070312e+01
8.752530097961425781e+00
6.272283554077148438e+00
1.013838577270507812e+01
1.144523143768310547e+01
1.103699684143066406e+01
8.858398437500000000e+00
4.482364654541015625e+00
9.906286239624023438e+00
8.954987525939941406e+00
1.008354854583740234e+01
1.298654270172119141e+01
7.429943561553955078e+00
8.545438766479492188e+00
8.973834037780761719e+00
9.773147583007812500e+00
1.447981929779052734e+01
9.653296470642089844e+00
1.229902172088623047e+01
9.217104911804199219e+00
1.126876449584960938e+01
9.628268241882324219e+00
1.108680915832519531e+01
9.539882659912109375e+00
1.235698413848876953e+01
1.370050144195556641e+01
1.503536319732666016e+01
9.400539398193359375e+00
6.912834644317626953e+00
8.837542533874511719e+00
3.631152391433715820e+00
5.801690578460693359e+00
4.794030666351318359e+00
1.248620796203613281e+01
1.070744800567626953e+01
1.030276870727539062e+01
8.488231658935546875e+00
1.033060264587402344e+01
1.044034957885742188e+01
1.312614345550537109e+01
1.069429016113281250e+01
1.255380058288574219e+01
3.406053543090820312e+00
8.560388565063476562e+00
1.191602134704589844e+01
8.470707893371582031e+00
8.196434974670410156e+00
1.072350406646728516e+01
1.458043289184570312e+01
1.275236892700195312e+01
1.026368522644042969e+01
1.029542446136474609e+01
1.041199684143066406e+01
4.285540580749511719e+00
8.711966514587402344e+00
9.544842720031738281e+00
8.791341781616210938e+00
4.227516174316406250e+00
1.043072128295898438e+01
8.690217018127441406e+00
3.902581453323364258e+00
1.023887538909912109e+01
9.748515129089355469e+00
1.187667846679687500e+01
1.073809146881103516e+01
3.867040634155273438e+00
7.533499717712402344e+00
8.087214469909667969e+00
9.851346015930175781e+00
5.081045627593994141e+00
9.891470909118652344e+00
7.771381378173828125e+00
4.484532833099365234e+00
1.134192276000976562e+01
4.282086849212646484e+00
5.621652603149414062e+00
1.423228836059570312e+01
1.300243186950683594e+01
1.116818141937255859e+01
1.196905612945556641e+01
1.156825733184814453e+01
1.031919097900390625e+01
1.385090827941894531e+01
1.030637741088867188e+01
1.252640056610107422e+01
1.209897518157958984e+01
9.561511039733886719e+00
1.016625785827636719e+01
7.899316310882568359e+00
1.032388401031494141e+01
9.112135887145996094e+00
1.124252605438232422e+01
1.330719757080078125e+01
9.808748245239257812e+00
1.314893531799316406e+01
5.304547309875488281e+00
1.027648258209228516e+01
1.257608890533447266e+01
1.161178779602050781e+01
1.118782520294189453e+01
5.513173103332519531e+00
1.255672550201416016e+01
8.208137512207031250e+00
1.083737754821777344e+01
1.158911323547363281e+01
1.255001926422119141e+01
1.288961315155029297e+01
9.645199775695800781e+00
8.502894401550292969e+00
8.567413330078125000e+00
1.136156082153320312e+01
9.643263816833496094e+00
1.231774902343750000e+01
9.864765167236328125e+00
9.211964607238769531e+00
5.539726734161376953e+00
4.695269107818603516e+00
1.433559036254882812e+01
1.252205181121826172e+01
1.261725521087646484e+01
1.152851772308349609e+01
1.418231201171875000e+01
1.060820484161376953e+01
1.149677371978759766e+01
1.177161216735839844e+01
1.132109260559082031e+01
8.071880340576171875e+00
9.798458099365234375e+00
1.034954452514648438e+01
8.946603775024414062e+00
9.636337280273437500e+00
3.932025194168090820e+00
3.743987083435058594e+00
1.061802577972412109e+01
1.101597023010253906e+01
8.908947944641113281e+00
1.718803024291992188e+01
1.030055713653564453e+01
1.289910030364990234e+01
4.522954463958740234e+00
1.182626819610595703e+01
1.161168193817138672e+01
1.191773033142089844e+01
1.205798912048339844e+01
3.370304822921752930e+00
1.057207489013671875e+01
1.004492568969726562e+01
5.205480098724365234e+00
1.262897300720214844e+01
1.071746349334716797e+01
9.174644470214843750e+00
1.249720954895019531e+01
1.034628772735595703e+01
1.322297000885009766e+01
9.413022994995117188e+00
1.116805744171142578e+01
1.286913013458251953e+01
1.115659427642822266e+01
1.627166938781738281e+01
9.667722702026367188e+00
1.019034194946289062e+01
9.599890708923339844e+00
1.026111698150634766e+01
4.968892097473144531e+00
1.092644214630126953e+01
9.017527580261230469e+00
1.198045730590820312e+01
1.189577484130859375e+01
1.310996246337890625e+01
1.320438957214355469e+01
1.488879776000976562e+01
1.019508266448974609e+01
8.873170852661132812e+00
8.050436973571777344e+00
1.353514194488525391e+01
1.290504360198974609e+01
9.833930969238281250e+00
1.269726181030273438e+01
9.876376152038574219e+00
9.340528488159179688e+00
8.790152549743652344e+00
1.064198398590087891e+01
1.141097736358642578e+01
1.155952072143554688e+01
1.310335254669189453e+01
1.360669994354248047e+01
1.111393928527832031e+01
1.295873069763183594e+01
1.078011417388916016e+01
1.440326690673828125e+01
1.266489887237548828e+01
1.440639686584472656e+01
1.123862934112548828e+01
1.376854038238525391e+01
8.865187644958496094e+00
1.441628456115722656e+01
1.421071243286132812e+01
8.752066612243652344e+00
8.021405220031738281e+00
3.650641202926635742e+00
1.122416782379150391e+01
9.848070144653320312e+00
3.408147811889648438e+00
9.199612617492675781e+00
9.287254333496093750e+00
1.106268978118896484e+01
1.268493843078613281e+01
6.094501018524169922e+00
4.866381168365478516e+00
9.401164054870605469e+00
9.092020034790039062e+00
1.012031841278076172e+01
1.212505149841308594e+01
1.207531166076660156e+01
9.715865135192871094e+00
1.308430194854736328e+01
7.487423896789550781e+00
5.523256301879882812e+00
9.584522247314453125e+00
4.832919120788574219e+00
7.916896820068359375e+00
9.756134033203125000e+00
1.242333889007568359e+01
1.402580165863037109e+01
8.603024482727050781e+00
1.204930496215820312e+01
1.210669994354248047e+01
1.104522037506103516e+01
1.221161842346191406e+01
7.423121929168701172e+00
1.353578281402587891e+01
1.052892303466796875e+01
1.091918754577636719e+01
1.082032108306884766e+01
1.041813373565673828e+01
9.983093261718750000e+00
1.149993610382080078e+01
1.219763183593750000e+01
