8.648512840270996094e+00
9.258398056030273438e+00
7.393421173095703125e+00
9.819006919860839844e+00
1.145411682128906250e+01
1.385457515716552734e+01
1.031950664520263672e+01
8.759677886962890625e+00
8.886333465576171875e+00
7.197325229644775391e+00
8.740468978881835938e+00
3.588396072387695312e+00
1.434593009948730469e+01
8.730997085571289062e+00
7.330715656280517578e+00
1.222781085968017578e+01
1.451101207733154297e+01
1.438688564300537109e+01
1.236408615112304688e+01
9.190804481506347656e+00
6.030368328094482422e+00
6.699751853942871094e+00
8.931346893310546875e+00
9.674757003784179688e+00
3.986976146697998047e+00
1.028946113586425781e+01
8.844955444335937500e+00
7.825734138488769531e+00
1.136060810089111328e+01
1.104917907714843750e+01
1.178487205505371094e+01
4.828334808349609375e+00
9.968417167663574219e+00
1.031330490112304688e+01
9.939208030700683594e+00
9.955985069274902344e+00
1.013879299163818359e+01
9.750364303588867188e+00
9.940492630004882812e+00
1.082036018371582031e+01
1.219091987609863281e+01
1.171723747253417969e+01
5.255522251129150391e+00
9.307138442993164062e+00
7.168168067932128906e+00
1.126343250274658203e+01
9.470528602600097656e+00
1.146576976776123047e+01
1.303549003601074219e+01
8.768898010253906250e+00
1.144812488555908203e+01
4.496532917022705078e+00
8.218885421752929688e+00
3.459037065505981445e+00
1.089317512512207031e+01
3.983248472213745117e+00
1.093469238281250000e+01
6.957357883453369141e+00
1.220007991790771484e+01
1.320470142364501953e+01
8.135503768920898438e+00
9.334549903869628906e+00
1.298537254333496094e+01
8.286741256713867188e+00
1.084609794616699219e+01
1.090749740600585938e+01
9.538022994995117188e+00
1.190403747558593750e+01
1.294027328491210938e+01
7.833484172821044922e+00
1.004844570159912109e+01
1.007380676269531250e+01
1.526792144775390625e+01
1.038566780090332031e+01
1.025494384765625000e+01
1.176026535034179688e+01
1.169452857971191406e+01
1.062821006774902344e+01
1.023249053955078125e+01
1.204769229888916016e+01
1.166601753234863281e+01
9.555478096008300781e+00
1.447567558288574219e+01
1.076584243774414062e+01
9.519937515258789062e+00
3.905961036682128906e+00
1.343308734893798828e+01
3.379582405090332031e+00
7.006788253784179688e+00
1.067881870269775391e+01
1.041566848754882812e+01
1.155967235565185547e+01
1.086336231231689453e+01
9.630031585693359375e+00
1.308763599395751953e+01
9.125553131103515625e+00
1.152910709381103516e+01
1.147292041778564453e+01
8.125395774841308594e+00
1.182286548614501953e+01
1.150188541412353516e+01
1.066285991668701172e+01
9.546882629394531250e+00
1.162867450714111328e+01
9.507452011108398438e+00
1.216450309753417969e+01
1.127705287933349609e+01
1.090233039855957031e+01
1.215183162689208984e+01
1.108077335357666016e+01
7.628284931182861328e+00
1.021079540252685547e+01
1.006603336334228516e+01
8.660126686096191406e+00
3.871539592742919922e+00
1.208567905426025391e+01
5.576448440551757812e+00
9.658052444458007812e+00
3.103960752487182617e+00
1.203024768829345703e+01
1.209896850585937500e+01
1.228195476531982422e+01
4.162844657897949219e+00
8.234319686889648438e+00
1.162265968322753906e+01
9.464009284973144531e+00
1.085575771331787109e+01
1.019159412384033203e+01
1.312947559356689453e+01
1.086383819580078125e+01
7.851513385772705078e+00
4.226243019104003906e+00
1.181402587890625000e+01
1.264723491668701172e+01
1.169913101196289062e+01
8.667265892028808594e+00
1.208177471160888672e+01
1.154498291015625000e+01
1.050193977355957031e+01
3.666815519332885742e+00
1.245193004608154297e+01
1.021451473236083984e+01
1.037470149993896484e+01
1.003160572052001953e+01
8.464896202087402344e+00
8.682112693786621094e+00
1.168340492248535156e+01
1.071473026275634766e+01
1.147300338745117188e+01
1.178073978424072266e+01
1.179707717895507812e+01
1.259134292602539062e+01
1.181878280639648438e+01
1.101651763916015625e+01
6.973515033721923828e+00
1.108777236938476562e+01
8.560625076293945312e+00
1.100080776214599609e+01
4.508221626281738281e+00
8.855058670043945312e+00
1.290423965454101562e+01
1.114926147460937500e+01
1.121259784698486328e+01
9.895422935485839844e+00
1.043738269805908203e+01
1.156003379821777344e+01
1.455865287780761719e+01
1.211606311798095703e+01
1.377266883850097656e+01
8.370725631713867188e+00
9.797274589538574219e+00
1.071818351745605469e+01
1.031268501281738281e+01
9.652859687805175781e+00
9.367394447326660156e+00
1.051772022247314453e+01
1.072881793975830078e+01
6.133995056152343750e+00
8.773638725280761719e+00
1.322580337524414062e+01
4.856250762939453125e+00
1.269598770141601562e+01
8.733121871948242188e+00
9.031385421752929688e+00
9.990476608276367188e+00
1.289914798736572266e+01
3.622459888458251953e+00
7.622601509094238281e+00
1.064951038360595703e+01
1.038396644592285156e+01
1.080000019073486328e+01
7.619295597076416016e+00
1.015918731689453125e+01
1.298801326751708984e+01
1.241627311706542969e+01
1.206332302093505859e+01
8.531113624572753906e+00
1.191890621185302734e+01
9.408921241760253906e+00
1.043796730041503906e+01
1.421251392364501953e+01
1.420061588287353516e+01
1.233737182617187500e+01
8.678948402404785156e+00
1.417736434936523438e+01
1.010056400299072266e+01
1.111950206756591797e+01
7.321235656738281250e+00
1.011983585357666016e+01
1.186806869506835938e+01
1.046955394744873047e+01
1.206949996948242188e+01
1.130845451354980469e+01
1.087546825408935547e+01
9.091383934020996094e+00
1.002764892578125000e+01
1.201455497741699219e+01
1.192608356475830078e+01
1.249569606781005859e+01
1.187972831726074219e+01
1.301892566680908203e+01
5.928955554962158203e+00
8.266350746154785156e+00
1.132329654693603516e+01
1.130760669708251953e+01
5.495471000671386719e+00
1.101221466064453125e+01
1.344515323638916016e+01
1.198114109039306641e+01
9.544144630432128906e+00
1.178672122955322266e+01
8.750125885009765625e+00
1.378855609893798828e+01
1.008613777160644531e+01
1.066241550445556641e+01
1.215219020843505859e+01
4.706804275512695312e+00
1.407602977752685547e+01
1.026733779907226562e+01
9.917807579040527344e+00
1.307142257690429688e+01
1.147040843963623047e+01
1.115342903137207031e+01
8.458692550659179688e+00
1.010069179534912109e+01
8.357329368591308594e+00
1.130867004394531250e+01
7.561105728149414062e+00
1.322243118286132812e+01
1.152369594573974609e+01
