3.518160820007324219e+00
1.139575004577636719e+01
9.439101219177246094e+00
1.132886219024658203e+01
1.101490116119384766e+01
9.374459266662597656e+00
9.606027603149414062e+00
7.874536991119384766e+00
9.819292068481445312e+00
1.198077106475830078e+01
6.958776473999023438e+00
8.586798667907714844e+00
7.791654586791992188e+00
8.452620506286621094e+00
1.099392986297607422e+01
9.720817565917968750e+00
1.140003395080566406e+01
1.030721569061279297e+01
1.149040794372558594e+01
9.306621551513671875e+00
9.887757301330566406e+00
1.000205707550048828e+01
1.291757869720458984e+01
1.057732391357421875e+01
1.008372211456298828e+01
9.194729804992675781e+00
1.254067039489746094e+01
4.891294956207275391e+00
7.686795234680175781e+00
1.113015079498291016e+01
9.507406234741210938e+00
1.163493156433105469e+01
8.593082427978515625e+00
9.335034370422363281e+00
4.050180912017822266e+00
9.497822761535644531e+00
1.150777435302734375e+01
8.927453994750976562e+00
9.239386558532714844e+00
1.346480464935302734e+01
9.614236831665039062e+00
8.373565673828125000e+00
9.726498603820800781e+00
8.351896286010742188e+00
1.372071838378906250e+01
1.245434379577636719e+01
9.942982673645019531e+00
1.026840496063232422e+01
1.158701610565185547e+01
4.437497138977050781e+00
8.158227920532226562e+00
1.191022396087646484e+01
1.374390316009521484e+01
1.345409679412841797e+01
1.051581954956054688e+01
4.191627025604248047e+00
1.034543132781982422e+01
1.260047245025634766e+01
1.020947933197021484e+01
4.232134342193603516e+00
1.206858539581298828e+01
1.282252216339111328e+01
3.907551288604736328e+00
8.034741401672363281e+00
1.175677871704101562e+01
1.151094150543212891e+01
1.066749191284179688e+01
8.499196052551269531e+00
9.374292373657226562e+00
1.099612331390380859e+01
9.048244476318359375e+00
1.295969295501708984e+01
1.260607814788818359e+01
4.036656379699707031e+00
3.306698799133300781e+00
1.141060161590576172e+01
4.024385452270507812e+00
7.328172683715820312e+00
1.069846820831298828e+01
9.531457901000976562e+00
1.260797405242919922e+01
1.159968376159667969e+01
1.055008316040039062e+01
8.930698394775390625e+00
1.183024120330810547e+01
1.101871204376220703e+01
5.401393890380859375e+00
1.114758682250976562e+01
1.171233367919921875e+01
6.770363330841064453e+00
9.826064109802246094e+00
1.120244693756103516e+01
1.108700656890869141e+01
1.381719112396240234e+01
8.289354324340820312e+00
1.122715759277343750e+01
1.053200817108154297e+01
1.069569015502929688e+01
9.396491050720214844e+00
1.081383132934570312e+01
1.136814212799072266e+01
7.584398746490478516e+00
4.181613445281982422e+00
1.245655441284179688e+01
1.014663124084472656e+01
8.155964851379394531e+00
1.118387889862060547e+01
1.057054138183593750e+01
5.466903209686279297e+00
5.208799362182617188e+00
1.160698795318603516e+01
1.236082649230957031e+01
4.284284591674804688e+00
1.125705814361572266e+01
9.664642333984375000e+00
9.916445732116699219e+00
1.025692844390869141e+01
1.004583740234375000e+01
1.122332096099853516e+01
8.223094940185546875e+00
8.684677124023437500e+00
8.636024475097656250e+00
8.281681060791015625e+00
1.156621646881103516e+01
1.007417011260986328e+01
8.131517410278320312e+00
8.150653839111328125e+00
1.315853214263916016e+01
1.272847270965576172e+01
4.283415317535400391e+00
1.117702388763427734e+01
1.363929653167724609e+01
1.511424636840820312e+01
1.287458324432373047e+01
3.944911003112792969e+00
1.088848972320556641e+01
9.323759078979492188e+00
1.014836120605468750e+01
5.374557971954345703e+00
1.025971031188964844e+01
1.354613590240478516e+01
1.002281093597412109e+01
8.728665351867675781e+00
1.302434253692626953e+01
8.023897171020507812e+00
1.019258499145507812e+01
8.844009399414062500e+00
8.642382621765136719e+00
5.692491054534912109e+00
9.992936134338378906e+00
1.235386276245117188e+01
1.126063919067382812e+01
9.158600807189941406e+00
8.131540298461914062e+00
1.586157226562500000e+01
8.708203315734863281e+00
1.086318683624267578e+01
1.270232772827148438e+01
3.580991268157958984e+00
5.336803913116455078e+00
9.074273109436035156e+00
1.341468906402587891e+01
1.570235824584960938e+01
1.092540359497070312e+01
4.317816257476806641e+00
8.678562164306640625e+00
1.070287418365478516e+01
1.118531990051269531e+01
9.504323005676269531e+00
1.001477432250976562e+01
6.961304664611816406e+00
9.646959304809570312e+00
8.576875686645507812e+00
1.075610160827636719e+01
1.554516220092773438e+01
9.854711532592773438e+00
9.889838218688964844e+00
9.842393875122070312e+00
7.786666870117187500e+00
1.373159313201904297e+01
9.439582824707031250e+00
1.154204273223876953e+01
9.152426719665527344e+00
1.128936672210693359e+01
1.035287857055664062e+01
1.104945278167724609e+01
1.141554260253906250e+01
1.206641101837158203e+01
1.139683151245117188e+01
4.849501609802246094e+00
9.720925331115722656e+00
9.593352317810058594e+00
1.212562942504882812e+01
1.087932491302490234e+01
8.345964431762695312e+00
1.171705436706542969e+01
1.299860191345214844e+01
1.046849918365478516e+01
7.449143409729003906e+00
1.237197685241699219e+01
1.073709774017333984e+01
1.107683086395263672e+01
1.221960067749023438e+01
8.862136840820312500e+00
3.151994943618774414e+00
1.355961418151855469e+01
4.916545867919921875e+00
1.206120300292968750e+01
8.047307014465332031e+00
9.271493911743164062e+00
1.327411556243896484e+01
5.112985610961914062e+00
1.410187149047851562e+01
1.076859283447265625e+01
1.024408912658691406e+01
1.440086555480957031e+01
1.080445098876953125e+01
5.005083084106445312e+00
1.402056789398193359e+01
1.347135448455810547e+01
1.315399932861328125e+01
5.626443862915039062e+00
5.998349189758300781e+00
1.189558029174804688e+01
9.885847091674804688e+00
9.686086654663085938e+00
9.986026763916015625e+00
9.450469970703125000e+00
1.284283065795898438e+01
1.161571598052978516e+01
8.751553535461425781e+00
9.221318244934082031e+00
1.280804061889648438e+01
9.217201232910156250e+00
1.155268573760986328e+01
1.253891181945800781e+01
5.059936046600341797e+00
9.921323776245117188e+00
7.532262325286865234e+00
9.170040130615234375e+00
1.155195808410644531e+01
1.084973812103271484e+01
1.231732177734375000e+01
9.151230812072753906e+00
9.744453430175781250e+00
1.001459980010986328e+01
1.288699722290039062e+01
1.266936397552490234e+01
1.360419464111328125e+01
1.416691398620605469e+01
