1.307882595062255859e+01
1.012985706329345703e+01
1.272270584106445312e+01
8.730218887329101562e+00
1.350614929199218750e+01
1.014141559600830078e+01
7.858119487762451172e+00
8.678490638732910156e+00
5.908506393432617188e+00
1.158365821838378906e+01
1.152919006347656250e+01
1.041904067993164062e+01
3.221610784530639648e+00
9.325618743896484375e+00
1.338726234436035156e+01
4.741972923278808594e+00
1.226699829101562500e+01
1.315007972717285156e+01
9.616674423217773438e+00
1.420202827453613281e+01
8.993314743041992188e+00
9.664861679077148438e+00
1.228341484069824219e+01
1.131788349151611328e+01
7.650372505187988281e+00
9.516880989074707031e+00
1.271940040588378906e+01
9.186881065368652344e+00
1.196174335479736328e+01
1.169154453277587891e+01
1.120190334320068359e+01
1.082575702667236328e+01
1.201238918304443359e+01
8.883012771606445312e+00
1.590746307373046875e+01
1.026229572296142578e+01
1.258915901184082031e+01
1.054743099212646484e+01
1.176249408721923828e+01
7.362588405609130859e+00
7.174751758575439453e+00
7.921584129333496094e+00
1.002483940124511719e+01
9.253057479858398438e+00
8.394469261169433594e+00
5.508998394012451172e+00
9.118965148925781250e+00
4.219695091247558594e+00
6.543165683746337891e+00
9.426024436950683594e+00
8.630449295043945312e+00
1.091203117370605469e+01
9.477972984313964844e+00
1.105483436584472656e+01
7.847649574279785156e+00
7.230007171630859375e+00
1.225935077667236328e+01
9.588997840881347656e+00
1.159932994842529297e+01
8.867030143737792969e+00
8.780297279357910156e+00
1.082803821563720703e+01
1.138495063781738281e+01
1.001008987426757812e+01
1.263915634155273438e+01
1.125900936126708984e+01
9.126918792724609375e+00
9.990796089172363281e+00
1.417594718933105469e+01
1.050833225250244141e+01
1.007089328765869141e+01
1.132007884979248047e+01
9.896203041076660156e+00
1.360654354095458984e+01
1.068825054168701172e+01
1.267900085449218750e+01
1.065388488769531250e+01
1.246069335937500000e+01
1.308699226379394531e+01
1.268116378784179688e+01
1.031227111816406250e+01
1.092281818389892578e+01
8.463915824890136719e+00
3.947490692138671875e+00
1.064802646636962891e+01
1.082358074188232422e+01
3.648568153381347656e+00
1.011323547363281250e+01
1.076866722106933594e+01
8.832929611206054688e+00
7.510503292083740234e+00
1.141232776641845703e+01
1.322873592376708984e+01
9.543045043945312500e+00
5.370109558105468750e+00
9.210398674011230469e+00
9.851904869079589844e+00
1.062630558013916016e+01
9.896053314208984375e+00
7.282085895538330078e+00
8.974067687988281250e+00
1.125876903533935547e+01
1.088619518280029297e+01
3.825795173645019531e+00
1.253474140167236328e+01
1.194469165802001953e+01
9.670346260070800781e+00
1.137585067749023438e+01
9.083263397216796875e+00
1.081700515747070312e+01
5.443301200866699219e+00
1.072984504699707031e+01
1.015605354309082031e+01
9.355803489685058594e+00
1.018842315673828125e+01
9.214565277099609375e+00
7.621120452880859375e+00
1.100396060943603516e+01
1.405784988403320312e+01
7.504197597503662109e+00
9.250663757324218750e+00
1.209265804290771484e+01
3.704950571060180664e+00
3.963198661804199219e+00
9.653410911560058594e+00
1.298539352416992188e+01
1.318628978729248047e+01
1.096044349670410156e+01
1.060869503021240234e+01
9.132668495178222656e+00
9.835515975952148438e+00
1.022269821166992188e+01
1.109055995941162109e+01
9.626476287841796875e+00
7.692382812500000000e+00
1.399739074707031250e+01
3.634505033493041992e+00
9.766428947448730469e+00
8.176578521728515625e+00
1.038755416870117188e+01
8.954423904418945312e+00
7.645328998565673828e+00
7.246494770050048828e+00
1.244850444793701172e+01
1.016826057434082031e+01
7.440529823303222656e+00
1.237537193298339844e+01
1.064107704162597656e+01
1.310647392272949219e+01
1.109086704254150391e+01
1.208768558502197266e+01
4.350156307220458984e+00
1.106668090820312500e+01
9.017789840698242188e+00
4.526543140411376953e+00
1.106114578247070312e+01
1.281629371643066406e+01
8.112916946411132812e+00
1.133715057373046875e+01
3.969255208969116211e+00
1.111661720275878906e+01
7.974770069122314453e+00
4.238219738006591797e+00
8.467926025390625000e+00
1.127761650085449219e+01
1.065311717987060547e+01
4.351541996002197266e+00
9.665052413940429688e+00
6.624990940093994141e+00
1.045439624786376953e+01
1.427236557006835938e+01
1.313827133178710938e+01
1.282840824127197266e+01
6.961861610412597656e+00
9.836204528808593750e+00
1.207407569885253906e+01
8.990127563476562500e+00
4.131599426269531250e+00
1.113682651519775391e+01
9.780250549316406250e+00
1.232341289520263672e+01
8.929245948791503906e+00
1.232859897613525391e+01
1.019888305664062500e+01
1.237375545501708984e+01
1.031330776214599609e+01
9.714015960693359375e+00
7.233881950378417969e+00
3.509687900543212891e+00
1.241197967529296875e+01
9.536032676696777344e+00
1.011649703979492188e+01
1.027727890014648438e+01
1.130315589904785156e+01
1.159377765655517578e+01
1.129615497589111328e+01
8.772246360778808594e+00
4.890622615814208984e+00
3.798718929290771484e+00
9.375282287597656250e+00
1.372031974792480469e+01
1.254963874816894531e+01
9.874516487121582031e+00
1.043469238281250000e+01
1.066630744934082031e+01
1.249951362609863281e+01
9.784724235534667969e+00
1.167558956146240234e+01
1.211462879180908203e+01
1.374693012237548828e+01
1.322203159332275391e+01
1.257631397247314453e+01
8.982334136962890625e+00
1.141664505004882812e+01
1.054671669006347656e+01
1.034225845336914062e+01
8.995610237121582031e+00
9.189743041992187500e+00
1.007344627380371094e+01
7.742201805114746094e+00
9.920164108276367188e+00
8.060116767883300781e+00
8.866059303283691406e+00
7.333542823791503906e+00
8.830359458923339844e+00
3.794498205184936523e+00
7.336801052093505859e+00
4.439194679260253906e+00
9.634268760681152344e+00
8.133673667907714844e+00
1.218960857391357422e+01
1.363733291625976562e+01
9.800493240356445312e+00
1.151603794097900391e+01
1.327834892272949219e+01
9.694875717163085938e+00
1.407126331329345703e+01
1.207422924041748047e+01
7.947420597076416016e+00
1.216850090026855469e+01
9.155800819396972656e+00
1.000436687469482422e+01
1.200563716888427734e+01
1.108394622802734375e+01
1.128612709045410156e+01
9.566583633422851562e+00
1.351264095306396484e+01
9.534310340881347656e+00
1.188798713684082031e+01
1.044085693359375000e+01
