9.759567260742187500e+00
4.142164230346679688e+00
1.192611694335937500e+01
1.058391857147216797e+01
1.256104087829589844e+01
1.437882804870605469e+01
1.361005401611328125e+01
8.285891532897949219e+00
1.443855094909667969e+01
4.222719192504882812e+00
7.439404964447021484e+00
1.045225048065185547e+01
9.128761291503906250e+00
1.168361091613769531e+01
1.383745002746582031e+01
1.353115653991699219e+01
9.544778823852539062e+00
3.767703056335449219e+00
8.939236640930175781e+00
9.966979980468750000e+00
3.758769989013671875e+00
7.037191390991210938e+00
1.171395874023437500e+01
1.064768886566162109e+01
1.037265777587890625e+01
1.370475769042968750e+01
1.002397060394287109e+01
1.197621250152587891e+01
1.110727500915527344e+01
1.340459156036376953e+01
8.916929244995117188e+00
1.061266040802001953e+01
5.175312042236328125e+00
1.001313686370849609e+01
6.217407226562500000e+00
4.364020824432373047e+00
4.149612426757812500e+00
1.135682487487792969e+01
7.335493087768554688e+00
1.020494651794433594e+01
9.381543159484863281e+00
1.251830577850341797e+01
1.046102237701416016e+01
1.372194290161132812e+01
1.100805473327636719e+01
8.342141151428222656e+00
6.280844688415527344e+00
8.566070556640625000e+00
1.203045463562011719e+01
9.854527473449707031e+00
1.417599487304687500e+01
6.918468952178955078e+00
9.590373992919921875e+00
1.201056861877441406e+01
8.420666694641113281e+00
1.180446147918701172e+01
9.230298995971679688e+00
1.023907661437988281e+01
4.135966777801513672e+00
1.284668445587158203e+01
1.470372962951660156e+01
9.585417747497558594e+00
1.393359088897705078e+01
1.062428188323974609e+01
1.056224250793457031e+01
1.220918083190917969e+01
9.775399208068847656e+00
1.044497203826904297e+01
1.186054325103759766e+01
1.045757961273193359e+01
1.092841243743896484e+01
4.407291889190673828e+00
1.061645317077636719e+01
1.209093284606933594e+01
1.004056644439697266e+01
1.103586578369140625e+01
1.200618267059326172e+01
1.139160251617431641e+01
1.290814876556396484e+01
1.332890129089355469e+01
1.059659194946289062e+01
1.174564266204833984e+01
1.469764137268066406e+01
1.167026710510253906e+01
1.029466342926025391e+01
1.125096130371093750e+01
1.289056587219238281e+01
1.070412635803222656e+01
1.236442947387695312e+01
1.173135471343994141e+01
8.747059822082519531e+00
7.097627639770507812e+00
1.099698162078857422e+01
1.319284439086914062e+01
3.403298139572143555e+00
1.163549423217773438e+01
1.101737213134765625e+01
1.148089027404785156e+01
1.304854106903076172e+01
1.351719093322753906e+01
1.044960689544677734e+01
1.093468379974365234e+01
1.334628486633300781e+01
1.036334896087646484e+01
1.121935272216796875e+01
1.025814247131347656e+01
1.069597721099853516e+01
1.062227439880371094e+01
5.795075416564941406e+00
1.084192466735839844e+01
1.299772930145263672e+01
9.863884925842285156e+00
7.991760730743408203e+00
9.710557937622070312e+00
1.246959972381591797e+01
9.666856765747070312e+00
8.725344657897949219e+00
1.019136619567871094e+01
4.871717929840087891e+00
1.015656566619873047e+01
1.142751789093017578e+01
1.027287197113037109e+01
1.222518253326416016e+01
1.182589530944824219e+01
1.015711784362792969e+01
6.209719657897949219e+00
4.191722393035888672e+00
1.061545372009277344e+01
1.169810485839843750e+01
9.247970581054687500e+00
9.835031509399414062e+00
1.409898471832275391e+01
9.036226272583007812e+00
6.249745368957519531e+00
8.973203659057617188e+00
1.271085548400878906e+01
9.254476547241210938e+00
9.282169342041015625e+00
8.720566749572753906e+00
1.105189037322998047e+01
8.491557121276855469e+00
1.099164390563964844e+01
1.427825641632080078e+01
1.001639556884765625e+01
1.038658809661865234e+01
1.142541599273681641e+01
9.395086288452148438e+00
1.041538906097412109e+01
1.295259857177734375e+01
6.652779102325439453e+00
7.185897827148437500e+00
1.088095855712890625e+01
1.210744667053222656e+01
1.173189449310302734e+01
7.920687198638916016e+00
8.686182022094726562e+00
1.029107189178466797e+01
5.252900123596191406e+00
1.052477169036865234e+01
1.038585376739501953e+01
1.159775733947753906e+01
1.121880626678466797e+01
1.382979297637939453e+01
9.858318328857421875e+00
9.491216659545898438e+00
8.794160842895507812e+00
7.602092266082763672e+00
1.062338638305664062e+01
1.051389217376708984e+01
6.814151763916015625e+00
1.019075298309326172e+01
1.166357803344726562e+01
1.302730369567871094e+01
1.050669002532958984e+01
1.130725860595703125e+01
1.107879638671875000e+01
1.168487834930419922e+01
9.813303947448730469e+00
8.490253448486328125e+00
9.961040496826171875e+00
1.198237609863281250e+01
9.594532966613769531e+00
4.229277133941650391e+00
8.873188972473144531e+00
1.216081428527832031e+01
1.233204364776611328e+01
1.261497116088867188e+01
5.765196800231933594e+00
1.068403625488281250e+01
1.065841865539550781e+01
1.124878501892089844e+01
9.066263198852539062e+00
1.040789318084716797e+01
1.403003597259521484e+01
1.425937271118164062e+01
1.167838954925537109e+01
1.192540454864501953e+01
1.069159507751464844e+01
1.077586555480957031e+01
1.095449352264404297e+01
1.015882492065429688e+01
1.007641410827636719e+01
1.159965038299560547e+01
1.088937377929687500e+01
1.450045204162597656e+01
1.140213108062744141e+01
1.054835510253906250e+01
1.101251602172851562e+01
9.798734664916992188e+00
1.042860889434814453e+01
1.039901256561279297e+01
5.917188644409179688e+00
9.379874229431152344e+00
1.082305240631103516e+01
1.448658275604248047e+01
1.351273155212402344e+01
1.212376880645751953e+01
1.275963592529296875e+01
1.241330337524414062e+01
9.756885528564453125e+00
7.952705383300781250e+00
1.234349060058593750e+01
1.159674644470214844e+01
1.117659378051757812e+01
1.245537853240966797e+01
1.173718452453613281e+01
1.066048336029052734e+01
9.671446800231933594e+00
1.095220756530761719e+01
1.234359741210937500e+01
1.153670883178710938e+01
5.940595149993896484e+00
1.236928081512451172e+01
1.168402957916259766e+01
9.488491058349609375e+00
1.062239646911621094e+01
1.081588649749755859e+01
1.010119342803955078e+01
3.708162069320678711e+00
1.253600311279296875e+01
8.912976264953613281e+00
9.982554435729980469e+00
8.589707374572753906e+00
9.646705627441406250e+00
1.379129409790039062e+01
1.276393890380859375e+01
1.234989356994628906e+01
1.232756614685058594e+01
6.726851940155029297e+00
1.146338367462158203e+01
