9.266217231750488281e+00
1.275853824615478516e+01
9.589183807373046875e+00
1.013788223266601562e+01
1.464216518402099609e+01
1.435888957977294922e+01
1.010730266571044922e+01
1.247707843780517578e+01
8.556905746459960938e+00
1.123345375061035156e+01
5.123778343200683594e+00
5.433890819549560547e+00
1.187610054016113281e+01
1.140748977661132812e+01
1.266124343872070312e+01
9.305848121643066406e+00
1.343777561187744141e+01
8.873007774353027344e+00
5.667506217956542969e+00
9.945002555847167969e+00
9.175824165344238281e+00
1.267371273040771484e+01
1.141551017761230469e+01
1.229096603393554688e+01
9.914407730102539062e+00
9.535287857055664062e+00
4.594940662384033203e+00
9.627751350402832031e+00
1.153303050994873047e+01
3.669272661209106445e+00
1.081069374084472656e+01
7.481995105743408203e+00
1.026403903961181641e+01
8.778892517089843750e+00
9.978526115417480469e+00
8.457189559936523438e+00
9.125064849853515625e+00
7.508365631103515625e+00
3.772858619689941406e+00
6.842393875122070312e+00
9.158185958862304688e+00
1.110112094879150391e+01
9.498936653137207031e+00
9.495691299438476562e+00
1.294233608245849609e+01
1.073155307769775391e+01
9.009372711181640625e+00
1.231209754943847656e+01
1.221950912475585938e+01
9.610918998718261719e+00
9.538406372070312500e+00
1.157528495788574219e+01
1.203343963623046875e+01
1.202390861511230469e+01
1.171506023406982422e+01
8.874707221984863281e+00
9.464493751525878906e+00
4.773842811584472656e+00
1.273204803466796875e+01
1.380234146118164062e+01
1.244125366210937500e+01
9.120576858520507812e+00
1.264793109893798828e+01
1.207782268524169922e+01
9.932378768920898438e+00
1.014689826965332031e+01
5.524664878845214844e+00
9.302483558654785156e+00
8.049099922180175781e+00
1.130289745330810547e+01
7.264239788055419922e+00
8.274978637695312500e+00
1.250749683380126953e+01
1.315058898925781250e+01
8.565072059631347656e+00
8.273699760437011719e+00
4.101338386535644531e+00
1.162866973876953125e+01
1.185583591461181641e+01
1.146337795257568359e+01
1.031399059295654297e+01
1.295832920074462891e+01
3.884285688400268555e+00
1.206523227691650391e+01
1.169199466705322266e+01
1.166962051391601562e+01
1.252286243438720703e+01
1.095850753784179688e+01
9.751612663269042969e+00
4.777989864349365234e+00
1.283058261871337891e+01
1.165423202514648438e+01
1.204418945312500000e+01
1.404740905761718750e+01
1.356370353698730469e+01
9.607894897460937500e+00
9.875942230224609375e+00
1.562496471405029297e+01
3.581300497055053711e+00
1.249125099182128906e+01
9.238862991333007812e+00
4.588570594787597656e+00
7.971490859985351562e+00
1.257596778869628906e+01
1.439958858489990234e+01
1.317614078521728516e+01
1.404034519195556641e+01
1.225382232666015625e+01
1.171116256713867188e+01
1.544258403778076172e+01
1.030402565002441406e+01
1.337898349761962891e+01
1.091226768493652344e+01
1.263658618927001953e+01
1.184142208099365234e+01
1.413070392608642578e+01
1.086912822723388672e+01
1.122873210906982422e+01
1.221809959411621094e+01
9.908169746398925781e+00
9.736192703247070312e+00
4.616504192352294922e+00
1.000846672058105469e+01
1.216796493530273438e+01
9.594020843505859375e+00
1.122415065765380859e+01
8.364756584167480469e+00
1.241172409057617188e+01
1.053331851959228516e+01
1.239503383636474609e+01
4.591840267181396484e+00
9.232735633850097656e+00
1.048757457733154297e+01
1.411242771148681641e+01
1.522304058074951172e+01
9.640571594238281250e+00
7.791642665863037109e+00
1.237332725524902344e+01
1.120249938964843750e+01
9.945986747741699219e+00
1.160395336151123047e+01
9.728269577026367188e+00
1.100484752655029297e+01
4.850249767303466797e+00
1.185904693603515625e+01
9.966578483581542969e+00
1.140257263183593750e+01
1.308813667297363281e+01
1.284202575683593750e+01
1.144294071197509766e+01
9.653328895568847656e+00
3.529124259948730469e+00
9.291532516479492188e+00
1.024088764190673828e+01
3.664902687072753906e+00
1.165833950042724609e+01
4.309267044067382812e+00
1.135091972351074219e+01
1.303412246704101562e+01
1.210059165954589844e+01
1.100156021118164062e+01
1.175790119171142578e+01
3.665993452072143555e+00
1.134273815155029297e+01
1.146545886993408203e+01
1.516354370117187500e+01
6.791305541992187500e+00
1.237883567810058594e+01
6.484619140625000000e+00
1.280377674102783203e+01
1.104285907745361328e+01
9.561391830444335938e+00
6.782314300537109375e+00
1.086707973480224609e+01
5.190450668334960938e+00
1.114230251312255859e+01
1.254955101013183594e+01
9.053339004516601562e+00
1.466038513183593750e+01
1.269370079040527344e+01
1.004039859771728516e+01
9.559783935546875000e+00
1.253233146667480469e+01
1.143016052246093750e+01
1.006407165527343750e+01
5.126898765563964844e+00
1.111234188079833984e+01
1.091324901580810547e+01
1.157866001129150391e+01
1.063726806640625000e+01
6.743370056152343750e+00
1.149899959564208984e+01
1.456045150756835938e+01
1.015610599517822266e+01
1.054966449737548828e+01
1.193723011016845703e+01
9.930384635925292969e+00
1.365575122833251953e+01
1.089915370941162109e+01
1.024689674377441406e+01
1.286801433563232422e+01
7.880804061889648438e+00
1.039989662170410156e+01
1.180245494842529297e+01
1.366857242584228516e+01
9.037129402160644531e+00
1.000980377197265625e+01
1.086008930206298828e+01
8.624845504760742188e+00
1.007886219024658203e+01
7.940327167510986328e+00
8.989803314208984375e+00
5.244578838348388672e+00
3.256092309951782227e+00
1.402010059356689453e+01
8.929862022399902344e+00
1.143976306915283203e+01
1.463952636718750000e+01
6.494444370269775391e+00
1.024808788299560547e+01
1.062325572967529297e+01
9.427577972412109375e+00
1.316149044036865234e+01
1.300221157073974609e+01
1.088602352142333984e+01
1.289805507659912109e+01
1.299934864044189453e+01
1.316377544403076172e+01
1.442845153808593750e+01
1.559053325653076172e+01
1.084773349761962891e+01
1.300509738922119141e+01
1.395306968688964844e+01
1.045256042480468750e+01
9.427057266235351562e+00
3.640922546386718750e+00
3.241209030151367188e+00
1.041406536102294922e+01
8.642714500427246094e+00
9.804530143737792969e+00
9.040769577026367188e+00
1.166000461578369141e+01
9.724409103393554688e+00
1.058206081390380859e+01
3.627406358718872070e+00
1.283363056182861328e+01
1.118515491485595703e+01
1.306138134002685547e+01
1.063844013214111328e+01
9.168606758117675781e+00
