1.294211292266845703e+01
1.084510517120361328e+01
9.654509544372558594e+00
8.171973228454589844e+00
1.144758987426757812e+01
1.148349666595458984e+01
1.120562839508056641e+01
4.034781455993652344e+00
5.267301559448242188e+00
1.097454738616943359e+01
1.184478759765625000e+01
1.095290088653564453e+01
1.004866313934326172e+01
9.637409210205078125e+00
4.080482006072998047e+00
9.203683853149414062e+00
1.039592075347900391e+01
9.125293731689453125e+00
6.711425304412841797e+00
9.076716423034667969e+00
1.113023281097412109e+01
1.127865791320800781e+01
1.144208145141601562e+01
9.905593872070312500e+00
8.959420204162597656e+00
9.899392127990722656e+00
1.141965389251708984e+01
4.859126091003417969e+00
1.093957614898681641e+01
1.158620166778564453e+01
1.093807601928710938e+01
1.158523178100585938e+01
1.015564823150634766e+01
1.027311229705810547e+01
8.882164955139160156e+00
8.172062873840332031e+00
1.184359741210937500e+01
1.203520393371582031e+01
9.318917274475097656e+00
1.126269626617431641e+01
8.697505950927734375e+00
1.196713447570800781e+01
9.302774429321289062e+00
8.589897155761718750e+00
1.105319309234619141e+01
1.119880580902099609e+01
1.189531898498535156e+01
1.160098552703857422e+01
1.107867050170898438e+01
8.134267807006835938e+00
1.207717895507812500e+01
8.581289291381835938e+00
4.341571331024169922e+00
7.631916522979736328e+00
5.959014415740966797e+00
7.964257240295410156e+00
8.497647285461425781e+00
1.119408893585205078e+01
3.077909469604492188e+00
1.271781253814697266e+01
1.282994365692138672e+01
1.074909591674804688e+01
1.047563934326171875e+01
1.014745330810546875e+01
1.136655426025390625e+01
4.652481555938720703e+00
1.312274646759033203e+01
9.663558959960937500e+00
9.326153755187988281e+00
1.180447101593017578e+01
1.095777797698974609e+01
1.281681442260742188e+01
1.253436279296875000e+01
8.046527862548828125e+00
1.156237316131591797e+01
8.662506103515625000e+00
1.108788585662841797e+01
1.148666667938232422e+01
1.122529602050781250e+01
8.560036659240722656e+00
6.998368740081787109e+00
9.313344955444335938e+00
1.233910655975341797e+01
9.692024230957031250e+00
8.574307441711425781e+00
9.781854629516601562e+00
3.688293218612670898e+00
3.716918945312500000e+00
1.200623321533203125e+01
1.100022411346435547e+01
9.295282363891601562e+00
1.209515190124511719e+01
4.530333518981933594e+00
7.974098682403564453e+00
1.141405200958251953e+01
4.763852119445800781e+00
3.870673656463623047e+00
1.200030708312988281e+01
8.904102325439453125e+00
1.271084403991699219e+01
4.124155521392822266e+00
8.766595840454101562e+00
9.825926780700683594e+00
8.579948425292968750e+00
1.334373855590820312e+01
8.288440704345703125e+00
1.183921241760253906e+01
1.005335426330566406e+01
1.093204784393310547e+01
8.486720085144042969e+00
1.033115100860595703e+01
9.831450462341308594e+00
1.286017608642578125e+01
1.116332530975341797e+01
1.229907512664794922e+01
1.383583736419677734e+01
1.161701107025146484e+01
1.324359130859375000e+01
1.085147571563720703e+01
1.313359260559082031e+01
1.105276966094970703e+01
4.736742496490478516e+00
1.157451248168945312e+01
8.289852142333984375e+00
1.022871112823486328e+01
8.673389434814453125e+00
1.039673137664794922e+01
1.009399604797363281e+01
1.379034042358398438e+01
1.249849319458007812e+01
1.307059478759765625e+01
1.122955417633056641e+01
1.211296844482421875e+01
9.835444450378417969e+00
1.090150356292724609e+01
1.028903961181640625e+01
8.555407524108886719e+00
1.112427616119384766e+01
1.373242473602294922e+01
9.896625518798828125e+00
9.712869644165039062e+00
7.968681812286376953e+00
4.585170745849609375e+00
1.260105705261230469e+01
1.443682575225830078e+01
8.785178184509277344e+00
1.013583660125732422e+01
7.351823329925537109e+00
9.726368904113769531e+00
1.214371204376220703e+01
1.206842231750488281e+01
9.277234077453613281e+00
1.208296680450439453e+01
1.101341247558593750e+01
8.971101760864257812e+00
9.990641593933105469e+00
9.834650039672851562e+00
4.409943103790283203e+00
1.067390441894531250e+01
1.068435668945312500e+01
1.041439533233642578e+01
4.136925697326660156e+00
1.358998489379882812e+01
1.028904914855957031e+01
8.410373687744140625e+00
9.534761428833007812e+00
9.449909210205078125e+00
1.067291355133056641e+01
6.879281044006347656e+00
3.488344907760620117e+00
1.203982067108154297e+01
1.030919742584228516e+01
1.007443046569824219e+01
9.240334510803222656e+00
1.308559703826904297e+01
8.998888969421386719e+00
8.457469940185546875e+00
6.942226409912109375e+00
9.801345825195312500e+00
1.251149272918701172e+01
9.880382537841796875e+00
1.085923862457275391e+01
1.159264183044433594e+01
9.293002128601074219e+00
1.064792537689208984e+01
1.172267341613769531e+01
8.591379165649414062e+00
9.608653068542480469e+00
1.197863578796386719e+01
1.174249649047851562e+01
1.199178981781005859e+01
1.285287284851074219e+01
1.118253707885742188e+01
7.017837524414062500e+00
1.078831768035888672e+01
7.876079559326171875e+00
1.083569049835205078e+01
1.334932994842529297e+01
2.902787446975708008e+00
4.166766166687011719e+00
1.011815357208251953e+01
1.135324954986572266e+01
1.172798919677734375e+01
9.486043930053710938e+00
1.030377578735351562e+01
1.047902202606201172e+01
1.225639915466308594e+01
1.198723220825195312e+01
1.090086364746093750e+01
1.167818069458007812e+01
7.340556621551513672e+00
7.791477203369140625e+00
1.161266231536865234e+01
1.155700302124023438e+01
9.768739700317382812e+00
8.570137977600097656e+00
9.861371994018554688e+00
8.725458145141601562e+00
1.151442337036132812e+01
3.432508468627929688e+00
1.048523330688476562e+01
1.201681327819824219e+01
4.312498569488525391e+00
1.044033813476562500e+01
9.478592872619628906e+00
8.764242172241210938e+00
7.795316696166992188e+00
1.086815738677978516e+01
7.218026161193847656e+00
1.076122951507568359e+01
1.452677154541015625e+01
1.136249256134033203e+01
9.710266113281250000e+00
1.069565868377685547e+01
1.172724533081054688e+01
7.790190219879150391e+00
1.242302703857421875e+01
3.429998636245727539e+00
1.086252117156982422e+01
8.849766731262207031e+00
1.188503742218017578e+01
8.071106910705566406e+00
9.571854591369628906e+00
1.001911640167236328e+01
1.339312076568603516e+01
8.045094490051269531e+00
1.195985603332519531e+01
1.098815441131591797e+01
9.034255981445312500e+00
5.000724315643310547e+00
