1.241276550292968750e+01
1.187668991088867188e+01
1.244269752502441406e+01
1.413654518127441406e+01
1.248750209808349609e+01
1.062308883666992188e+01
1.501880741119384766e+01
9.822710990905761719e+00
7.272961139678955078e+00
9.511546134948730469e+00
1.057730197906494141e+01
1.251012134552001953e+01
1.506859397888183594e+01
3.838564634323120117e+00
1.067287063598632812e+01
1.244354534149169922e+01
4.047887325286865234e+00
1.254808044433593750e+01
9.997286796569824219e+00
1.066472625732421875e+01
1.192566585540771484e+01
5.851731777191162109e+00
3.166306495666503906e+00
9.676120758056640625e+00
4.562778472900390625e+00
1.240663242340087891e+01
1.216956996917724609e+01
1.107310771942138672e+01
1.304446697235107422e+01
9.312083244323730469e+00
8.829067230224609375e+00
5.324883937835693359e+00
1.097543334960937500e+01
1.441296672821044922e+01
1.274612617492675781e+01
7.894849300384521484e+00
1.336665725708007812e+01
1.160870456695556641e+01
9.971996307373046875e+00
1.487094211578369141e+01
9.754199028015136719e+00
8.548986434936523438e+00
8.173061370849609375e+00
1.050523757934570312e+01
1.246690750122070312e+01
3.669616222381591797e+00
1.119666576385498047e+01
9.241835594177246094e+00
8.885184288024902344e+00
7.882165908813476562e+00
1.076179599761962891e+01
9.153176307678222656e+00
9.789300918579101562e+00
8.026844978332519531e+00
7.821259975433349609e+00
1.236066818237304688e+01
1.508570384979248047e+01
5.295250415802001953e+00
9.257742881774902344e+00
1.234942054748535156e+01
1.362443542480468750e+01
1.403835678100585938e+01
9.231399536132812500e+00
7.916620731353759766e+00
9.389385223388671875e+00
1.097497367858886719e+01
1.267704772949218750e+01
1.173826599121093750e+01
4.054165840148925781e+00
4.085973262786865234e+00
1.137551307678222656e+01
1.181301212310791016e+01
1.214858627319335938e+01
1.016645812988281250e+01
8.604372024536132812e+00
8.087224960327148438e+00
9.464666366577148438e+00
1.012535381317138672e+01
1.069157981872558594e+01
1.068699359893798828e+01
1.021091842651367188e+01
1.276530551910400391e+01
8.639260292053222656e+00
3.835654973983764648e+00
9.209620475769042969e+00
9.408790588378906250e+00
4.966576576232910156e+00
1.478829860687255859e+01
9.673603057861328125e+00
1.192066574096679688e+01
1.068119812011718750e+01
9.168805122375488281e+00
1.226815795898437500e+01
1.040924739837646484e+01
1.170646190643310547e+01
1.228592300415039062e+01
1.091727066040039062e+01
1.045799064636230469e+01
8.023153305053710938e+00
1.001828670501708984e+01
9.489048957824707031e+00
8.689269065856933594e+00
1.165872573852539062e+01
1.216766929626464844e+01
8.601658821105957031e+00
9.466511726379394531e+00
1.292245578765869141e+01
8.669548034667968750e+00
1.102480030059814453e+01
4.718838214874267578e+00
1.213262557983398438e+01
1.295418739318847656e+01
9.601976394653320312e+00
1.303620719909667969e+01
9.117118835449218750e+00
1.143195533752441406e+01
1.271513366699218750e+01
9.750934600830078125e+00
7.599647998809814453e+00
9.020290374755859375e+00
9.566608428955078125e+00
8.750417709350585938e+00
5.613336086273193359e+00
9.894585609436035156e+00
8.409774780273437500e+00
8.312397003173828125e+00
9.835506439208984375e+00
1.091314411163330078e+01
1.546925354003906250e+01
6.273299217224121094e+00
1.032207489013671875e+01
1.308667564392089844e+01
1.380210113525390625e+01
1.465981674194335938e+01
6.327424049377441406e+00
1.275034618377685547e+01
8.658095359802246094e+00
1.020372581481933594e+01
1.062033462524414062e+01
8.308362960815429688e+00
1.095386505126953125e+01
8.906209945678710938e+00
1.324416160583496094e+01
9.879470825195312500e+00
1.281707859039306641e+01
9.286668777465820312e+00
3.738997220993041992e+00
1.061672878265380859e+01
1.056020736694335938e+01
4.551689624786376953e+00
9.761756896972656250e+00
1.262187957763671875e+01
1.347525596618652344e+01
1.573124217987060547e+01
9.624526977539062500e+00
1.025736618041992188e+01
3.248356580734252930e+00
1.084589385986328125e+01
1.237857913970947266e+01
9.564859390258789062e+00
4.965734481811523438e+00
8.982868194580078125e+00
1.508945751190185547e+01
1.072080802917480469e+01
9.863108634948730469e+00
9.289553642272949219e+00
1.269273090362548828e+01
1.020331859588623047e+01
1.262752151489257812e+01
1.091475963592529297e+01
1.198767566680908203e+01
9.710190773010253906e+00
1.145676136016845703e+01
4.562104225158691406e+00
1.027903556823730469e+01
1.082433128356933594e+01
8.780297279357910156e+00
9.634906768798828125e+00
7.268963813781738281e+00
8.375200271606445312e+00
1.087557220458984375e+01
4.628826618194580078e+00
1.287042140960693359e+01
9.392244338989257812e+00
1.177599716186523438e+01
1.277174186706542969e+01
1.127318286895751953e+01
1.033084964752197266e+01
1.015524291992187500e+01
8.407803535461425781e+00
1.171564960479736328e+01
9.433566093444824219e+00
8.406668663024902344e+00
1.327735900878906250e+01
1.005433940887451172e+01
3.807380676269531250e+00
9.533741950988769531e+00
8.437921524047851562e+00
9.422017097473144531e+00
1.152968883514404297e+01
1.004796791076660156e+01
1.229910373687744141e+01
9.296249389648437500e+00
1.137292289733886719e+01
7.878192424774169922e+00
1.155908679962158203e+01
8.446993827819824219e+00
1.088693046569824219e+01
1.010685253143310547e+01
1.409973144531250000e+01
1.245405673980712891e+01
9.477307319641113281e+00
1.422957992553710938e+01
9.308172225952148438e+00
9.164067268371582031e+00
8.535686492919921875e+00
1.216149997711181641e+01
1.070100021362304688e+01
3.354369878768920898e+00
1.139247703552246094e+01
1.370593833923339844e+01
8.752895355224609375e+00
9.656918525695800781e+00
8.452431678771972656e+00
4.366007328033447266e+00
1.114969253540039062e+01
9.330093383789062500e+00
8.567274093627929688e+00
1.317456054687500000e+01
9.992445945739746094e+00
8.656489372253417969e+00
1.356021499633789062e+01
1.159978199005126953e+01
9.068427085876464844e+00
1.150460433959960938e+01
1.278487014770507812e+01
3.888551235198974609e+00
1.020532321929931641e+01
3.861803293228149414e+00
1.033287715911865234e+01
1.183031654357910156e+01
9.158323287963867188e+00
1.315280532836914062e+01
3.773625135421752930e+00
1.175098037719726562e+01
8.832588195800781250e+00
9.073970794677734375e+00
1.042026233673095703e+01
1.160095977783203125e+01
1.020749282836914062e+01
