1.046449089050292969e+01
1.135288143157958984e+01
1.354093456268310547e+01
1.164079761505126953e+01
1.024123382568359375e+01
1.321517467498779297e+01
1.201937198638916016e+01
1.213947963714599609e+01
1.171634006500244141e+01
1.386847972869873047e+01
1.174894905090332031e+01
1.188709163665771484e+01
8.973248481750488281e+00
1.495371246337890625e+01
9.685048103332519531e+00
7.498920917510986328e+00
1.034678649902343750e+01
1.267845439910888672e+01
1.051081371307373047e+01
1.102140808105468750e+01
7.750008106231689453e+00
1.119914817810058594e+01
1.320588207244873047e+01
9.173121452331542969e+00
1.265714454650878906e+01
1.083809471130371094e+01
1.032040405273437500e+01
1.041261768341064453e+01
1.026855945587158203e+01
1.376004028320312500e+01
1.011798191070556641e+01
1.393602561950683594e+01
3.458698987960815430e+00
1.426191616058349609e+01
8.850197792053222656e+00
1.075060176849365234e+01
7.923719406127929688e+00
1.078614997863769531e+01
7.456155300140380859e+00
1.233672618865966797e+01
5.072866916656494141e+00
9.912633895874023438e+00
9.628354072570800781e+00
1.247188758850097656e+01
9.205628395080566406e+00
1.476273155212402344e+01
8.510027885437011719e+00
1.601551246643066406e+01
1.163457489013671875e+01
9.697226524353027344e+00
1.180526638031005859e+01
3.439123868942260742e+00
9.674019813537597656e+00
4.308831691741943359e+00
1.204219913482666016e+01
1.365444087982177734e+01
9.899029731750488281e+00
9.901891708374023438e+00
1.084853839874267578e+01
1.224290561676025391e+01
1.071650695800781250e+01
1.186637401580810547e+01
1.048230266571044922e+01
5.130868434906005859e+00
1.119505596160888672e+01
1.062494182586669922e+01
8.317394256591796875e+00
1.245743370056152344e+01
9.215579986572265625e+00
6.887659072875976562e+00
4.500936031341552734e+00
8.729112625122070312e+00
1.112226295471191406e+01
8.414944648742675781e+00
1.091835212707519531e+01
1.262639331817626953e+01
7.573782444000244141e+00
1.434670639038085938e+01
1.046268653869628906e+01
1.072362518310546875e+01
4.487926483154296875e+00
1.204948997497558594e+01
1.399193477630615234e+01
4.301994800567626953e+00
9.778297424316406250e+00
1.289508056640625000e+01
1.035727500915527344e+01
6.612839221954345703e+00
9.395796775817871094e+00
1.230323505401611328e+01
9.908983230590820312e+00
1.098104190826416016e+01
4.724316596984863281e+00
1.496995639801025391e+01
9.520574569702148438e+00
4.082765579223632812e+00
9.316118240356445312e+00
1.453818130493164062e+01
9.593514442443847656e+00
1.150967216491699219e+01
1.029934406280517578e+01
9.072038650512695312e+00
1.205205345153808594e+01
1.199130535125732422e+01
1.598240375518798828e+01
8.805932998657226562e+00
3.431540489196777344e+00
6.942235469818115234e+00
1.074662399291992188e+01
1.007024097442626953e+01
1.046259880065917969e+01
8.318452835083007812e+00
5.699996948242187500e+00
1.269487476348876953e+01
1.093289375305175781e+01
1.181753635406494141e+01
1.423780250549316406e+01
1.281651592254638672e+01
1.224750995635986328e+01
9.552999496459960938e+00
1.168732738494873047e+01
8.386906623840332031e+00
1.230435371398925781e+01
6.979541778564453125e+00
5.199799060821533203e+00
9.747346878051757812e+00
1.195576381683349609e+01
9.003081321716308594e+00
1.072857475280761719e+01
1.087388134002685547e+01
8.718132972717285156e+00
3.809294700622558594e+00
1.235260772705078125e+01
1.145281219482421875e+01
1.160457611083984375e+01
1.080086612701416016e+01
1.085774612426757812e+01
7.291941642761230469e+00
7.136746406555175781e+00
9.967214584350585938e+00
1.156848812103271484e+01
8.005927085876464844e+00
1.091381263732910156e+01
7.423752307891845703e+00
9.275407791137695312e+00
7.873357295989990234e+00
1.038037109375000000e+01
8.979340553283691406e+00
1.155081653594970703e+01
1.000482463836669922e+01
9.144405364990234375e+00
8.465179443359375000e+00
1.259238243103027344e+01
7.193434715270996094e+00
1.182839298248291016e+01
8.955324172973632812e+00
4.817448616027832031e+00
9.988139152526855469e+00
1.019907951354980469e+01
1.036161041259765625e+01
4.874047756195068359e+00
4.873018741607666016e+00
4.727642536163330078e+00
1.088491058349609375e+01
1.249234962463378906e+01
7.945767402648925781e+00
4.123118400573730469e+00
7.493998050689697266e+00
1.000010108947753906e+01
1.187248420715332031e+01
1.114896965026855469e+01
1.063571071624755859e+01
1.102232074737548828e+01
1.225792694091796875e+01
9.542813301086425781e+00
1.202809715270996094e+01
4.386522769927978516e+00
3.937168836593627930e+00
1.419446659088134766e+01
1.037540912628173828e+01
4.234037399291992188e+00
1.012217903137207031e+01
9.716960906982421875e+00
9.218589782714843750e+00
1.229403495788574219e+01
5.938482761383056641e+00
1.073522663116455078e+01
1.011847114562988281e+01
1.202233219146728516e+01
4.275660991668701172e+00
9.516291618347167969e+00
9.863523483276367188e+00
9.689115524291992188e+00
8.187537193298339844e+00
3.800928831100463867e+00
1.290259265899658203e+01
1.073855304718017578e+01
1.107124805450439453e+01
8.747666358947753906e+00
9.581017494201660156e+00
1.489046001434326172e+01
1.306265926361083984e+01
1.039359188079833984e+01
5.073473453521728516e+00
1.109297466278076172e+01
7.513414382934570312e+00
1.032005786895751953e+01
1.264806270599365234e+01
1.077382087707519531e+01
1.013757610321044922e+01
1.273296070098876953e+01
1.306648445129394531e+01
1.115787029266357422e+01
1.091135215759277344e+01
1.189767742156982422e+01
8.957123756408691406e+00
1.245514202117919922e+01
8.060379028320312500e+00
1.054159927368164062e+01
7.675570964813232422e+00
9.264122962951660156e+00
1.307594203948974609e+01
4.491769313812255859e+00
1.072744750976562500e+01
1.130797100067138672e+01
1.027415943145751953e+01
1.426391315460205078e+01
1.179852390289306641e+01
1.307477378845214844e+01
1.298929595947265625e+01
9.147334098815917969e+00
8.809491157531738281e+00
6.207346439361572266e+00
1.087613296508789062e+01
1.257436847686767578e+01
1.177674770355224609e+01
1.010738754272460938e+01
7.321761131286621094e+00
1.028961658477783203e+01
8.946833610534667969e+00
1.135839843750000000e+01
1.384035491943359375e+01
9.792298316955566406e+00
8.701136589050292969e+00
9.556769371032714844e+00
1.048773574829101562e+01
9.984003067016601562e+00
9.415338516235351562e+00
1.055822372436523438e+01
1.156547641754150391e+01
