1.251039218902587891e+01
1.016072368621826172e+01
1.003589439392089844e+01
1.147662258148193359e+01
7.730142593383789062e+00
1.181000900268554688e+01
1.207652664184570312e+01
1.045363426208496094e+01
1.015312862396240234e+01
1.135040473937988281e+01
1.050987720489501953e+01
1.131595039367675781e+01
9.998566627502441406e+00
1.353394508361816406e+01
1.114193058013916016e+01
1.461410903930664062e+01
1.209230709075927734e+01
1.403186988830566406e+01
1.150336456298828125e+01
9.119926452636718750e+00
1.020720958709716797e+01
1.047956466674804688e+01
1.350182819366455078e+01
1.178108119964599609e+01
1.084858703613281250e+01
1.397165107727050781e+01
6.779705524444580078e+00
6.253459930419921875e+00
1.208266162872314453e+01
1.142817115783691406e+01
1.110188198089599609e+01
9.180625915527343750e+00
8.591576576232910156e+00
1.189236068725585938e+01
1.032239437103271484e+01
1.167645359039306641e+01
8.188382148742675781e+00
1.281649589538574219e+01
9.798178672790527344e+00
1.164935398101806641e+01
1.197735691070556641e+01
4.116772651672363281e+00
1.329557323455810547e+01
1.030498409271240234e+01
1.134868907928466797e+01
4.978582382202148438e+00
5.176886558532714844e+00
4.083948135375976562e+00
1.227626323699951172e+01
1.008159828186035156e+01
1.612575721740722656e+01
1.341982364654541016e+01
3.486034154891967773e+00
1.317073440551757812e+01
8.626944541931152344e+00
1.233347034454345703e+01
1.030395126342773438e+01
1.421245288848876953e+01
4.984312057495117188e+00
1.423513507843017578e+01
1.010707187652587891e+01
8.444247245788574219e+00
1.196785926818847656e+01
1.141652584075927734e+01
4.093336582183837891e+00
1.006462192535400391e+01
3.278356313705444336e+00
8.719921112060546875e+00
1.121718025207519531e+01
1.211648941040039062e+01
4.366909503936767578e+00
1.103084182739257812e+01
1.560010719299316406e+01
9.467478752136230469e+00
1.000424098968505859e+01
8.759261131286621094e+00
7.633810043334960938e+00
1.052979946136474609e+01
1.000166988372802734e+01
1.303020286560058594e+01
1.185674285888671875e+01
1.299587440490722656e+01
9.392545700073242188e+00
5.318590164184570312e+00
7.724395275115966797e+00
1.035202026367187500e+01
7.823131561279296875e+00
1.238673496246337891e+01
1.046799468994140625e+01
1.283402061462402344e+01
7.662399768829345703e+00
1.080918693542480469e+01
1.178658390045166016e+01
1.223676204681396484e+01
3.479074478149414062e+00
1.024665069580078125e+01
1.174149703979492188e+01
1.247705650329589844e+01
1.455227279663085938e+01
1.025012588500976562e+01
1.224429702758789062e+01
1.311108112335205078e+01
1.398008251190185547e+01
8.587465286254882812e+00
8.126815795898437500e+00
9.334130287170410156e+00
1.009212207794189453e+01
1.284291934967041016e+01
4.280427932739257812e+00
1.228678417205810547e+01
1.267001247406005859e+01
8.846262931823730469e+00
9.684702873229980469e+00
1.321465969085693359e+01
9.958792686462402344e+00
9.769880294799804688e+00
1.217629337310791016e+01
9.393750190734863281e+00
8.948487281799316406e+00
1.173107910156250000e+01
1.394091415405273438e+01
1.020809841156005859e+01
8.578052520751953125e+00
9.029825210571289062e+00
1.259950160980224609e+01
1.299854946136474609e+01
1.016010189056396484e+01
1.238801860809326172e+01
9.463189125061035156e+00
8.331678390502929688e+00
9.561386108398437500e+00
3.622247695922851562e+00
4.913035392761230469e+00
1.210418510437011719e+01
7.569111347198486328e+00
5.435956001281738281e+00
7.620276927947998047e+00
1.370552253723144531e+01
1.276669692993164062e+01
1.043018436431884766e+01
1.028654670715332031e+01
1.071783542633056641e+01
1.320664978027343750e+01
3.725052595138549805e+00
8.566731452941894531e+00
1.287656211853027344e+01
6.511452674865722656e+00
8.737230300903320312e+00
1.241557025909423828e+01
1.066899108886718750e+01
1.069845294952392578e+01
1.206096839904785156e+01
9.094248771667480469e+00
1.171742534637451172e+01
8.274746894836425781e+00
9.008709907531738281e+00
8.296953201293945312e+00
1.243309879302978516e+01
8.292325019836425781e+00
9.611246109008789062e+00
1.208717536926269531e+01
1.221122074127197266e+01
1.195330905914306641e+01
4.177566051483154297e+00
1.008019828796386719e+01
1.282039165496826172e+01
1.055963325500488281e+01
1.213628101348876953e+01
1.138485908508300781e+01
1.528735637664794922e+01
1.375549793243408203e+01
1.348940086364746094e+01
1.351789188385009766e+01
1.106238269805908203e+01
1.132804393768310547e+01
1.202754783630371094e+01
9.830690383911132812e+00
3.928988933563232422e+00
4.218062400817871094e+00
1.197954750061035156e+01
9.818003654479980469e+00
1.220715236663818359e+01
1.117786121368408203e+01
1.282516956329345703e+01
9.047499656677246094e+00
9.880401611328125000e+00
1.038908386230468750e+01
1.162629699707031250e+01
8.561591148376464844e+00
8.301963806152343750e+00
1.219007492065429688e+01
1.184730720520019531e+01
1.191217422485351562e+01
7.901181697845458984e+00
6.817942142486572266e+00
4.146869182586669922e+00
8.697175979614257812e+00
1.017215347290039062e+01
9.974529266357421875e+00
1.006583881378173828e+01
1.195489978790283203e+01
1.057069015502929688e+01
1.057785415649414062e+01
1.055950832366943359e+01
1.544430065155029297e+01
8.672751426696777344e+00
1.250364875793457031e+01
7.454080104827880859e+00
9.143069267272949219e+00
9.716501235961914062e+00
1.123258018493652344e+01
1.057948780059814453e+01
5.760959148406982422e+00
9.650957107543945312e+00
8.923942565917968750e+00
9.367700576782226562e+00
9.235759735107421875e+00
1.296745109558105469e+01
5.981938838958740234e+00
1.181640911102294922e+01
1.293810081481933594e+01
1.309963226318359375e+01
9.511168479919433594e+00
8.635800361633300781e+00
1.217368125915527344e+01
1.118765163421630859e+01
1.531860065460205078e+01
8.679961204528808594e+00
8.998389244079589844e+00
8.726289749145507812e+00
1.190120601654052734e+01
4.518423080444335938e+00
4.358724117279052734e+00
8.809815406799316406e+00
1.026091098785400391e+01
8.107213020324707031e+00
1.176464557647705078e+01
5.283137321472167969e+00
1.168839263916015625e+01
1.259505748748779297e+01
1.374229431152343750e+01
8.076192855834960938e+00
1.339319133758544922e+01
8.810513496398925781e+00
9.160505294799804688e+00
1.334080028533935547e+01
1.074465084075927734e+01
1.285430622100830078e+01
9.897027015686035156e+00
1.029734611511230469e+01
