1.169580650329589844e+01
1.142646312713623047e+01
1.008599662780761719e+01
1.382365512847900391e+01
1.177341461181640625e+01
1.224395942687988281e+01
1.429225349426269531e+01
4.867789745330810547e+00
9.044835090637207031e+00
1.125928783416748047e+01
1.016123199462890625e+01
8.518380165100097656e+00
1.181139850616455078e+01
1.223758888244628906e+01
3.183734178543090820e+00
5.460998058319091797e+00
1.251257324218750000e+01
1.067391109466552734e+01
1.554720878601074219e+01
1.037230777740478516e+01
1.265708827972412109e+01
5.375816822052001953e+00
9.674044609069824219e+00
5.440921783447265625e+00
9.707509994506835938e+00
1.033171939849853516e+01
4.722962379455566406e+00
1.177399921417236328e+01
9.111419677734375000e+00
1.179775714874267578e+01
1.107229804992675781e+01
1.402409076690673828e+01
8.427300453186035156e+00
1.294852542877197266e+01
7.519323825836181641e+00
9.851660728454589844e+00
1.078042793273925781e+01
1.420872306823730469e+01
3.209194898605346680e+00
1.273356723785400391e+01
1.203096866607666016e+01
1.025313091278076172e+01
1.276069259643554688e+01
1.054002094268798828e+01
9.722681999206542969e+00
1.365533638000488281e+01
1.194410896301269531e+01
4.543275833129882812e+00
1.099977302551269531e+01
1.243653011322021484e+01
1.113220310211181641e+01
1.254421520233154297e+01
8.728915214538574219e+00
1.461865520477294922e+01
1.152921199798583984e+01
1.074587440490722656e+01
8.462236404418945312e+00
1.156872367858886719e+01
8.728287696838378906e+00
1.223727798461914062e+01
9.118185997009277344e+00
1.314172077178955078e+01
9.649547576904296875e+00
1.011503887176513672e+01
1.179496860504150391e+01
4.884895801544189453e+00
1.418646812438964844e+01
5.752982139587402344e+00
1.172076511383056641e+01
8.679475784301757812e+00
1.335297203063964844e+01
1.283472537994384766e+01
9.932610511779785156e+00
1.529265403747558594e+01
1.231739711761474609e+01
1.289192104339599609e+01
1.232614612579345703e+01
1.338543796539306641e+01
8.420830726623535156e+00
1.439051055908203125e+01
1.133553981781005859e+01
1.087717342376708984e+01
1.031677341461181641e+01
5.211580276489257812e+00
9.709506034851074219e+00
1.308916473388671875e+01
1.013944149017333984e+01
1.606978797912597656e+01
1.061965942382812500e+01
1.254254150390625000e+01
6.551592826843261719e+00
1.044176673889160156e+01
1.177673149108886719e+01
1.041811656951904297e+01
9.659392356872558594e+00
9.498167991638183594e+00
1.074051094055175781e+01
1.287054824829101562e+01
9.834296226501464844e+00
1.011179733276367188e+01
9.215736389160156250e+00
8.571081161499023438e+00
9.338832855224609375e+00
4.121395111083984375e+00
1.142673587799072266e+01
1.543608951568603516e+01
4.822936534881591797e+00
1.418555736541748047e+01
1.003444385528564453e+01
9.490128517150878906e+00
9.436940193176269531e+00
1.094340038299560547e+01
1.187525558471679688e+01
1.198980808258056641e+01
1.089885139465332031e+01
8.365455627441406250e+00
1.197590827941894531e+01
1.154602527618408203e+01
7.100080013275146484e+00
8.041544914245605469e+00
8.058578491210937500e+00
9.611114501953125000e+00
9.323939323425292969e+00
4.431740283966064453e+00
1.073442459106445312e+01
1.381631088256835938e+01
1.190591335296630859e+01
1.098843097686767578e+01
1.071796798706054688e+01
1.041029357910156250e+01
3.991810083389282227e+00
9.982394218444824219e+00
5.224678039550781250e+00
1.047133445739746094e+01
1.073679447174072266e+01
8.531762123107910156e+00
8.940690994262695312e+00
1.133819866180419922e+01
3.863627195358276367e+00
7.994304180145263672e+00
8.142117500305175781e+00
1.042314910888671875e+01
1.026200771331787109e+01
1.044834518432617188e+01
8.843410491943359375e+00
6.336725711822509766e+00
1.045638751983642578e+01
1.267005634307861328e+01
1.267604541778564453e+01
1.079109668731689453e+01
9.751313209533691406e+00
1.333471012115478516e+01
1.087919807434082031e+01
9.542733192443847656e+00
1.032900428771972656e+01
1.227014827728271484e+01
1.060136604309082031e+01
1.106708335876464844e+01
8.102993011474609375e+00
1.446619987487792969e+01
4.898960590362548828e+00
1.015967941284179688e+01
1.043837356567382812e+01
1.323466014862060547e+01
9.710716247558593750e+00
1.116527557373046875e+01
8.528361320495605469e+00
1.322374820709228516e+01
9.227983474731445312e+00
1.062400341033935547e+01
9.002042770385742188e+00
1.457039165496826172e+01
5.911525249481201172e+00
1.318941020965576172e+01
1.167723941802978516e+01
1.299183750152587891e+01
3.406965255737304688e+00
1.572083663940429688e+01
1.357401943206787109e+01
1.366806125640869141e+01
6.989964962005615234e+00
1.026829051971435547e+01
1.228944683074951172e+01
3.463577747344970703e+00
1.131177616119384766e+01
1.015640258789062500e+01
6.648945331573486328e+00
1.116716575622558594e+01
1.080713748931884766e+01
1.257974243164062500e+01
8.504937171936035156e+00
9.629890441894531250e+00
6.601466655731201172e+00
7.544001579284667969e+00
7.320718765258789062e+00
1.087333011627197266e+01
1.219943237304687500e+01
1.095560264587402344e+01
5.211987495422363281e+00
1.293640995025634766e+01
1.418318843841552734e+01
4.508084774017333984e+00
1.484160804748535156e+01
1.057208919525146484e+01
1.101821804046630859e+01
1.106808376312255859e+01
8.761205673217773438e+00
3.472021341323852539e+00
8.919885635375976562e+00
9.350111961364746094e+00
1.471464347839355469e+01
3.284448862075805664e+00
1.325820827484130859e+01
1.264799213409423828e+01
1.074325942993164062e+01
7.554223537445068359e+00
1.249817085266113281e+01
9.698987007141113281e+00
8.618273735046386719e+00
3.321816444396972656e+00
1.291158866882324219e+01
1.426636219024658203e+01
8.315312385559082031e+00
1.338669586181640625e+01
1.011099052429199219e+01
1.742786788940429688e+01
1.041238784790039062e+01
7.581186294555664062e+00
1.182483386993408203e+01
8.155418395996093750e+00
1.070874309539794922e+01
9.008559226989746094e+00
1.105016517639160156e+01
9.579155921936035156e+00
9.402953147888183594e+00
1.361345481872558594e+01
1.191916942596435547e+01
1.197685718536376953e+01
9.403326988220214844e+00
1.601478385925292969e+01
3.318944931030273438e+00
1.185208129882812500e+01
1.375786876678466797e+01
9.128489494323730469e+00
9.115459442138671875e+00
1.047051715850830078e+01
9.341680526733398438e+00
9.054296493530273438e+00
9.565355300903320312e+00
8.431504249572753906e+00
