9.334364891052246094e+00
1.301907253265380859e+01
1.259879016876220703e+01
1.091609191894531250e+01
1.045160865783691406e+01
1.179163169860839844e+01
1.012220668792724609e+01
1.124186992645263672e+01
9.016852378845214844e+00
1.007230186462402344e+01
6.027036666870117188e+00
7.926024913787841797e+00
4.611024379730224609e+00
1.345806121826171875e+01
1.541894245147705078e+01
9.040838241577148438e+00
1.093961620330810547e+01
1.217867565155029297e+01
1.171949577331542969e+01
1.449137592315673828e+01
8.581632614135742188e+00
4.985441207885742188e+00
1.054266166687011719e+01
1.078029155731201172e+01
1.027307319641113281e+01
1.231977272033691406e+01
9.907738685607910156e+00
1.080693531036376953e+01
1.113084411621093750e+01
8.588668823242187500e+00
9.832228660583496094e+00
7.639191150665283203e+00
4.559521675109863281e+00
9.641401290893554688e+00
1.019625377655029297e+01
1.026997184753417969e+01
1.061828994750976562e+01
8.792073249816894531e+00
9.115047454833984375e+00
4.326128482818603516e+00
1.289292907714843750e+01
1.105689048767089844e+01
8.055062294006347656e+00
1.199978923797607422e+01
1.234471988677978516e+01
1.160468482971191406e+01
1.053512954711914062e+01
1.061350440979003906e+01
1.275125789642333984e+01
1.320379257202148438e+01
8.471626281738281250e+00
1.423136329650878906e+01
8.569561004638671875e+00
1.061773109436035156e+01
1.015452098846435547e+01
1.057720565795898438e+01
3.376122236251831055e+00
1.153616714477539062e+01
7.413271427154541016e+00
1.104154205322265625e+01
1.346938610076904297e+01
1.073506641387939453e+01
1.209903335571289062e+01
9.264265060424804688e+00
1.294145011901855469e+01
1.137270069122314453e+01
1.378013229370117188e+01
1.036136054992675781e+01
1.016168594360351562e+01
1.172674942016601562e+01
8.215588569641113281e+00
7.776319980621337891e+00
9.883361816406250000e+00
1.064156818389892578e+01
1.199934673309326172e+01
1.069046592712402344e+01
8.073670387268066406e+00
1.188116836547851562e+01
3.549129962921142578e+00
7.636223793029785156e+00
1.351422214508056641e+01
1.261963367462158203e+01
1.213619327545166016e+01
1.118657398223876953e+01
1.132251071929931641e+01
1.553076648712158203e+01
1.103637027740478516e+01
1.309406566619873047e+01
1.058076667785644531e+01
1.346230125427246094e+01
3.744521141052246094e+00
4.062434673309326172e+00
1.004437351226806641e+01
1.204673671722412109e+01
1.162901020050048828e+01
1.218721866607666016e+01
1.014033985137939453e+01
7.482402324676513672e+00
1.257806873321533203e+01
6.553513050079345703e+00
9.661472320556640625e+00
9.953951835632324219e+00
1.159416198730468750e+01
1.307288742065429688e+01
1.058544063568115234e+01
9.837305068969726562e+00
9.017208099365234375e+00
8.986925125122070312e+00
1.165042781829833984e+01
1.184759235382080078e+01
9.181028366088867188e+00
1.305096626281738281e+01
1.096862888336181641e+01
1.100829792022705078e+01
1.549500751495361328e+01
1.240494537353515625e+01
1.110786724090576172e+01
1.157652664184570312e+01
9.959423065185546875e+00
1.069471168518066406e+01
1.250247001647949219e+01
1.186469173431396484e+01
9.195796966552734375e+00
1.372060108184814453e+01
8.071922302246093750e+00
1.168417453765869141e+01
1.004156208038330078e+01
1.273014640808105469e+01
1.067916774749755859e+01
9.204185485839843750e+00
1.457993507385253906e+01
1.317884635925292969e+01
4.165400028228759766e+00
1.473410129547119141e+01
3.421523094177246094e+00
9.479455947875976562e+00
1.134497737884521484e+01
1.228292942047119141e+01
1.195145797729492188e+01
1.146010398864746094e+01
1.305201339721679688e+01
8.527456283569335938e+00
3.336330890655517578e+00
5.265186786651611328e+00
1.219089984893798828e+01
1.341337299346923828e+01
1.090405368804931641e+01
6.130228519439697266e+00
1.122571849822998047e+01
9.459315299987792969e+00
1.566544342041015625e+01
1.400642967224121094e+01
1.018062210083007812e+01
9.453860282897949219e+00
8.291419982910156250e+00
1.424092578887939453e+01
1.366435718536376953e+01
4.730191707611083984e+00
1.105823326110839844e+01
7.696735382080078125e+00
1.351652908325195312e+01
1.105229091644287109e+01
1.144949722290039062e+01
1.514659595489501953e+01
3.997815608978271484e+00
1.035041332244873047e+01
9.061677932739257812e+00
1.131394767761230469e+01
1.016796398162841797e+01
7.722719192504882812e+00
1.036052989959716797e+01
3.728114604949951172e+00
1.193951702117919922e+01
1.063279151916503906e+01
1.029248905181884766e+01
1.090845966339111328e+01
1.021112251281738281e+01
1.370428848266601562e+01
9.090463638305664062e+00
1.410875320434570312e+01
3.508960485458374023e+00
4.722598075866699219e+00
1.454106712341308594e+01
1.279133892059326172e+01
1.200785923004150391e+01
1.283949184417724609e+01
1.053575038909912109e+01
1.276229381561279297e+01
1.110592365264892578e+01
1.441553211212158203e+01
1.071288681030273438e+01
9.444253921508789062e+00
1.008467388153076172e+01
5.248547077178955078e+00
1.285316276550292969e+01
1.116638565063476562e+01
1.097048950195312500e+01
1.158912658691406250e+01
1.080512237548828125e+01
1.496601772308349609e+01
1.394317722320556641e+01
1.269681167602539062e+01
1.260156822204589844e+01
1.090905952453613281e+01
5.116232872009277344e+00
3.326581478118896484e+00
4.017477989196777344e+00
1.445507431030273438e+01
9.494689941406250000e+00
1.183069229125976562e+01
9.583640098571777344e+00
8.918289184570312500e+00
1.172167873382568359e+01
1.101605415344238281e+01
1.135658645629882812e+01
1.011773872375488281e+01
1.426355361938476562e+01
8.000230789184570312e+00
1.006936359405517578e+01
1.225373268127441406e+01
1.036171054840087891e+01
1.049714183807373047e+01
3.859086513519287109e+00
1.136167144775390625e+01
7.587597846984863281e+00
4.170809268951416016e+00
1.304326534271240234e+01
1.373432540893554688e+01
9.451569557189941406e+00
1.438111686706542969e+01
1.213858890533447266e+01
1.071287822723388672e+01
1.074244117736816406e+01
1.400922012329101562e+01
3.348183870315551758e+00
9.422017097473144531e+00
1.053698253631591797e+01
7.780356407165527344e+00
8.424898147583007812e+00
1.134900665283203125e+01
1.137955379486083984e+01
1.133517265319824219e+01
1.312507534027099609e+01
4.303024291992187500e+00
1.033267211914062500e+01
1.284978008270263672e+01
5.313996315002441406e+00
1.339791774749755859e+01
1.368971920013427734e+01
1.047741794586181641e+01
