1.352662944793701172e+01
1.232080459594726562e+01
9.459223747253417969e+00
1.166006755828857422e+01
6.053855419158935547e+00
1.249691104888916016e+01
1.010108757019042969e+01
1.044874858856201172e+01
4.452733516693115234e+00
3.614623069763183594e+00
1.147480773925781250e+01
9.758388519287109375e+00
9.270677566528320312e+00
9.912019729614257812e+00
1.274135303497314453e+01
9.504911422729492188e+00
1.119950866699218750e+01
9.127013206481933594e+00
4.122447490692138672e+00
1.176380825042724609e+01
1.044528579711914062e+01
1.077065277099609375e+01
5.971136569976806641e+00
9.953287124633789062e+00
1.299711036682128906e+01
9.131150245666503906e+00
9.553086280822753906e+00
1.013183403015136719e+01
1.128745841979980469e+01
9.607336997985839844e+00
1.055265426635742188e+01
1.270668315887451172e+01
1.052779293060302734e+01
4.565575122833251953e+00
1.345368480682373047e+01
9.499687194824218750e+00
1.148693466186523438e+01
4.997992515563964844e+00
1.011161994934082031e+01
1.036574459075927734e+01
7.966578006744384766e+00
1.030517196655273438e+01
1.000012969970703125e+01
3.980884552001953125e+00
9.762173652648925781e+00
1.159538555145263672e+01
9.632943153381347656e+00
1.081954765319824219e+01
1.080485439300537109e+01
1.108994388580322266e+01
8.371096611022949219e+00
7.713230609893798828e+00
1.289987754821777344e+01
7.494416236877441406e+00
9.449756622314453125e+00
1.114840602874755859e+01
9.872575759887695312e+00
7.402646064758300781e+00
3.984167337417602539e+00
9.382247924804687500e+00
1.220942497253417969e+01
4.294717788696289062e+00
1.102091407775878906e+01
1.173470497131347656e+01
8.584682464599609375e+00
1.304152488708496094e+01
9.139597892761230469e+00
9.883276939392089844e+00
1.103714561462402344e+01
1.243216228485107422e+01
9.160807609558105469e+00
8.296004295349121094e+00
1.339303302764892578e+01
7.850858688354492188e+00
1.000425910949707031e+01
1.088932800292968750e+01
1.026936626434326172e+01
1.114236545562744141e+01
1.310611057281494141e+01
4.120312690734863281e+00
1.209155654907226562e+01
1.366824150085449219e+01
9.756292343139648438e+00
1.119844818115234375e+01
1.396279335021972656e+01
1.106518268585205078e+01
1.581764984130859375e+01
1.178212833404541016e+01
1.029544448852539062e+01
8.866177558898925781e+00
1.338934230804443359e+01
1.038839149475097656e+01
9.572349548339843750e+00
7.520514011383056641e+00
1.045404624938964844e+01
8.368804931640625000e+00
1.325371360778808594e+01
1.179267978668212891e+01
9.097051620483398438e+00
9.728639602661132812e+00
1.352789020538330078e+01
1.303474903106689453e+01
1.058570480346679688e+01
7.605724334716796875e+00
4.427386760711669922e+00
1.123676586151123047e+01
3.336164951324462891e+00
4.718584060668945312e+00
4.482172966003417969e+00
1.015307426452636719e+01
1.211111164093017578e+01
1.209820938110351562e+01
1.068038082122802734e+01
1.087578487396240234e+01
1.281604290008544922e+01
1.338629817962646484e+01
1.464294242858886719e+01
8.822134971618652344e+00
1.124734687805175781e+01
1.278163337707519531e+01
1.094318389892578125e+01
1.317220115661621094e+01
4.838961601257324219e+00
7.681915283203125000e+00
1.258861446380615234e+01
1.150452995300292969e+01
1.115150165557861328e+01
1.229770183563232422e+01
9.403549194335937500e+00
1.018160057067871094e+01
5.145761489868164062e+00
1.029115009307861328e+01
9.572950363159179688e+00
7.467729568481445312e+00
6.219909191131591797e+00
8.620521545410156250e+00
9.923190116882324219e+00
6.072726249694824219e+00
1.176515769958496094e+01
1.284425926208496094e+01
1.262660026550292969e+01
9.517054557800292969e+00
6.569941997528076172e+00
1.199448108673095703e+01
1.243442058563232422e+01
1.182115364074707031e+01
1.029510593414306641e+01
1.050108432769775391e+01
1.420225620269775391e+01
1.233519744873046875e+01
9.891510963439941406e+00
1.094082260131835938e+01
1.172623252868652344e+01
9.351954460144042969e+00
9.305436134338378906e+00
1.341791152954101562e+01
1.116044235229492188e+01
1.281275272369384766e+01
9.260672569274902344e+00
1.034401893615722656e+01
1.103089523315429688e+01
1.257933807373046875e+01
9.900969505310058594e+00
4.412236690521240234e+00
7.960483074188232422e+00
9.956957817077636719e+00
4.541318893432617188e+00
1.302695560455322266e+01
1.238834190368652344e+01
8.986733436584472656e+00
9.441781997680664062e+00
3.616638660430908203e+00
1.167955589294433594e+01
7.740921974182128906e+00
1.211671543121337891e+01
1.262418460845947266e+01
5.354364395141601562e+00
5.785822391510009766e+00
1.136591720581054688e+01
5.201437473297119141e+00
9.597738265991210938e+00
1.071703815460205078e+01
8.114293098449707031e+00
8.950377464294433594e+00
1.079724884033203125e+01
9.313055038452148438e+00
9.531509399414062500e+00
8.460836410522460938e+00
1.103923225402832031e+01
9.466049194335937500e+00
9.048876762390136719e+00
8.212150573730468750e+00
1.092180442810058594e+01
1.261281204223632812e+01
1.252562046051025391e+01
1.172777938842773438e+01
1.484384155273437500e+01
8.839289665222167969e+00
1.091823577880859375e+01
7.908679485321044922e+00
1.086146545410156250e+01
9.576333045959472656e+00
1.077798843383789062e+01
7.824413299560546875e+00
1.039149951934814453e+01
1.202355766296386719e+01
1.040377902984619141e+01
1.252709388732910156e+01
1.372679519653320312e+01
1.042888069152832031e+01
1.195058155059814453e+01
1.208873748779296875e+01
9.208026885986328125e+00
9.607647895812988281e+00
1.001296901702880859e+01
3.926060199737548828e+00
8.240801811218261719e+00
1.075514698028564453e+01
1.225902462005615234e+01
1.159066009521484375e+01
1.515141105651855469e+01
1.194984531402587891e+01
1.136839199066162109e+01
8.822856903076171875e+00
9.505206108093261719e+00
1.102103710174560547e+01
1.079932212829589844e+01
1.204664802551269531e+01
4.741330623626708984e+00
1.044528961181640625e+01
1.076305675506591797e+01
7.963345527648925781e+00
9.071641921997070312e+00
8.893017768859863281e+00
1.660216522216796875e+01
4.418931007385253906e+00
7.918586254119873047e+00
1.410922336578369141e+01
1.101730155944824219e+01
1.110856246948242188e+01
1.034043502807617188e+01
9.873419761657714844e+00
1.057872390747070312e+01
3.780587434768676758e+00
1.161212158203125000e+01
9.185043334960937500e+00
1.342804241180419922e+01
1.131797027587890625e+01
1.220320320129394531e+01
1.198564529418945312e+01
