1.107507133483886719e+01
1.050833415985107422e+01
6.595019817352294922e+00
4.865002632141113281e+00
9.994388580322265625e+00
1.035759067535400391e+01
1.040650749206542969e+01
1.418762683868408203e+01
1.244162559509277344e+01
9.115861892700195312e+00
8.580556869506835938e+00
7.112691879272460938e+00
1.234242439270019531e+01
7.342952728271484375e+00
9.298094749450683594e+00
1.462520599365234375e+01
1.006130886077880859e+01
1.145130729675292969e+01
1.407366752624511719e+01
8.770030021667480469e+00
1.045200443267822266e+01
8.739627838134765625e+00
1.022806167602539062e+01
3.618135213851928711e+00
1.151421070098876953e+01
4.205362796783447266e+00
1.163227081298828125e+01
8.787149429321289062e+00
9.872625350952148438e+00
1.026626300811767578e+01
1.300054645538330078e+01
8.610032081604003906e+00
1.318839836120605469e+01
8.620457649230957031e+00
5.064219474792480469e+00
9.606312751770019531e+00
4.180083274841308594e+00
1.223451614379882812e+01
1.218079471588134766e+01
7.941830158233642578e+00
1.239182281494140625e+01
9.837442398071289062e+00
7.147008895874023438e+00
7.273735046386718750e+00
1.072527408599853516e+01
1.373202991485595703e+01
1.167364311218261719e+01
1.004645252227783203e+01
1.273162746429443359e+01
7.936748027801513672e+00
8.189910888671875000e+00
9.247455596923828125e+00
1.418385791778564453e+01
3.588310241699218750e+00
1.164840507507324219e+01
1.616193389892578125e+01
1.331290721893310547e+01
9.763619422912597656e+00
1.077239704132080078e+01
4.602444648742675781e+00
1.040100860595703125e+01
1.072410678863525391e+01
9.183388710021972656e+00
9.685763359069824219e+00
1.381487369537353516e+01
1.140364837646484375e+01
3.486598730087280273e+00
8.993462562561035156e+00
8.218997955322265625e+00
8.976408958435058594e+00
1.076997089385986328e+01
1.131113624572753906e+01
1.041983127593994141e+01
9.207358360290527344e+00
4.713719367980957031e+00
4.781799316406250000e+00
1.011590290069580078e+01
7.301016807556152344e+00
1.034989929199218750e+01
9.506435394287109375e+00
8.351667404174804688e+00
1.169336032867431641e+01
1.382277584075927734e+01
8.352547645568847656e+00
1.011156845092773438e+01
8.658713340759277344e+00
1.026032829284667969e+01
1.201328563690185547e+01
1.198129367828369141e+01
1.184619522094726562e+01
1.385277938842773438e+01
8.040998458862304688e+00
1.007170677185058594e+01
9.463950157165527344e+00
9.504594802856445312e+00
1.138061141967773438e+01
1.128366374969482422e+01
8.968115806579589844e+00
1.152240562438964844e+01
1.020566082000732422e+01
8.490260124206542969e+00
8.610632896423339844e+00
1.008999347686767578e+01
1.090336036682128906e+01
1.359410190582275391e+01
6.076862335205078125e+00
1.030732154846191406e+01
1.438591575622558594e+01
1.328449249267578125e+01
1.156836986541748047e+01
1.219272994995117188e+01
1.017918395996093750e+01
9.099178314208984375e+00
9.862794876098632812e+00
3.375211000442504883e+00
1.166706085205078125e+01
1.372818374633789062e+01
1.215799903869628906e+01
1.580184650421142578e+01
8.836490631103515625e+00
1.167194271087646484e+01
9.632968902587890625e+00
4.674398422241210938e+00
1.108218669891357422e+01
8.348760604858398438e+00
3.864972114562988281e+00
3.983202219009399414e+00
1.268094444274902344e+01
1.163886165618896484e+01
1.286105346679687500e+01
1.543753337860107422e+01
1.002170372009277344e+01
9.627696037292480469e+00
1.072383403778076172e+01
1.080494880676269531e+01
1.391277408599853516e+01
5.936716556549072266e+00
1.080074310302734375e+01
1.061081123352050781e+01
1.217727088928222656e+01
1.147819328308105469e+01
7.567201137542724609e+00
1.221538448333740234e+01
1.293914508819580078e+01
1.306213283538818359e+01
9.785566329956054688e+00
1.382837867736816406e+01
6.201050281524658203e+00
1.070118999481201172e+01
9.854557991027832031e+00
8.248209953308105469e+00
6.569712638854980469e+00
9.822676658630371094e+00
9.509130477905273438e+00
9.493511199951171875e+00
9.703733444213867188e+00
1.142206096649169922e+01
9.509744644165039062e+00
1.061465454101562500e+01
1.278862190246582031e+01
1.092449665069580078e+01
1.121077632904052734e+01
8.145871162414550781e+00
1.001993560791015625e+01
1.100728988647460938e+01
1.147237586975097656e+01
1.460047435760498047e+01
9.354791641235351562e+00
9.487673759460449219e+00
1.253265190124511719e+01
1.019151973724365234e+01
1.107836437225341797e+01
1.112854385375976562e+01
1.245613384246826172e+01
1.112008666992187500e+01
8.912081718444824219e+00
1.040082168579101562e+01
1.176093482971191406e+01
1.262872791290283203e+01
9.211106300354003906e+00
9.040537834167480469e+00
6.781116962432861328e+00
1.351103782653808594e+01
1.381947040557861328e+01
1.237610435485839844e+01
1.266383266448974609e+01
8.501298904418945312e+00
9.229789733886718750e+00
1.031790351867675781e+01
1.068629932403564453e+01
1.003654956817626953e+01
1.110884857177734375e+01
9.118428230285644531e+00
1.205502700805664062e+01
1.200742912292480469e+01
9.660395622253417969e+00
6.306433677673339844e+00
6.969698429107666016e+00
1.321465969085693359e+01
1.067157936096191406e+01
1.345790958404541016e+01
1.268094444274902344e+01
1.096366500854492188e+01
1.107144832611083984e+01
1.555421066284179688e+01
7.719423770904541016e+00
9.374620437622070312e+00
8.955623626708984375e+00
1.179388809204101562e+01
1.022084426879882812e+01
1.379711341857910156e+01
8.810133934020996094e+00
8.057280540466308594e+00
3.869092226028442383e+00
8.391460418701171875e+00
9.021289825439453125e+00
1.362357711791992188e+01
9.869871139526367188e+00
3.763234853744506836e+00
1.375951671600341797e+01
1.137891674041748047e+01
8.720239639282226562e+00
1.051261901855468750e+01
1.376807498931884766e+01
3.563176393508911133e+00
1.067157936096191406e+01
1.173187065124511719e+01
1.123023033142089844e+01
1.202260303497314453e+01
4.421944141387939453e+00
9.614278793334960938e+00
1.197554302215576172e+01
1.102364635467529297e+01
1.329164505004882812e+01
8.805189132690429688e+00
1.285823440551757812e+01
1.080257987976074219e+01
1.214297294616699219e+01
1.403069496154785156e+01
8.515522956848144531e+00
1.165005016326904297e+01
9.503914833068847656e+00
1.110509014129638672e+01
9.357661247253417969e+00
1.367531681060791016e+01
7.327034950256347656e+00
1.122449684143066406e+01
1.084040260314941406e+01
9.040800094604492188e+00
1.048227977752685547e+01
