9.550999641418457031e+00
5.287757873535156250e+00
8.405941009521484375e+00
1.238843917846679688e+01
1.034524726867675781e+01
4.679810047149658203e+00
4.267092227935791016e+00
1.173123359680175781e+01
1.231115245819091797e+01
1.157809162139892578e+01
9.144987106323242188e+00
1.144789695739746094e+01
5.412236213684082031e+00
1.095759296417236328e+01
1.168302059173583984e+01
1.411190986633300781e+01
1.049524879455566406e+01
9.617777824401855469e+00
1.215538692474365234e+01
1.065326690673828125e+01
1.262070369720458984e+01
1.335567760467529297e+01
1.074677848815917969e+01
1.009450721740722656e+01
8.440425872802734375e+00
5.044247150421142578e+00
1.091439819335937500e+01
1.085618019104003906e+01
1.188174247741699219e+01
1.275388050079345703e+01
1.219232845306396484e+01
1.100587558746337891e+01
8.233359336853027344e+00
9.938749313354492188e+00
9.396442413330078125e+00
1.099343490600585938e+01
1.071644973754882812e+01
8.209445953369140625e+00
8.017972946166992188e+00
1.189553642272949219e+01
1.506828975677490234e+01
1.232064723968505859e+01
1.152106189727783203e+01
1.067267036437988281e+01
1.478275394439697266e+01
6.463720321655273438e+00
1.185125637054443359e+01
1.311301708221435547e+01
9.962918281555175781e+00
1.338180828094482422e+01
1.288027191162109375e+01
1.094084167480468750e+01
1.341070556640625000e+01
1.266582012176513672e+01
1.038600540161132812e+01
1.011837005615234375e+01
1.089168357849121094e+01
1.171899318695068359e+01
1.234196853637695312e+01
1.238703060150146484e+01
9.176688194274902344e+00
1.021508312225341797e+01
1.386319923400878906e+01
1.257984733581542969e+01
1.168290519714355469e+01
9.958620071411132812e+00
1.142119121551513672e+01
8.956264495849609375e+00
3.924688816070556641e+00
1.553458786010742188e+01
1.088636779785156250e+01
1.174147033691406250e+01
3.901761770248413086e+00
1.076862239837646484e+01
1.123757648468017578e+01
1.208490562438964844e+01
1.257048225402832031e+01
1.106489944458007812e+01
1.020528316497802734e+01
1.350233936309814453e+01
9.285622596740722656e+00
1.050753307342529297e+01
1.231917572021484375e+01
1.129695510864257812e+01
8.808604240417480469e+00
4.144339084625244141e+00
1.207181644439697266e+01
1.265555572509765625e+01
1.191033840179443359e+01
1.241073989868164062e+01
8.393842697143554688e+00
5.065974235534667969e+00
9.113918304443359375e+00
1.259846115112304688e+01
6.164182186126708984e+00
1.118863677978515625e+01
1.014593791961669922e+01
1.232194614410400391e+01
1.128161430358886719e+01
1.237717819213867188e+01
1.012562751770019531e+01
1.605871391296386719e+01
4.108329296112060547e+00
9.283699989318847656e+00
3.932518005371093750e+00
1.114391422271728516e+01
1.013832473754882812e+01
5.860676288604736328e+00
1.090404891967773438e+01
1.399393081665039062e+01
1.165272426605224609e+01
1.280000782012939453e+01
3.625735521316528320e+00
1.499806308746337891e+01
7.942039489746093750e+00
1.341280364990234375e+01
1.181053543090820312e+01
1.403234004974365234e+01
1.293859004974365234e+01
1.203075313568115234e+01
9.586784362792968750e+00
1.115883636474609375e+01
5.227085113525390625e+00
1.352800655364990234e+01
1.149229145050048828e+01
1.006295299530029297e+01
1.010776233673095703e+01
1.405054855346679688e+01
1.067294788360595703e+01
1.328101348876953125e+01
1.096273136138916016e+01
1.282466411590576172e+01
1.056740760803222656e+01
1.070462131500244141e+01
1.423008537292480469e+01
5.477009296417236328e+00
8.110028266906738281e+00
1.162101459503173828e+01
1.026246833801269531e+01
4.813194751739501953e+00
1.211798763275146484e+01
9.984769821166992188e+00
4.851657390594482422e+00
9.425630569458007812e+00
1.081981754302978516e+01
1.253628730773925781e+01
1.219514274597167969e+01
1.362114810943603516e+01
1.072666835784912109e+01
1.003213882446289062e+01
1.178461933135986328e+01
1.451746845245361328e+01
1.138044452667236328e+01
1.113376140594482422e+01
9.851308822631835938e+00
1.140704727172851562e+01
1.070731067657470703e+01
8.762971878051757812e+00
5.112943172454833984e+00
7.254452228546142578e+00
4.926270484924316406e+00
8.935708045959472656e+00
1.154770374298095703e+01
1.116570568084716797e+01
9.038657188415527344e+00
1.092743778228759766e+01
1.300048160552978516e+01
1.119583320617675781e+01
1.019527053833007812e+01
1.415638828277587891e+01
1.087230777740478516e+01
4.686896324157714844e+00
7.999296665191650391e+00
1.291603755950927734e+01
1.057275295257568359e+01
1.197886657714843750e+01
9.492921829223632812e+00
1.285438251495361328e+01
1.078373527526855469e+01
1.249240112304687500e+01
1.024884033203125000e+01
4.929821968078613281e+00
7.092108726501464844e+00
1.235535907745361328e+01
1.215006065368652344e+01
1.338289070129394531e+01
1.208007717132568359e+01
1.244964122772216797e+01
1.425840950012207031e+01
1.139000892639160156e+01
1.070202922821044922e+01
9.799893379211425781e+00
9.958066940307617188e+00
1.182788467407226562e+01
9.388143539428710938e+00
1.096701240539550781e+01
1.020889377593994141e+01
1.000192832946777344e+01
1.241646862030029297e+01
1.130685043334960938e+01
9.044300079345703125e+00
7.538756370544433594e+00
9.388958930969238281e+00
4.332955360412597656e+00
3.337132930755615234e+00
9.552513122558593750e+00
1.479588127136230469e+01
1.276789855957031250e+01
1.033789443969726562e+01
1.000034999847412109e+01
4.652567386627197266e+00
1.120223236083984375e+01
1.374379730224609375e+01
9.637294769287109375e+00
1.328896903991699219e+01
8.443071365356445312e+00
1.031410980224609375e+01
9.624584197998046875e+00
9.991868019104003906e+00
7.995577335357666016e+00
5.279200553894042969e+00
1.157528305053710938e+01
8.650710105895996094e+00
3.533914327621459961e+00
8.560096740722656250e+00
1.165943145751953125e+01
7.776587486267089844e+00
1.062722778320312500e+01
9.773805618286132812e+00
9.349036216735839844e+00
1.116633319854736328e+01
1.103837108612060547e+01
1.263787651062011719e+01
7.922166824340820312e+00
4.538602352142333984e+00
9.325186729431152344e+00
1.003885173797607422e+01
9.921593666076660156e+00
1.054997634887695312e+01
9.102939605712890625e+00
1.409289073944091797e+01
1.049267292022705078e+01
1.148202991485595703e+01
4.832003116607666016e+00
1.026978206634521484e+01
1.132109546661376953e+01
1.041610908508300781e+01
1.285204315185546875e+01
7.299260139465332031e+00
1.041893672943115234e+01
