5.488184452056884766e+00
1.322388267517089844e+01
1.078766536712646484e+01
9.546963691711425781e+00
1.627291107177734375e+01
9.555490493774414062e+00
1.049997520446777344e+01
3.596478223800659180e+00
9.311634063720703125e+00
1.204294872283935547e+01
5.123363971710205078e+00
9.278059959411621094e+00
1.023022079467773438e+01
9.281636238098144531e+00
1.360142517089843750e+01
1.112773990631103516e+01
4.040753841400146484e+00
9.747252464294433594e+00
9.579483032226562500e+00
1.183236694335937500e+01
4.581842422485351562e+00
1.023974990844726562e+01
1.131552791595458984e+01
1.327154254913330078e+01
1.009320354461669922e+01
3.728807687759399414e+00
1.064446067810058594e+01
1.395848178863525391e+01
7.054451942443847656e+00
1.167142868041992188e+01
1.156317329406738281e+01
1.017847728729248047e+01
1.090315246582031250e+01
1.030545330047607422e+01
6.833763122558593750e+00
1.089265727996826172e+01
1.159854698181152344e+01
9.341107368469238281e+00
9.933834075927734375e+00
1.103529930114746094e+01
1.137574863433837891e+01
7.997769832611083984e+00
1.009436130523681641e+01
1.013416481018066406e+01
1.013587665557861328e+01
1.191922569274902344e+01
3.869123935699462891e+00
1.038094520568847656e+01
4.039611339569091797e+00
1.392374324798583984e+01
9.857354164123535156e+00
8.658326148986816406e+00
8.743818283081054688e+00
1.224665069580078125e+01
1.172595214843750000e+01
1.461482906341552734e+01
1.091206169128417969e+01
3.359537124633789062e+00
9.898918151855468750e+00
8.675144195556640625e+00
1.034719657897949219e+01
9.431201934814453125e+00
9.213603019714355469e+00
1.159278488159179688e+01
1.006680965423583984e+01
1.338686370849609375e+01
8.392600059509277344e+00
1.370319652557373047e+01
1.039140224456787109e+01
1.327244663238525391e+01
1.072288227081298828e+01
4.508746623992919922e+00
9.239288330078125000e+00
1.121596908569335938e+01
8.872227668762207031e+00
1.035281944274902344e+01
1.010395431518554688e+01
8.104962348937988281e+00
1.079036426544189453e+01
1.326341533660888672e+01
1.004873085021972656e+01
1.064394378662109375e+01
1.038246917724609375e+01
1.293256092071533203e+01
8.858670234680175781e+00
1.109607982635498047e+01
1.207861709594726562e+01
7.530788421630859375e+00
1.083244323730468750e+01
3.748847484588623047e+00
9.087539672851562500e+00
1.051950740814208984e+01
1.046497058868408203e+01
9.832553863525390625e+00
1.028466796875000000e+01
7.985943317413330078e+00
8.627511978149414062e+00
1.434963226318359375e+01
1.487139701843261719e+01
3.906622648239135742e+00
1.263396358489990234e+01
9.231081962585449219e+00
9.016439437866210938e+00
8.254935264587402344e+00
1.152947521209716797e+01
8.290967941284179688e+00
1.027446746826171875e+01
1.190986824035644531e+01
1.244234561920166016e+01
8.661026000976562500e+00
4.295970916748046875e+00
9.644210815429687500e+00
6.939475059509277344e+00
1.058849906921386719e+01
3.445780515670776367e+00
1.110308265686035156e+01
1.331661891937255859e+01
4.602204322814941406e+00
8.983021736145019531e+00
1.285461044311523438e+01
1.460756301879882812e+01
9.178320884704589844e+00
9.951739311218261719e+00
5.468815803527832031e+00
1.111948871612548828e+01
1.194884681701660156e+01
9.653443336486816406e+00
9.938802719116210938e+00
1.175630378723144531e+01
1.009555912017822266e+01
1.141395854949951172e+01
8.583438873291015625e+00
8.722167968750000000e+00
8.094204902648925781e+00
9.449756622314453125e+00
9.121514320373535156e+00
1.011801433563232422e+01
1.121224689483642578e+01
4.750869750976562500e+00
1.083403110504150391e+01
1.247488594055175781e+01
1.121914386749267578e+01
1.250271892547607422e+01
1.038454246520996094e+01
7.658207893371582031e+00
1.046531105041503906e+01
9.203597068786621094e+00
1.055884170532226562e+01
9.402786254882812500e+00
4.178714275360107422e+00
1.037888908386230469e+01
1.111739540100097656e+01
9.544089317321777344e+00
1.102454662322998047e+01
9.925601005554199219e+00
1.090654659271240234e+01
1.667424774169921875e+01
1.006563663482666016e+01
9.123639106750488281e+00
9.072472572326660156e+00
7.411665439605712891e+00
9.614089965820312500e+00
8.885776519775390625e+00
1.060412979125976562e+01
1.278861618041992188e+01
1.054861450195312500e+01
8.037980079650878906e+00
8.662095069885253906e+00
1.204466629028320312e+01
5.324271678924560547e+00
1.473557853698730469e+01
9.019785881042480469e+00
9.446902275085449219e+00
1.066816902160644531e+01
1.481022644042968750e+01
1.553038024902343750e+01
1.053404521942138672e+01
9.592635154724121094e+00
1.023214435577392578e+01
1.054986763000488281e+01
1.066045665740966797e+01
1.002188491821289062e+01
8.647420883178710938e+00
1.047536373138427734e+01
1.257824039459228516e+01
9.574179649353027344e+00
7.742256641387939453e+00
1.053627014160156250e+01
1.208206939697265625e+01
5.063066005706787109e+00
1.341427993774414062e+01
1.381654548645019531e+01
3.563409328460693359e+00
1.273052501678466797e+01
1.146924400329589844e+01
7.625526428222656250e+00
9.694079399108886719e+00
1.172116661071777344e+01
1.251154041290283203e+01
1.143086624145507812e+01
1.224330806732177734e+01
8.724981307983398438e+00
9.815027236938476562e+00
9.754450798034667969e+00
1.022432327270507812e+01
8.912271499633789062e+00
1.161707687377929688e+01
1.177346134185791016e+01
1.178461265563964844e+01
9.368146896362304688e+00
1.324871158599853516e+01
1.111814403533935547e+01
1.212785339355468750e+01
1.603454780578613281e+01
1.064919090270996094e+01
1.265365505218505859e+01
9.531229019165039062e+00
1.079906368255615234e+01
1.212165451049804688e+01
1.210261631011962891e+01
1.322612571716308594e+01
3.025794506072998047e+00
1.182703495025634766e+01
1.283781909942626953e+01
1.230694961547851562e+01
1.382218360900878906e+01
4.974527835845947266e+00
1.029235076904296875e+01
1.527174949645996094e+01
1.277341938018798828e+01
8.133829116821289062e+00
9.983355522155761719e+00
8.412897109985351562e+00
1.121522045135498047e+01
1.060899353027343750e+01
1.163280868530273438e+01
1.222070026397705078e+01
9.112112045288085938e+00
8.708305358886718750e+00
1.266466999053955078e+01
9.943575859069824219e+00
3.780107259750366211e+00
9.474989891052246094e+00
1.206050205230712891e+01
1.511197948455810547e+01
1.232506561279296875e+01
1.302539825439453125e+01
9.570469856262207031e+00
9.237134933471679688e+00
1.087010192871093750e+01
