1.244973945617675781e+01
9.079989433288574219e+00
1.207472229003906250e+01
8.228639602661132812e+00
4.216399669647216797e+00
1.116093635559082031e+01
1.361444091796875000e+01
9.340429306030273438e+00
7.320576667785644531e+00
8.293983459472656250e+00
1.066611671447753906e+01
9.818564414978027344e+00
1.449815940856933594e+01
1.197073459625244141e+01
1.406234264373779297e+01
9.638079643249511719e+00
1.328516006469726562e+01
1.196363830566406250e+01
1.026573467254638672e+01
5.517997264862060547e+00
9.704503059387207031e+00
1.351812362670898438e+01
7.980672836303710938e+00
1.199995708465576172e+01
9.037941932678222656e+00
9.563068389892578125e+00
1.473772144317626953e+01
1.344206905364990234e+01
1.179388523101806641e+01
1.020299339294433594e+01
1.375488662719726562e+01
1.170231342315673828e+01
1.184626674652099609e+01
1.200309371948242188e+01
1.412787437438964844e+01
9.101159095764160156e+00
1.245440864562988281e+01
9.709230422973632812e+00
8.903677940368652344e+00
1.022839546203613281e+01
1.223089408874511719e+01
4.462614059448242188e+00
1.170583248138427734e+01
8.810161590576171875e+00
9.976838111877441406e+00
4.017432212829589844e+00
8.723412513732910156e+00
1.019918823242187500e+01
8.804227828979492188e+00
1.044192600250244141e+01
1.065907669067382812e+01
1.242934608459472656e+01
1.038700580596923828e+01
9.729278564453125000e+00
1.033309745788574219e+01
9.821697235107421875e+00
1.434186458587646484e+01
1.122088432312011719e+01
1.107010936737060547e+01
8.745776176452636719e+00
8.481322288513183594e+00
1.053442192077636719e+01
1.113863849639892578e+01
1.096592044830322266e+01
1.384146595001220703e+01
1.141221046447753906e+01
1.442262554168701172e+01
1.014052867889404297e+01
5.690697193145751953e+00
8.642774581909179688e+00
1.057548713684082031e+01
9.785325050354003906e+00
1.167523670196533203e+01
1.046661567687988281e+01
8.419278144836425781e+00
1.033776664733886719e+01
1.054177474975585938e+01
1.184315776824951172e+01
1.149597072601318359e+01
7.765743732452392578e+00
5.763419628143310547e+00
7.627296924591064453e+00
1.201886367797851562e+01
9.201313972473144531e+00
8.792265892028808594e+00
9.246025085449218750e+00
1.310655117034912109e+01
6.608875274658203125e+00
8.987968444824218750e+00
1.006293201446533203e+01
1.115788745880126953e+01
9.169342041015625000e+00
1.036275005340576172e+01
1.229287147521972656e+01
1.611071777343750000e+01
1.077199745178222656e+01
1.189390277862548828e+01
9.851903915405273438e+00
9.568129539489746094e+00
7.941465854644775391e+00
9.216227531433105469e+00
8.154769897460937500e+00
1.248224639892578125e+01
4.532050609588623047e+00
9.549811363220214844e+00
1.162689304351806641e+01
1.542707347869873047e+01
9.275703430175781250e+00
1.184840679168701172e+01
9.646558761596679688e+00
1.129276752471923828e+01
4.200481414794921875e+00
1.181857490539550781e+01
3.838524818420410156e+00
1.074823188781738281e+01
1.076841354370117188e+01
7.364033699035644531e+00
9.752820968627929688e+00
1.164585685729980469e+01
1.104146862030029297e+01
3.915430545806884766e+00
8.638502120971679688e+00
5.258816719055175781e+00
1.032827091217041016e+01
9.770915985107421875e+00
8.950693130493164062e+00
1.142436313629150391e+01
9.608989715576171875e+00
1.205764675140380859e+01
1.228081798553466797e+01
5.401781082153320312e+00
9.110383033752441406e+00
4.049710273742675781e+00
1.242403507232666016e+01
1.078271675109863281e+01
9.312729835510253906e+00
9.470227241516113281e+00
1.145933437347412109e+01
1.137127590179443359e+01
8.836567878723144531e+00
9.069179534912109375e+00
1.114899253845214844e+01
1.068414497375488281e+01
8.764003753662109375e+00
1.170897674560546875e+01
3.861110448837280273e+00
9.229789733886718750e+00
1.183644771575927734e+01
1.121024513244628906e+01
4.789396286010742188e+00
1.004246807098388672e+01
7.338724613189697266e+00
1.165760135650634766e+01
9.887032508850097656e+00
9.827156066894531250e+00
3.658846616744995117e+00
1.375514984130859375e+01
9.825404167175292969e+00
1.218109703063964844e+01
1.105334949493408203e+01
7.847374916076660156e+00
1.180919456481933594e+01
8.543744087219238281e+00
1.020218467712402344e+01
1.058292961120605469e+01
1.212651538848876953e+01
1.114195632934570312e+01
8.959156990051269531e+00
1.301505184173583984e+01
8.660187721252441406e+00
9.123096466064453125e+00
1.242616081237792969e+01
1.039975452423095703e+01
1.027536869049072266e+01
9.069268226623535156e+00
8.354384422302246094e+00
1.184255218505859375e+01
3.811498403549194336e+00
1.152028465270996094e+01
1.052986145019531250e+01
1.011775016784667969e+01
8.939232826232910156e+00
9.131992340087890625e+00
8.348020553588867188e+00
1.184878444671630859e+01
1.045484638214111328e+01
1.105612564086914062e+01
9.232015609741210938e+00
8.782969474792480469e+00
7.078439235687255859e+00
9.108716011047363281e+00
9.161167144775390625e+00
1.016179084777832031e+01
7.643249034881591797e+00
1.141528701782226562e+01
9.153852462768554688e+00
1.151369667053222656e+01
4.001745223999023438e+00
1.047033309936523438e+01
1.156463336944580078e+01
1.054547691345214844e+01
1.081841278076171875e+01
1.043647480010986328e+01
9.936059951782226562e+00
1.387430095672607422e+01
1.215644836425781250e+01
6.524575710296630859e+00
9.496310234069824219e+00
9.409365653991699219e+00
7.161222457885742188e+00
7.079416275024414062e+00
9.642603874206542969e+00
3.301532030105590820e+00
8.601894378662109375e+00
1.067408275604248047e+01
9.184172630310058594e+00
1.384899234771728516e+01
9.392244338989257812e+00
1.355481624603271484e+01
9.927627563476562500e+00
1.373697853088378906e+01
8.769704818725585938e+00
9.540978431701660156e+00
6.809776306152343750e+00
1.167143440246582031e+01
1.170497512817382812e+01
3.593612194061279297e+00
8.046428680419921875e+00
7.517773628234863281e+00
9.132102966308593750e+00
3.282472133636474609e+00
8.397450447082519531e+00
8.179261207580566406e+00
9.876368522644042969e+00
4.479084014892578125e+00
8.416402816772460938e+00
7.005304336547851562e+00
4.054044723510742188e+00
1.196313190460205078e+01
7.684462070465087891e+00
8.773179054260253906e+00
9.515601158142089844e+00
1.085199451446533203e+01
1.062876224517822266e+01
1.464810180664062500e+01
8.897934913635253906e+00
8.741013526916503906e+00
1.021609497070312500e+01
8.844009399414062500e+00
6.535880088806152344e+00
