8.325788497924804688e+00
1.217155265808105469e+01
5.871514320373535156e+00
1.172500705718994141e+01
1.474264335632324219e+01
9.691798210144042969e+00
1.546645641326904297e+01
9.267853736877441406e+00
8.566023826599121094e+00
7.924748420715332031e+00
7.210855007171630859e+00
1.309065914154052734e+01
1.496857929229736328e+01
8.678423881530761719e+00
1.283948993682861328e+01
9.278577804565429688e+00
1.123804759979248047e+01
9.238103866577148438e+00
8.259370803833007812e+00
1.265774726867675781e+01
3.969820976257324219e+00
1.016519355773925781e+01
9.846461296081542969e+00
1.420376110076904297e+01
9.470667839050292969e+00
1.331753158569335938e+01
1.121787452697753906e+01
1.000978469848632812e+01
9.997117996215820312e+00
1.039703655242919922e+01
8.959636688232421875e+00
4.008088588714599609e+00
3.996515274047851562e+00
1.165895271301269531e+01
8.485332489013671875e+00
1.246032428741455078e+01
1.365113639831542969e+01
1.240786552429199219e+01
1.252420425415039062e+01
9.853471755981445312e+00
1.170460891723632812e+01
1.049713611602783203e+01
3.279453992843627930e+00
9.059469223022460938e+00
1.204339981079101562e+01
1.256888580322265625e+01
4.252369403839111328e+00
1.203239917755126953e+01
1.348863887786865234e+01
1.174786472320556641e+01
9.500515937805175781e+00
4.128344535827636719e+00
1.089609336853027344e+01
1.275080013275146484e+01
8.987557411193847656e+00
8.663401603698730469e+00
3.592105627059936523e+00
1.072994232177734375e+01
3.626422643661499023e+00
1.375648784637451172e+01
1.004765892028808594e+01
9.667533874511718750e+00
7.273430347442626953e+00
9.475263595581054688e+00
1.128587436676025391e+01
1.108107185363769531e+01
1.043183803558349609e+01
1.312701988220214844e+01
1.127322673797607422e+01
1.036467552185058594e+01
1.001975440979003906e+01
9.318270683288574219e+00
1.137437248229980469e+01
4.078099727630615234e+00
1.245333099365234375e+01
3.896768569946289062e+00
9.985909461975097656e+00
9.516792297363281250e+00
3.572434902191162109e+00
9.997280120849609375e+00
1.148811054229736328e+01
5.715274333953857422e+00
3.703979253768920898e+00
1.163341903686523438e+01
9.570897102355957031e+00
1.288904380798339844e+01
1.512416172027587891e+01
1.173230361938476562e+01
4.183114051818847656e+00
1.106836128234863281e+01
1.274496555328369141e+01
1.280938720703125000e+01
1.396523571014404297e+01
1.018072795867919922e+01
1.147943782806396484e+01
1.186713886260986328e+01
1.080004310607910156e+01
7.386362075805664062e+00
1.115967941284179688e+01
1.383286094665527344e+01
9.702665328979492188e+00
1.369112777709960938e+01
1.032970046997070312e+01
1.116149234771728516e+01
1.321707820892333984e+01
1.128372955322265625e+01
1.463299751281738281e+01
6.654419898986816406e+00
1.381321525573730469e+01
1.385354328155517578e+01
7.569078445434570312e+00
1.328782749176025391e+01
8.928501129150390625e+00
1.067808532714843750e+01
1.289206218719482422e+01
1.247491645812988281e+01
1.007662487030029297e+01
1.085347652435302734e+01
1.128850936889648438e+01
4.269729137420654297e+00
3.780855655670166016e+00
1.034063434600830078e+01
1.065491867065429688e+01
1.010455513000488281e+01
8.800325393676757812e+00
1.341832733154296875e+01
8.915145874023437500e+00
1.144323348999023438e+01
1.062821006774902344e+01
1.164662837982177734e+01
1.031692504882812500e+01
1.062785339355468750e+01
1.153256988525390625e+01
1.114576053619384766e+01
1.015858268737792969e+01
1.064586257934570312e+01
4.292375087738037109e+00
1.063911628723144531e+01
1.058537673950195312e+01
1.006887435913085938e+01
1.384348201751708984e+01
1.213173103332519531e+01
1.112011909484863281e+01
5.846447467803955078e+00
1.390360450744628906e+01
1.390839672088623047e+01
1.038577747344970703e+01
1.055746650695800781e+01
1.191434001922607422e+01
1.227933979034423828e+01
9.332139968872070312e+00
1.192674255371093750e+01
1.185345840454101562e+01
1.441054153442382812e+01
1.026163005828857422e+01
1.109995937347412109e+01
7.944374084472656250e+00
1.087136650085449219e+01
1.080078887939453125e+01
1.077965164184570312e+01
1.318745613098144531e+01
9.974223136901855469e+00
8.779806137084960938e+00
1.182347393035888672e+01
9.401089668273925781e+00
9.872119903564453125e+00
8.608818054199218750e+00
7.133194446563720703e+00
1.134856986999511719e+01
1.440335941314697266e+01
1.445841026306152344e+01
1.153479766845703125e+01
1.180325222015380859e+01
9.674137115478515625e+00
4.208989143371582031e+00
6.575056552886962891e+00
7.209178447723388672e+00
4.927980899810791016e+00
8.042421340942382812e+00
1.059756469726562500e+01
7.623621940612792969e+00
1.034170722961425781e+01
1.129788017272949219e+01
1.162886333465576172e+01
1.088124465942382812e+01
1.030515098571777344e+01
1.034286212921142578e+01
3.641142368316650391e+00
1.122794342041015625e+01
1.277084064483642578e+01
1.223432159423828125e+01
1.048545360565185547e+01
1.055001354217529297e+01
8.062920570373535156e+00
8.921653747558593750e+00
1.035081672668457031e+01
6.533507823944091797e+00
8.620585441589355469e+00
8.098945617675781250e+00
7.089011669158935547e+00
1.272836875915527344e+01
1.146838855743408203e+01
9.694022178649902344e+00
7.652631759643554688e+00
1.357428359985351562e+01
4.206181526184082031e+00
1.186904621124267578e+01
1.103605461120605469e+01
1.354316139221191406e+01
1.031067752838134766e+01
1.182921409606933594e+01
9.509813308715820312e+00
9.117025375366210938e+00
1.134001827239990234e+01
8.994033813476562500e+00
8.142283439636230469e+00
1.137449836730957031e+01
7.804449558258056641e+00
1.195054626464843750e+01
1.167016410827636719e+01
4.166352748870849609e+00
9.794903755187988281e+00
1.182409095764160156e+01
4.112115859985351562e+00
1.311686801910400391e+01
1.359364986419677734e+01
1.174814510345458984e+01
8.731578826904296875e+00
1.074762535095214844e+01
9.386256217956542969e+00
8.189279556274414062e+00
9.705888748168945312e+00
9.601669311523437500e+00
8.694017410278320312e+00
3.708186864852905273e+00
7.273480892181396484e+00
1.424702167510986328e+01
1.092920875549316406e+01
1.051004791259765625e+01
7.400818347930908203e+00
1.053517341613769531e+01
1.129445266723632812e+01
1.212970733642578125e+01
9.311235427856445312e+00
4.127651691436767578e+00
1.014300537109375000e+01
1.042985725402832031e+01
9.912965774536132812e+00
4.904927730560302734e+00
8.139929771423339844e+00
