9.183216094970703125e+00
9.550674438476562500e+00
5.871068954467773438e+00
6.125817298889160156e+00
1.125478172302246094e+01
1.371353244781494141e+01
1.110077762603759766e+01
1.173249721527099609e+01
9.480159759521484375e+00
9.415371894836425781e+00
7.313673973083496094e+00
1.046638107299804688e+01
1.232944869995117188e+01
1.157013225555419922e+01
9.191149711608886719e+00
1.170217132568359375e+01
1.126479434967041016e+01
1.244406700134277344e+01
1.035294437408447266e+01
9.550928115844726562e+00
3.520756244659423828e+00
5.037816524505615234e+00
1.160780334472656250e+01
1.075588989257812500e+01
9.627414703369140625e+00
1.223126125335693359e+01
1.023497581481933594e+01
1.372428703308105469e+01
1.040406322479248047e+01
1.125195884704589844e+01
1.019876289367675781e+01
8.821873664855957031e+00
1.033666896820068359e+01
1.175712490081787109e+01
1.079891490936279297e+01
1.041204261779785156e+01
8.233322143554687500e+00
9.527138710021972656e+00
1.078841400146484375e+01
1.303226757049560547e+01
1.023791694641113281e+01
1.084028816223144531e+01
1.127386760711669922e+01
6.144505977630615234e+00
1.441951179504394531e+01
1.071799659729003906e+01
7.904084682464599609e+00
1.330105113983154297e+01
9.030384063720703125e+00
1.002640724182128906e+01
1.336443233489990234e+01
8.149699211120605469e+00
5.319087028503417969e+00
9.759579658508300781e+00
6.411159038543701172e+00
1.194672298431396484e+01
1.133861064910888672e+01
1.265055847167968750e+01
9.436790466308593750e+00
1.420995616912841797e+01
1.150988101959228516e+01
1.114446926116943359e+01
3.823358535766601562e+00
1.270652389526367188e+01
7.145024776458740234e+00
9.929739952087402344e+00
1.662087249755859375e+01
8.864237785339355469e+00
9.987486839294433594e+00
1.330600261688232422e+01
4.397503852844238281e+00
1.144943809509277344e+01
1.132862949371337891e+01
9.172102928161621094e+00
8.829975128173828125e+00
7.234196186065673828e+00
1.220607757568359375e+01
9.602575302124023438e+00
9.528036117553710938e+00
1.145360183715820312e+01
1.165744876861572266e+01
1.192242240905761719e+01
4.887571334838867188e+00
5.396288871765136719e+00
1.181582927703857422e+01
1.179163360595703125e+01
9.262364387512207031e+00
8.798027992248535156e+00
1.129235553741455078e+01
1.336368179321289062e+01
9.237807273864746094e+00
1.111400794982910156e+01
1.054561614990234375e+01
1.002709484100341797e+01
1.000126075744628906e+01
9.669793128967285156e+00
1.313941287994384766e+01
1.331127166748046875e+01
1.037459182739257812e+01
1.199494552612304688e+01
1.176359176635742188e+01
1.156358051300048828e+01
1.232734107971191406e+01
1.062507438659667969e+01
3.461721420288085938e+00
1.264270210266113281e+01
1.166154766082763672e+01
9.360793113708496094e+00
4.562138080596923828e+00
1.061486911773681641e+01
4.409677505493164062e+00
1.071364784240722656e+01
1.388565349578857422e+01
1.013287734985351562e+01
1.111211490631103516e+01
1.106822872161865234e+01
5.240184307098388672e+00
1.000299549102783203e+01
1.179848766326904297e+01
1.097619533538818359e+01
1.172275733947753906e+01
9.042675971984863281e+00
3.930851697921752930e+00
1.128759384155273438e+01
1.065650081634521484e+01
1.267778873443603516e+01
1.300396633148193359e+01
1.015711402893066406e+01
1.138039970397949219e+01
1.219406604766845703e+01
1.270575904846191406e+01
1.020834827423095703e+01
8.536248207092285156e+00
9.406757354736328125e+00
6.649422168731689453e+00
5.292397499084472656e+00
1.056281948089599609e+01
1.096331977844238281e+01
1.377245807647705078e+01
1.107423305511474609e+01
8.734413146972656250e+00
9.881133079528808594e+00
5.754239082336425781e+00
1.212908363342285156e+01
1.269606208801269531e+01
9.680164337158203125e+00
1.020086383819580078e+01
8.115343093872070312e+00
9.295200347900390625e+00
1.310171413421630859e+01
1.295470237731933594e+01
1.074934196472167969e+01
1.519366455078125000e+01
1.030158042907714844e+01
1.062949752807617188e+01
9.611530303955078125e+00
9.680230140686035156e+00
9.285886764526367188e+00
1.273405742645263672e+01
1.153136444091796875e+01
9.344537734985351562e+00
1.172675418853759766e+01
1.136824035644531250e+01
1.152420902252197266e+01
1.071072578430175781e+01
4.921398162841796875e+00
1.005213069915771484e+01
9.218039512634277344e+00
1.082578563690185547e+01
9.719445228576660156e+00
1.237134075164794922e+01
1.111964893341064453e+01
1.131121826171875000e+01
9.933707237243652344e+00
1.126577568054199219e+01
1.400691223144531250e+01
5.962095260620117188e+00
9.246100425720214844e+00
9.484175682067871094e+00
1.042144012451171875e+01
1.007463836669921875e+01
5.883476734161376953e+00
1.281464099884033203e+01
5.540148258209228516e+00
1.157499599456787109e+01
1.314678287506103516e+01
4.930146694183349609e+00
1.073929691314697266e+01
9.975090026855468750e+00
1.067697334289550781e+01
1.260245990753173828e+01
8.683844566345214844e+00
3.155486106872558594e+00
1.107914352416992188e+01
1.217056274414062500e+01
9.559984207153320312e+00
1.155723762512207031e+01
8.203299522399902344e+00
1.059891414642333984e+01
1.190788936614990234e+01
1.265059089660644531e+01
1.158780193328857422e+01
1.087789726257324219e+01
1.063037109375000000e+01
1.158251190185546875e+01
8.780860900878906250e+00
4.046587467193603516e+00
9.082952499389648438e+00
4.212472915649414062e+00
3.679125547409057617e+00
1.067597103118896484e+01
1.350153636932373047e+01
1.041087150573730469e+01
1.122549438476562500e+01
1.194811534881591797e+01
1.116152572631835938e+01
1.020187473297119141e+01
1.221172428131103516e+01
9.683568954467773438e+00
8.339951515197753906e+00
1.141328525543212891e+01
9.011405944824218750e+00
1.182425689697265625e+01
1.089708232879638672e+01
6.825174331665039062e+00
1.012475204467773438e+01
7.160105705261230469e+00
1.039449501037597656e+01
8.514877319335937500e+00
3.734066247940063477e+00
1.129671859741210938e+01
1.458360004425048828e+01
4.012629032135009766e+00
1.044382190704345703e+01
1.066858768463134766e+01
1.062684631347656250e+01
1.123234462738037109e+01
1.105570888519287109e+01
1.174357318878173828e+01
1.005955314636230469e+01
1.177194595336914062e+01
8.673899650573730469e+00
1.171109962463378906e+01
9.369732856750488281e+00
3.717481613159179688e+00
9.115653038024902344e+00
9.176662445068359375e+00
3.978380441665649414e+00
9.385852813720703125e+00
1.324159145355224609e+01
