1.134629917144775391e+01
9.014500617980957031e+00
9.544533729553222656e+00
1.165454578399658203e+01
7.733563899993896484e+00
9.128919601440429688e+00
1.413700199127197266e+01
1.274995231628417969e+01
9.110454559326171875e+00
1.037650585174560547e+01
1.066667556762695312e+01
8.244760513305664062e+00
1.239815711975097656e+01
1.021795940399169922e+01
1.239962005615234375e+01
1.097084712982177734e+01
1.111719799041748047e+01
9.550892829895019531e+00
1.452113819122314453e+01
8.794622421264648438e+00
1.111719799041748047e+01
9.442685127258300781e+00
1.008913135528564453e+01
8.982254981994628906e+00
1.132993507385253906e+01
1.186558341979980469e+01
1.161040782928466797e+01
9.144843101501464844e+00
9.839171409606933594e+00
1.322112464904785156e+01
9.239642143249511719e+00
9.749897003173828125e+00
8.954163551330566406e+00
3.916145324707031250e+00
8.376720428466796875e+00
1.435564517974853516e+01
9.322273254394531250e+00
1.143570899963378906e+01
6.980163097381591797e+00
8.487053871154785156e+00
1.127154636383056641e+01
1.170310115814208984e+01
8.821873664855957031e+00
9.506694793701171875e+00
8.571461677551269531e+00
7.559828281402587891e+00
1.121201133728027344e+01
1.208886337280273438e+01
1.096173763275146484e+01
7.810646533966064453e+00
1.255983448028564453e+01
1.096136760711669922e+01
1.203303718566894531e+01
4.154923915863037109e+00
1.196729373931884766e+01
1.083362960815429688e+01
1.081741809844970703e+01
1.093654537200927734e+01
1.172482681274414062e+01
9.589365959167480469e+00
8.029438018798828125e+00
9.820899009704589844e+00
9.560183525085449219e+00
8.338210105895996094e+00
1.528712368011474609e+01
8.534587860107421875e+00
9.312582015991210938e+00
1.244915866851806641e+01
1.032813453674316406e+01
7.658617496490478516e+00
1.103568744659423828e+01
9.525709152221679688e+00
1.019599437713623047e+01
3.869155883789062500e+00
1.280629730224609375e+01
1.259316539764404297e+01
1.197961330413818359e+01
1.022391414642333984e+01
8.480187416076660156e+00
9.815915107727050781e+00
1.098427104949951172e+01
1.058253097534179688e+01
9.923537254333496094e+00
8.559072494506835938e+00
4.018519401550292969e+00
9.976760864257812500e+00
9.528214454650878906e+00
9.564290046691894531e+00
5.144948482513427734e+00
8.003705978393554688e+00
1.150688648223876953e+01
7.262571334838867188e+00
6.097518444061279297e+00
8.882908821105957031e+00
1.344634056091308594e+01
8.851449966430664062e+00
9.794320106506347656e+00
9.573383331298828125e+00
7.864011764526367188e+00
1.011052513122558594e+01
1.360947513580322266e+01
8.113508224487304688e+00
1.330280685424804688e+01
8.702981948852539062e+00
1.065089607238769531e+01
1.069303321838378906e+01
1.139610862731933594e+01
7.534030437469482422e+00
1.044710540771484375e+01
1.046045494079589844e+01
7.758333683013916016e+00
1.024558448791503906e+01
1.276895713806152344e+01
3.860616445541381836e+00
8.894920349121093750e+00
9.139337539672851562e+00
1.121033191680908203e+01
1.133322048187255859e+01
5.115066528320312500e+00
1.029930591583251953e+01
1.039417266845703125e+01
8.587644577026367188e+00
1.222005939483642578e+01
8.915000915527343750e+00
1.201524066925048828e+01
8.786281585693359375e+00
1.275561141967773438e+01
1.001332759857177734e+01
3.615192890167236328e+00
7.799214363098144531e+00
1.119025802612304688e+01
1.059004497528076172e+01
1.068492698669433594e+01
7.875322341918945312e+00
1.071797370910644531e+01
4.046929359436035156e+00
9.120573997497558594e+00
1.199604892730712891e+01
9.716222763061523438e+00
9.610323905944824219e+00
9.331523895263671875e+00
1.107579326629638672e+01
3.758237838745117188e+00
9.896734237670898438e+00
1.026839542388916016e+01
1.055408287048339844e+01
9.960360527038574219e+00
4.756615638732910156e+00
1.271281147003173828e+01
1.061000251770019531e+01
9.125425338745117188e+00
1.037347698211669922e+01
9.474656105041503906e+00
8.981258392333984375e+00
9.819035530090332031e+00
1.118510627746582031e+01
1.088216590881347656e+01
3.504776716232299805e+00
8.118063926696777344e+00
8.680995941162109375e+00
1.217650032043457031e+01
8.520806312561035156e+00
1.119577598571777344e+01
8.994799613952636719e+00
1.338304901123046875e+01
3.894747495651245117e+00
1.176642036437988281e+01
8.458393096923828125e+00
1.426587581634521484e+01
9.676607131958007812e+00
1.075196933746337891e+01
1.080184268951416016e+01
4.097091197967529297e+00
9.695999145507812500e+00
1.413701343536376953e+01
9.347351074218750000e+00
5.298653125762939453e+00
9.457841873168945312e+00
7.922477245330810547e+00
8.017413139343261719e+00
1.004192638397216797e+01
1.143400001525878906e+01
1.096440029144287109e+01
3.674591302871704102e+00
8.440917968750000000e+00
7.821447849273681641e+00
1.623999977111816406e+01
8.766620635986328125e+00
1.048944854736328125e+01
1.025427722930908203e+01
7.267440319061279297e+00
1.175671863555908203e+01
9.255350112915039062e+00
1.043423175811767578e+01
9.717679023742675781e+00
1.173208332061767578e+01
8.075747489929199219e+00
3.094602346420288086e+00
1.044225597381591797e+01
1.269495582580566406e+01
9.251089096069335938e+00
8.189100265502929688e+00
9.206303596496582031e+00
1.089789199829101562e+01
9.731437683105468750e+00
9.009088516235351562e+00
1.381471538543701172e+01
1.194481277465820312e+01
1.170684623718261719e+01
1.190011501312255859e+01
1.370778274536132812e+01
1.101667976379394531e+01
1.272429370880126953e+01
1.040723705291748047e+01
9.110788345336914062e+00
7.847685337066650391e+00
1.256999969482421875e+01
1.023002243041992188e+01
8.050620079040527344e+00
8.202992439270019531e+00
8.114356994628906250e+00
3.503951787948608398e+00
1.376300334930419922e+01
1.060936450958251953e+01
1.191737842559814453e+01
9.539770126342773438e+00
1.107977771759033203e+01
9.183406829833984375e+00
1.241591644287109375e+01
9.205597877502441406e+00
9.533774375915527344e+00
1.040446758270263672e+01
1.284950351715087891e+01
4.409935951232910156e+00
1.441988945007324219e+01
3.552906513214111328e+00
1.478082180023193359e+01
1.083889102935791016e+01
1.085644531250000000e+01
7.786628246307373047e+00
8.923263549804687500e+00
1.096840476989746094e+01
1.309145545959472656e+01
9.424742698669433594e+00
1.017291450500488281e+01
1.040235996246337891e+01
1.066414928436279297e+01
1.041092109680175781e+01
1.084042167663574219e+01
1.208648300170898438e+01
