1.252770900726318359e+01
3.506022691726684570e+00
1.306121349334716797e+01
7.902349472045898438e+00
7.260995864868164062e+00
1.272955989837646484e+01
1.101385879516601562e+01
1.126117706298828125e+01
9.758117675781250000e+00
9.702433586120605469e+00
1.174428653717041016e+01
1.344651412963867188e+01
3.529699563980102539e+00
1.412882518768310547e+01
1.474866485595703125e+01
1.050303840637207031e+01
1.404498958587646484e+01
4.134263038635253906e+00
7.343363285064697266e+00
3.390549421310424805e+00
1.465472316741943359e+01
1.173801517486572266e+01
1.249247074127197266e+01
9.019741058349609375e+00
1.328715324401855469e+01
9.052770614624023438e+00
1.111010265350341797e+01
7.871235847473144531e+00
1.248039150238037109e+01
8.709785461425781250e+00
1.786765289306640625e+01
1.230334568023681641e+01
1.339779853820800781e+01
3.202594041824340820e+00
1.277598667144775391e+01
9.255064964294433594e+00
9.916362762451171875e+00
8.628334999084472656e+00
4.889685153961181641e+00
1.120201587677001953e+01
7.747018814086914062e+00
8.222892761230468750e+00
1.134961032867431641e+01
1.065722179412841797e+01
1.096748256683349609e+01
4.509708404541015625e+00
1.526966762542724609e+01
1.265742874145507812e+01
3.397463798522949219e+00
1.296615791320800781e+01
1.041187858581542969e+01
1.133750152587890625e+01
1.100574684143066406e+01
1.108922576904296875e+01
8.946937561035156250e+00
8.102340698242187500e+00
1.192591571807861328e+01
9.348951339721679688e+00
4.110447883605957031e+00
8.366877555847167969e+00
1.077615356445312500e+01
3.275061607360839844e+00
1.117642402648925781e+01
1.501461887359619141e+01
1.051147460937500000e+01
1.299406909942626953e+01
1.048315620422363281e+01
1.015315246582031250e+01
1.091051769256591797e+01
1.008107376098632812e+01
1.483036804199218750e+01
1.114096164703369141e+01
1.057113170623779297e+01
7.236835956573486328e+00
8.151291847229003906e+00
1.384123802185058594e+01
8.151189804077148438e+00
1.077626800537109375e+01
1.055350875854492188e+01
1.073473930358886719e+01
9.741378784179687500e+00
4.342379093170166016e+00
9.548803329467773438e+00
8.755628585815429688e+00
3.296264410018920898e+00
8.724901199340820312e+00
1.265921306610107422e+01
1.554359626770019531e+01
1.019403839111328125e+01
1.010643863677978516e+01
1.492422962188720703e+01
1.265568828582763672e+01
1.041697120666503906e+01
3.750454902648925781e+00
1.460753059387207031e+01
1.296936035156250000e+01
1.196805953979492188e+01
7.431429862976074219e+00
1.001195144653320312e+01
1.033135032653808594e+01
9.416035652160644531e+00
9.676177978515625000e+00
1.052470111846923828e+01
1.289055538177490234e+01
1.126831150054931641e+01
8.738412857055664062e+00
1.104385662078857422e+01
7.619482040405273438e+00
1.181148052215576172e+01
9.307011604309082031e+00
9.506837844848632812e+00
1.005137729644775391e+01
1.175378131866455078e+01
4.386950492858886719e+00
1.450338172912597656e+01
9.327030181884765625e+00
1.028382778167724609e+01
1.143849563598632812e+01
9.198000907897949219e+00
1.058294963836669922e+01
9.756314277648925781e+00
1.078434848785400391e+01
5.226996421813964844e+00
1.087945747375488281e+01
1.455003166198730469e+01
7.630985736846923828e+00
1.076836490631103516e+01
9.827266693115234375e+00
1.078859615325927734e+01
5.368505954742431641e+00
1.084833240509033203e+01
7.191378593444824219e+00
7.185610771179199219e+00
1.269901561737060547e+01
1.345759773254394531e+01
1.373011302947998047e+01
9.945882797241210938e+00
9.527342796325683594e+00
1.161351203918457031e+01
1.103981208801269531e+01
1.212837600708007812e+01
7.645328998565673828e+00
7.598251819610595703e+00
9.250756263732910156e+00
4.868497371673583984e+00
1.063066864013671875e+01
1.015932750701904297e+01
8.319298744201660156e+00
1.294233512878417969e+01
1.097945976257324219e+01
1.237914276123046875e+01
1.111866760253906250e+01
9.552709579467773438e+00
1.215574932098388672e+01
9.661140441894531250e+00
1.370101356506347656e+01
8.073530197143554688e+00
1.492150402069091797e+01
1.096880626678466797e+01
9.505558967590332031e+00
8.991704940795898438e+00
7.196329593658447266e+00
1.313527679443359375e+01
1.247650527954101562e+01
8.292140007019042969e+00
8.907365798950195312e+00
3.885180234909057617e+00
8.322614669799804688e+00
1.077708435058593750e+01
4.981571197509765625e+00
7.991683959960937500e+00
1.063069248199462891e+01
9.673014640808105469e+00
1.348247337341308594e+01
3.990561485290527344e+00
8.377909660339355469e+00
1.138620662689208984e+01
1.328008747100830078e+01
9.695419311523437500e+00
4.558718681335449219e+00
1.177395820617675781e+01
4.697305679321289062e+00
1.174682044982910156e+01
1.050438499450683594e+01
1.455399322509765625e+01
1.178673553466796875e+01
1.281655311584472656e+01
6.611606597900390625e+00
1.231287670135498047e+01
6.170301437377929688e+00
1.274573326110839844e+01
1.429255580902099609e+01
9.004359245300292969e+00
8.284191131591796875e+00
9.640253067016601562e+00
1.041702747344970703e+01
6.366618156433105469e+00
1.221641635894775391e+01
1.090345287322998047e+01
8.754817008972167969e+00
1.545201969146728516e+01
1.092730617523193359e+01
1.178655815124511719e+01
8.517058372497558594e+00
1.172523307800292969e+01
1.258155536651611328e+01
1.462344932556152344e+01
1.160053539276123047e+01
1.006573963165283203e+01
5.100198745727539062e+00
1.044180488586425781e+01
1.056334972381591797e+01
9.276604652404785156e+00
8.831051826477050781e+00
1.376279163360595703e+01
7.434036731719970703e+00
1.472938442230224609e+01
1.174115276336669922e+01
1.107077693939208984e+01
7.038812637329101562e+00
1.085180187225341797e+01
1.158831977844238281e+01
1.353622341156005859e+01
8.317194938659667969e+00
1.258697128295898438e+01
9.383746147155761719e+00
8.086616516113281250e+00
9.109654426574707031e+00
7.659120082855224609e+00
1.018639373779296875e+01
1.239353466033935547e+01
9.661808967590332031e+00
8.056368827819824219e+00
1.327240085601806641e+01
1.015797042846679688e+01
9.258803367614746094e+00
1.296906566619873047e+01
4.545407772064208984e+00
5.546651363372802734e+00
7.199932098388671875e+00
1.433586120605468750e+01
1.235090446472167969e+01
1.024800968170166016e+01
1.039829921722412109e+01
8.203101158142089844e+00
3.819020032882690430e+00
1.285703372955322266e+01
1.186527633666992188e+01
1.053430080413818359e+01
1.100307750701904297e+01
