8.022006988525390625e+00
1.146191787719726562e+01
1.079100799560546875e+01
1.180081272125244141e+01
1.038998413085937500e+01
6.109829425811767578e+00
9.586585044860839844e+00
1.494246482849121094e+01
5.899233341217041016e+00
1.413577556610107422e+01
1.096599197387695312e+01
9.990216255187988281e+00
9.486779212951660156e+00
8.927082061767578125e+00
1.053802490234375000e+01
1.140259456634521484e+01
1.084431362152099609e+01
1.034764289855957031e+01
1.325589752197265625e+01
9.350641250610351562e+00
1.127722835540771484e+01
8.223546981811523438e+00
9.915930747985839844e+00
1.208505725860595703e+01
1.011913013458251953e+01
5.877027511596679688e+00
1.152664184570312500e+01
1.250135898590087891e+01
1.121688461303710938e+01
1.123697948455810547e+01
9.959804534912109375e+00
9.693756103515625000e+00
1.044375228881835938e+01
1.067889976501464844e+01
1.097922992706298828e+01
1.244608020782470703e+01
6.986091613769531250e+00
9.148433685302734375e+00
9.750858306884765625e+00
1.096179962158203125e+01
9.439612388610839844e+00
4.862106323242187500e+00
1.328019428253173828e+01
1.316793441772460938e+01
8.661376953125000000e+00
1.222666168212890625e+01
3.464323759078979492e+00
1.184959888458251953e+01
1.035214233398437500e+01
1.119481658935546875e+01
1.320707225799560547e+01
9.970018386840820312e+00
8.658031463623046875e+00
1.086502170562744141e+01
9.044154167175292969e+00
8.336018562316894531e+00
1.504076576232910156e+01
9.385240554809570312e+00
9.234900474548339844e+00
9.157469749450683594e+00
1.281044387817382812e+01
8.035679817199707031e+00
9.510683059692382812e+00
1.105122566223144531e+01
1.385943126678466797e+01
8.357683181762695312e+00
9.325094223022460938e+00
9.236758232116699219e+00
1.107696151733398438e+01
3.730349779129028320e+00
1.183913516998291016e+01
9.109061241149902344e+00
8.203734397888183594e+00
9.049774169921875000e+00
1.128072547912597656e+01
9.625239372253417969e+00
1.169128990173339844e+01
1.454946517944335938e+01
8.046497344970703125e+00
8.747447013854980469e+00
4.259502410888671875e+00
4.395013332366943359e+00
4.397979259490966797e+00
1.040029525756835938e+01
1.115289211273193359e+01
1.100101184844970703e+01
9.604743957519531250e+00
8.674776077270507812e+00
1.411171150207519531e+01
1.090721321105957031e+01
1.229135704040527344e+01
8.839250564575195312e+00
1.190108108520507812e+01
9.137453079223632812e+00
1.193517303466796875e+01
9.195666313171386719e+00
1.059644699096679688e+01
1.184878921508789062e+01
4.306532382965087891e+00
1.106711769104003906e+01
1.265926742553710938e+01
5.534815788269042969e+00
9.512099266052246094e+00
1.204607105255126953e+01
1.088462162017822266e+01
9.808836936950683594e+00
9.646032333374023438e+00
9.646383285522460938e+00
1.066225433349609375e+01
9.257357597351074219e+00
1.112931442260742188e+01
9.024090766906738281e+00
7.554940700531005859e+00
1.025171566009521484e+01
8.394318580627441406e+00
1.211956214904785156e+01
1.121937084197998047e+01
1.033072471618652344e+01
8.041235923767089844e+00
8.921047210693359375e+00
1.046886920928955078e+01
1.201514625549316406e+01
1.046996784210205078e+01
3.638328075408935547e+00
1.238080883026123047e+01
9.667181968688964844e+00
1.128082275390625000e+01
9.104095458984375000e+00
9.811231613159179688e+00
4.735670089721679688e+00
1.115546989440917969e+01
1.020761013031005859e+01
6.384848594665527344e+00
6.198461055755615234e+00
1.172451972961425781e+01
1.099215030670166016e+01
1.247997665405273438e+01
9.318631172180175781e+00
5.982123851776123047e+00
1.313392829895019531e+01
1.142842006683349609e+01
1.028702163696289062e+01
1.416738700866699219e+01
8.722859382629394531e+00
3.377369880676269531e+00
1.044085025787353516e+01
9.606211662292480469e+00
1.045882034301757812e+01
9.076906204223632812e+00
9.634108543395996094e+00
1.012169265747070312e+01
8.202894210815429688e+00
4.406182289123535156e+00
1.249238395690917969e+01
7.766321659088134766e+00
1.240674304962158203e+01
9.456221580505371094e+00
9.911349296569824219e+00
1.007074737548828125e+01
9.424508094787597656e+00
8.737286567687988281e+00
1.235588359832763672e+01
9.591557502746582031e+00
1.176064300537109375e+01
1.401658916473388672e+01
1.043691444396972656e+01
8.082063674926757812e+00
1.248476505279541016e+01
4.093914985656738281e+00
1.135978698730468750e+01
9.256108283996582031e+00
1.028170394897460938e+01
4.525823116302490234e+00
3.766086339950561523e+00
9.739149093627929688e+00
1.353386211395263672e+01
1.022056484222412109e+01
1.291844081878662109e+01
9.106864929199218750e+00
1.072344493865966797e+01
4.647129535675048828e+00
8.841661453247070312e+00
1.171709632873535156e+01
1.236246585845947266e+01
1.048568439483642578e+01
1.239678192138671875e+01
8.590545654296875000e+00
8.801216125488281250e+00
8.851250648498535156e+00
9.935948371887207031e+00
9.892249107360839844e+00
1.112848091125488281e+01
1.137458038330078125e+01
1.427078628540039062e+01
1.009406566619873047e+01
6.144731521606445312e+00
1.221989727020263672e+01
1.543031787872314453e+01
8.033558845520019531e+00
1.300542831420898438e+01
1.043741893768310547e+01
7.050439357757568359e+00
4.578968524932861328e+00
1.581415748596191406e+01
8.745597839355468750e+00
1.355461406707763672e+01
3.830527544021606445e+00
1.163218212127685547e+01
1.115229034423828125e+01
1.143403053283691406e+01
1.230046558380126953e+01
1.047774124145507812e+01
1.210435485839843750e+01
1.125002002716064453e+01
7.436563968658447266e+00
1.219240951538085938e+01
1.214477825164794922e+01
1.084111404418945312e+01
1.174678134918212891e+01
1.275438594818115234e+01
1.044768428802490234e+01
7.017881393432617188e+00
1.206023311614990234e+01
1.316849899291992188e+01
1.231400299072265625e+01
1.426178169250488281e+01
8.123725891113281250e+00
1.329866027832031250e+01
9.369683265686035156e+00
1.097021961212158203e+01
8.925101280212402344e+00
1.011320400238037109e+01
1.098523998260498047e+01
1.052316093444824219e+01
9.553208351135253906e+00
1.178806018829345703e+01
4.312256336212158203e+00
1.024890422821044922e+01
1.622823143005371094e+01
1.337001419067382812e+01
1.180526351928710938e+01
7.608999729156494141e+00
8.108666419982910156e+00
1.682132720947265625e+01
9.483185768127441406e+00
1.186712837219238281e+01
1.091222000122070312e+01
1.093599414825439453e+01
1.086840152740478516e+01
1.287524318695068359e+01
