1.388861465454101562e+01
5.001419067382812500e+00
1.301743888854980469e+01
7.839222431182861328e+00
4.023827552795410156e+00
9.366939544677734375e+00
1.553359794616699219e+01
8.917047500610351562e+00
1.245797348022460938e+01
8.534565925598144531e+00
1.180287933349609375e+01
1.158305454254150391e+01
5.654172897338867188e+00
1.202566432952880859e+01
8.900208473205566406e+00
1.130751132965087891e+01
6.344938278198242188e+00
1.301772975921630859e+01
4.036861896514892578e+00
1.499753952026367188e+01
1.058362102508544922e+01
9.171038627624511719e+00
1.212420654296875000e+01
8.742977142333984375e+00
1.161911582946777344e+01
1.049187278747558594e+01
1.415552902221679688e+01
1.149755573272705078e+01
1.224371528625488281e+01
1.296082401275634766e+01
1.090345668792724609e+01
1.117213344573974609e+01
9.373668670654296875e+00
1.316373825073242188e+01
1.310935783386230469e+01
1.162640285491943359e+01
1.478497886657714844e+01
1.256095027923583984e+01
1.301150608062744141e+01
1.038075637817382812e+01
3.424012184143066406e+00
3.944099903106689453e+00
1.057523441314697266e+01
1.285005950927734375e+01
1.223927497863769531e+01
1.027290153503417969e+01
1.457311058044433594e+01
8.706613540649414062e+00
1.495264053344726562e+01
4.471427917480468750e+00
1.170678520202636719e+01
1.099451541900634766e+01
8.767593383789062500e+00
1.105897903442382812e+01
1.097642803192138672e+01
9.913132667541503906e+00
1.279905319213867188e+01
8.957823753356933594e+00
3.708137273788452148e+00
8.774123191833496094e+00
9.087790489196777344e+00
1.016297817230224609e+01
1.126271533966064453e+01
1.087633037567138672e+01
1.239147663116455078e+01
1.022909641265869141e+01
8.480143547058105469e+00
1.097647571563720703e+01
1.262606048583984375e+01
1.104356575012207031e+01
8.522644042968750000e+00
1.199398040771484375e+01
1.090159988403320312e+01
9.727435111999511719e+00
8.988913536071777344e+00
1.064457988739013672e+01
1.379218769073486328e+01
1.420984363555908203e+01
8.871135711669921875e+00
1.229883956909179688e+01
5.778561592102050781e+00
9.277039527893066406e+00
1.007779979705810547e+01
1.267478370666503906e+01
1.089356136322021484e+01
1.239140987396240234e+01
1.047981071472167969e+01
4.547126293182373047e+00
1.174069499969482422e+01
1.219380950927734375e+01
1.148761749267578125e+01
1.088366603851318359e+01
1.157795047760009766e+01
9.235766410827636719e+00
6.046977043151855469e+00
8.918812751770019531e+00
1.239598178863525391e+01
9.674327850341796875e+00
9.518503189086914062e+00
1.122881221771240234e+01
1.460249137878417969e+01
1.137962245941162109e+01
1.232193660736083984e+01
3.462130069732666016e+00
1.099028110504150391e+01
1.175046443939208984e+01
9.368613243103027344e+00
1.085230636596679688e+01
1.147372150421142578e+01
1.210698986053466797e+01
9.616917610168457031e+00
9.812325477600097656e+00
1.096797847747802734e+01
8.728753089904785156e+00
1.125413703918457031e+01
1.200297069549560547e+01
1.475956153869628906e+01
8.397366523742675781e+00
9.259507179260253906e+00
5.024543762207031250e+00
1.402556419372558594e+01
1.230476570129394531e+01
1.091894817352294922e+01
1.169991874694824219e+01
9.845712661743164062e+00
1.068356800079345703e+01
9.430344581604003906e+00
9.412077903747558594e+00
9.440436363220214844e+00
8.861919403076171875e+00
1.169818401336669922e+01
1.266545486450195312e+01
1.147965049743652344e+01
1.105710792541503906e+01
8.423697471618652344e+00
3.259991407394409180e+00
1.132308673858642578e+01
7.150485515594482422e+00
1.388512611389160156e+01
1.224139881134033203e+01
5.107340335845947266e+00
8.590133666992187500e+00
8.400285720825195312e+00
5.237507343292236328e+00
1.014461898803710938e+01
8.314199447631835938e+00
8.914559364318847656e+00
4.935266017913818359e+00
8.452020645141601562e+00
1.064064025878906250e+01
1.231029033660888672e+01
7.058658123016357422e+00
1.158540058135986328e+01
9.594212532043457031e+00
8.367208480834960938e+00
1.339771461486816406e+01
1.340599346160888672e+01
8.791432380676269531e+00
1.150199985504150391e+01
9.206026077270507812e+00
4.598674297332763672e+00
1.189299774169921875e+01
4.926139831542968750e+00
1.063085079193115234e+01
1.422875308990478516e+01
1.161546897888183594e+01
1.045369625091552734e+01
1.041291618347167969e+01
9.199648857116699219e+00
8.367547035217285156e+00
1.487792205810546875e+01
8.120082855224609375e+00
1.293105983734130859e+01
9.846817970275878906e+00
1.040821266174316406e+01
9.157188415527343750e+00
3.565031766891479492e+00
4.126742839813232422e+00
3.935582876205444336e+00
9.034780502319335938e+00
4.038781642913818359e+00
1.265994071960449219e+01
1.068258953094482422e+01
9.694199562072753906e+00
1.221204662322998047e+01
1.041267967224121094e+01
1.220372867584228516e+01
5.329404830932617188e+00
6.618692398071289062e+00
9.302096366882324219e+00
1.239008235931396484e+01
1.275634384155273438e+01
1.096682929992675781e+01
8.078203201293945312e+00
6.078922271728515625e+00
8.706648826599121094e+00
8.909952163696289062e+00
9.564418792724609375e+00
1.198478031158447266e+01
5.334146022796630859e+00
1.034702205657958984e+01
8.727913856506347656e+00
9.839515686035156250e+00
1.084503078460693359e+01
1.207690906524658203e+01
1.144923686981201172e+01
4.807178020477294922e+00
1.141908836364746094e+01
9.570851325988769531e+00
1.004256057739257812e+01
1.115827846527099609e+01
7.893220424652099609e+00
1.013942909240722656e+01
7.317575454711914062e+00
8.829028129577636719e+00
9.211679458618164062e+00
1.152237224578857422e+01
8.850500106811523438e+00
1.492084312438964844e+01
9.482104301452636719e+00
1.125892448425292969e+01
1.030581760406494141e+01
7.616175174713134766e+00
1.132675075531005859e+01
1.021374702453613281e+01
1.033070755004882812e+01
8.698254585266113281e+00
8.064095497131347656e+00
8.269846916198730469e+00
9.222098350524902344e+00
8.720803260803222656e+00
1.121596908569335938e+01
1.101787376403808594e+01
3.807421445846557617e+00
7.339898586273193359e+00
1.232764816284179688e+01
1.186274719238281250e+01
1.202899742126464844e+01
9.724140167236328125e+00
1.282966327667236328e+01
1.130767440795898438e+01
1.045718669891357422e+01
1.217096710205078125e+01
9.321554183959960938e+00
1.011157226562500000e+01
1.175357913970947266e+01
1.193960952758789062e+01
8.465594291687011719e+00
1.291325664520263672e+01
9.705745697021484375e+00
