1.012625885009765625e+01
1.034646892547607422e+01
1.502405929565429688e+01
8.307682037353515625e+00
8.803655624389648438e+00
7.160926818847656250e+00
1.410252571105957031e+01
7.407842159271240234e+00
1.002084922790527344e+01
4.970860004425048828e+00
9.837026596069335938e+00
8.366223335266113281e+00
1.389334774017333984e+01
1.008799171447753906e+01
1.006382656097412109e+01
7.455961704254150391e+00
8.337919235229492188e+00
1.095737743377685547e+01
9.316092491149902344e+00
8.589703559875488281e+00
7.712197303771972656e+00
1.174695587158203125e+01
1.345026397705078125e+01
9.680547714233398438e+00
1.547648906707763672e+01
9.619358062744140625e+00
1.161645889282226562e+01
9.344139099121093750e+00
9.989250183105468750e+00
1.021655845642089844e+01
9.980612754821777344e+00
1.227702236175537109e+01
6.558598041534423828e+00
8.465917587280273438e+00
1.130371284484863281e+01
1.000836277008056641e+01
1.249301242828369141e+01
1.065884399414062500e+01
1.185629844665527344e+01
9.297876358032226562e+00
4.310551166534423828e+00
1.200655174255371094e+01
1.302265357971191406e+01
1.412852764129638672e+01
1.347159767150878906e+01
6.053997993469238281e+00
3.942719221115112305e+00
8.968682289123535156e+00
1.067038536071777344e+01
4.686161041259765625e+00
1.035292053222656250e+01
4.059783935546875000e+00
1.006041240692138672e+01
1.291092777252197266e+01
1.342297172546386719e+01
1.063783264160156250e+01
6.607734680175781250e+00
1.178175735473632812e+01
1.114881420135498047e+01
9.797533035278320312e+00
4.963950634002685547e+00
4.710226535797119141e+00
1.087818813323974609e+01
1.019212055206298828e+01
1.120197391510009766e+01
1.126782131195068359e+01
1.003248882293701172e+01
5.571361064910888672e+00
1.120646476745605469e+01
1.312239456176757812e+01
1.158363151550292969e+01
1.092912101745605469e+01
1.459161090850830078e+01
1.057338714599609375e+01
1.263804244995117188e+01
9.544560432434082031e+00
8.870414733886718750e+00
1.277590370178222656e+01
1.122418212890625000e+01
1.152130985260009766e+01
1.588677501678466797e+01
1.117158317565917969e+01
1.393920516967773438e+01
7.600416660308837891e+00
1.268253040313720703e+01
1.266213989257812500e+01
8.425869941711425781e+00
4.621824264526367188e+00
8.579484939575195312e+00
1.281417846679687500e+01
1.460328292846679688e+01
1.108412742614746094e+01
3.964378356933593750e+00
5.124084472656250000e+00
1.280545997619628906e+01
1.092797088623046875e+01
1.234469890594482422e+01
1.082278823852539062e+01
8.724596977233886719e+00
1.071377658843994141e+01
1.178079986572265625e+01
1.278960800170898438e+01
4.289844512939453125e+00
1.210194873809814453e+01
3.565376520156860352e+00
5.442125797271728516e+00
1.036640548706054688e+01
1.594426441192626953e+01
9.998492240905761719e+00
1.160587215423583984e+01
9.776243209838867188e+00
1.160214138031005859e+01
1.294270706176757812e+01
1.116555881500244141e+01
1.053466796875000000e+01
1.342037963867187500e+01
1.277227592468261719e+01
1.131927967071533203e+01
1.187443447113037109e+01
1.306737995147705078e+01
8.113436698913574219e+00
8.160372734069824219e+00
1.081086730957031250e+01
1.242203998565673828e+01
8.875885009765625000e+00
8.710296630859375000e+00
1.097456455230712891e+01
1.257372093200683594e+01
6.970779895782470703e+00
1.061796283721923828e+01
1.201851177215576172e+01
1.054741954803466797e+01
9.748341560363769531e+00
1.133560276031494141e+01
1.159260654449462891e+01
1.126130008697509766e+01
1.050151348114013672e+01
1.086850261688232422e+01
1.105061244964599609e+01
8.322677612304687500e+00
1.035811519622802734e+01
9.902348518371582031e+00
1.146982383728027344e+01
1.024645709991455078e+01
1.027431488037109375e+01
1.037735366821289062e+01
1.143666839599609375e+01
1.199950218200683594e+01
1.131289768218994141e+01
7.917428493499755859e+00
9.071676254272460938e+00
1.138659572601318359e+01
8.709443092346191406e+00
1.196524333953857422e+01
9.279707908630371094e+00
1.030337238311767578e+01
1.347908401489257812e+01
1.204362297058105469e+01
1.241317462921142578e+01
1.270350074768066406e+01
1.192909812927246094e+01
1.088847827911376953e+01
7.865298271179199219e+00
7.617709159851074219e+00
1.175578975677490234e+01
1.058777332305908203e+01
8.752505302429199219e+00
1.075230884552001953e+01
1.201380348205566406e+01
9.875478744506835938e+00
9.869045257568359375e+00
1.229826450347900391e+01
1.158293819427490234e+01
1.305156707763671875e+01
9.484992980957031250e+00
4.224161148071289062e+00
1.347003555297851562e+01
1.253980827331542969e+01
8.172917366027832031e+00
1.314439868927001953e+01
1.026323604583740234e+01
1.109892845153808594e+01
1.574340629577636719e+01
1.169929790496826172e+01
9.816731452941894531e+00
1.110953712463378906e+01
9.827771186828613281e+00
1.090490341186523438e+01
1.426219272613525391e+01
1.256014251708984375e+01
1.380847072601318359e+01
1.565515232086181641e+01
8.416951179504394531e+00
1.334336280822753906e+01
1.327343654632568359e+01
1.108205604553222656e+01
8.585351943969726562e+00
8.332960128784179688e+00
1.131860351562500000e+01
1.283789539337158203e+01
1.169541454315185547e+01
1.112364292144775391e+01
9.296738624572753906e+00
5.779695034027099609e+00
1.020051193237304688e+01
1.018839550018310547e+01
9.392745971679687500e+00
1.243177032470703125e+01
8.985391616821289062e+00
1.299845695495605469e+01
9.603498458862304688e+00
1.185538101196289062e+01
1.281242179870605469e+01
1.076582813262939453e+01
3.517286539077758789e+00
1.150009059906005859e+01
1.095849132537841797e+01
1.255770587921142578e+01
9.199815750122070312e+00
1.520942306518554688e+01
1.297189331054687500e+01
1.005018997192382812e+01
1.146631526947021484e+01
4.218725681304931641e+00
1.220424652099609375e+01
3.583987474441528320e+00
8.422904968261718750e+00
1.353319644927978516e+01
6.530375957489013672e+00
3.803282737731933594e+00
1.521803855895996094e+01
1.022475624084472656e+01
9.848823547363281250e+00
5.006373882293701172e+00
1.294060611724853516e+01
1.079130744934082031e+01
7.585371971130371094e+00
1.364310264587402344e+01
1.327791213989257812e+01
1.168267917633056641e+01
1.238919925689697266e+01
1.206088638305664062e+01
1.413884449005126953e+01
1.152920341491699219e+01
1.349391174316406250e+01
7.875751972198486328e+00
9.936409950256347656e+00
1.293957328796386719e+01
1.102800273895263672e+01
1.306204509735107422e+01
