1.237617301940917969e+01
9.839061737060546875e+00
1.010178184509277344e+01
1.085714626312255859e+01
1.412694835662841797e+01
7.732780933380126953e+00
1.350559520721435547e+01
4.814070224761962891e+00
5.239726543426513672e+00
1.353877067565917969e+01
4.538988590240478516e+00
9.484133720397949219e+00
1.313070201873779297e+01
8.284873962402343750e+00
1.059965705871582031e+01
1.195587730407714844e+01
1.382834339141845703e+01
1.362529277801513672e+01
1.139667987823486328e+01
9.179721832275390625e+00
8.657036781311035156e+00
1.052352333068847656e+01
7.193507671356201172e+00
8.753552436828613281e+00
1.167872428894042969e+01
9.155803680419921875e+00
1.048832130432128906e+01
1.147431659698486328e+01
1.588969230651855469e+01
9.284188270568847656e+00
1.196454143524169922e+01
1.064353847503662109e+01
1.166474151611328125e+01
6.167095184326171875e+00
1.054161357879638672e+01
5.342017173767089844e+00
9.660549163818359375e+00
9.928051948547363281e+00
4.031036853790283203e+00
1.234722805023193359e+01
1.178252220153808594e+01
9.274270057678222656e+00
1.119054126739501953e+01
1.079790973663330078e+01
1.418401908874511719e+01
1.011078357696533203e+01
1.131005382537841797e+01
1.047301769256591797e+01
1.277243900299072266e+01
1.213755130767822266e+01
7.975344657897949219e+00
1.333639240264892578e+01
9.795588493347167969e+00
5.955023288726806641e+00
1.267830753326416016e+01
1.184865474700927734e+01
5.606630802154541016e+00
1.206276321411132812e+01
1.233487224578857422e+01
1.252987098693847656e+01
7.527336120605468750e+00
1.296650218963623047e+01
9.162603378295898438e+00
1.377959442138671875e+01
8.849269866943359375e+00
1.170814132690429688e+01
7.161072731018066406e+00
7.853981018066406250e+00
1.266208648681640625e+01
1.059495449066162109e+01
1.416586208343505859e+01
9.877425193786621094e+00
5.285215377807617188e+00
4.249438762664794922e+00
9.747170448303222656e+00
9.770865440368652344e+00
1.034714031219482422e+01
9.442824363708496094e+00
1.169394874572753906e+01
1.036285972595214844e+01
8.364770889282226562e+00
1.191343593597412109e+01
1.103646183013916016e+01
8.822438240051269531e+00
1.218598365783691406e+01
9.537913322448730469e+00
8.696829795837402344e+00
5.507021903991699219e+00
1.025603866577148438e+01
9.417213439941406250e+00
9.427111625671386719e+00
1.319406795501708984e+01
1.037948703765869141e+01
4.588027477264404297e+00
1.192366313934326172e+01
9.804018974304199219e+00
1.170327186584472656e+01
1.068915462493896484e+01
1.160150909423828125e+01
8.755421638488769531e+00
7.191395759582519531e+00
9.621151924133300781e+00
1.216757965087890625e+01
9.790814399719238281e+00
3.923380136489868164e+00
1.129270076751708984e+01
1.301796150207519531e+01
1.210171413421630859e+01
1.067343425750732422e+01
5.019552707672119141e+00
1.390657424926757812e+01
8.061493873596191406e+00
8.360173225402832031e+00
1.175033950805664062e+01
1.069083786010742188e+01
1.157107257843017578e+01
1.097428417205810547e+01
7.582301616668701172e+00
4.893401145935058594e+00
1.271905612945556641e+01
1.244559764862060547e+01
9.398006439208984375e+00
1.492900562286376953e+01
1.121304988861083984e+01
8.440684318542480469e+00
1.075468349456787109e+01
1.401779747009277344e+01
1.359060859680175781e+01
1.240353202819824219e+01
1.276398754119873047e+01
9.375105857849121094e+00
1.084137535095214844e+01
9.531708717346191406e+00
1.093123531341552734e+01
6.646530151367187500e+00
1.404642677307128906e+01
6.985986232757568359e+00
6.111273288726806641e+00
3.344976186752319336e+00
8.785382270812988281e+00
1.036561298370361328e+01
9.897483825683593750e+00
1.187192726135253906e+01
1.189409351348876953e+01
9.224729537963867188e+00
1.227055931091308594e+01
9.202089309692382812e+00
1.046604061126708984e+01
3.969216346740722656e+00
8.622119903564453125e+00
1.037111663818359375e+01
7.622871398925781250e+00
1.035863780975341797e+01
1.105597496032714844e+01
7.140908241271972656e+00
9.225976943969726562e+00
9.679292678833007812e+00
1.252585601806640625e+01
1.243789291381835938e+01
1.233783626556396484e+01
7.871739864349365234e+00
1.051990795135498047e+01
9.869684219360351562e+00
9.846429824829101562e+00
1.283684921264648438e+01
1.255478096008300781e+01
1.010848712921142578e+01
1.064885139465332031e+01
1.034169673919677734e+01
8.473108291625976562e+00
1.659824371337890625e+01
5.520119667053222656e+00
8.756830215454101562e+00
1.153624820709228516e+01
9.121990203857421875e+00
9.838680267333984375e+00
4.759763240814208984e+00
1.060641574859619141e+01
3.344875097274780273e+00
1.100671100616455078e+01
1.088247394561767578e+01
9.449678421020507812e+00
1.030278968811035156e+01
7.840713500976562500e+00
1.127161216735839844e+01
9.406890869140625000e+00
8.955812454223632812e+00
8.665509223937988281e+00
1.176367664337158203e+01
9.887004852294921875e+00
1.109304141998291016e+01
5.685479164123535156e+00
1.006572723388671875e+01
1.257583427429199219e+01
1.077842617034912109e+01
9.007426261901855469e+00
9.886314392089843750e+00
1.130374526977539062e+01
4.654411315917968750e+00
1.104327106475830078e+01
1.104241943359375000e+01
9.372095108032226562e+00
1.085647773742675781e+01
8.014020919799804688e+00
1.608642768859863281e+01
9.563364028930664062e+00
1.079616928100585938e+01
7.522905826568603516e+00
9.960475921630859375e+00
1.072896766662597656e+01
4.482660293579101562e+00
5.681409835815429688e+00
1.132439041137695312e+01
1.243041515350341797e+01
1.208303546905517578e+01
9.857054710388183594e+00
1.246701431274414062e+01
1.157275485992431641e+01
1.076308727264404297e+01
1.284068489074707031e+01
8.845177650451660156e+00
8.961256980895996094e+00
1.320795249938964844e+01
7.177164554595947266e+00
7.738628864288330078e+00
1.094119930267333984e+01
1.113593196868896484e+01
8.376462936401367188e+00
6.601657390594482422e+00
1.196716594696044922e+01
1.106152153015136719e+01
9.217614173889160156e+00
1.004340171813964844e+01
9.913402557373046875e+00
1.366033649444580078e+01
8.154555320739746094e+00
1.193511390686035156e+01
1.066793251037597656e+01
3.826052665710449219e+00
1.067429637908935547e+01
1.170967769622802734e+01
8.795339584350585938e+00
1.185466575622558594e+01
9.500687599182128906e+00
9.692546844482421875e+00
9.473772048950195312e+00
1.013758754730224609e+01
3.806047439575195312e+00
1.215938758850097656e+01
1.138420772552490234e+01
