1.468287086486816406e+01
8.379682540893554688e+00
1.061371231079101562e+01
7.402525424957275391e+00
1.116300296783447266e+01
9.698466300964355469e+00
4.579787731170654297e+00
1.131410598754882812e+01
1.455705833435058594e+01
1.468591117858886719e+01
1.060620117187500000e+01
8.411383628845214844e+00
6.391642093658447266e+00
1.149783611297607422e+01
9.172468185424804688e+00
1.215469741821289062e+01
1.014713382720947266e+01
9.520915985107421875e+00
1.246672058105468750e+01
8.509959220886230469e+00
9.153495788574218750e+00
3.650312662124633789e+00
9.626693725585937500e+00
8.674289703369140625e+00
9.801355361938476562e+00
8.659193038940429688e+00
1.047525787353515625e+01
1.271290779113769531e+01
1.138536357879638672e+01
8.545856475830078125e+00
9.078785896301269531e+00
9.505089759826660156e+00
9.835885047912597656e+00
9.270396232604980469e+00
1.130260372161865234e+01
8.985774040222167969e+00
9.743808746337890625e+00
1.186476898193359375e+01
9.512147903442382812e+00
1.190111064910888672e+01
8.586956977844238281e+00
7.867296218872070312e+00
1.145554065704345703e+01
1.278042221069335938e+01
7.615100860595703125e+00
1.354427909851074219e+01
1.038126373291015625e+01
1.086522579193115234e+01
1.260293102264404297e+01
1.083941459655761719e+01
8.636095046997070312e+00
4.905077934265136719e+00
1.201072692871093750e+01
1.093982982635498047e+01
4.765098094940185547e+00
5.998574733734130859e+00
1.141933345794677734e+01
1.182234764099121094e+01
1.324600505828857422e+01
9.317075729370117188e+00
1.039346504211425781e+01
9.007220268249511719e+00
1.225442504882812500e+01
1.288925552368164062e+01
1.280054569244384766e+01
1.490015125274658203e+01
1.294630622863769531e+01
7.972277641296386719e+00
1.239225578308105469e+01
1.153327083587646484e+01
1.148752689361572266e+01
1.215141487121582031e+01
8.996088027954101562e+00
1.309920406341552734e+01
9.941419601440429688e+00
8.709159851074218750e+00
8.968382835388183594e+00
8.662422180175781250e+00
1.215920639038085938e+01
9.161684036254882812e+00
1.116246795654296875e+01
1.127955436706542969e+01
1.252574539184570312e+01
1.137229156494140625e+01
1.316196060180664062e+01
1.097311210632324219e+01
4.019621372222900391e+00
1.237158584594726562e+01
1.177911281585693359e+01
7.790343761444091797e+00
1.180860710144042969e+01
6.785174846649169922e+00
7.874466896057128906e+00
1.050362110137939453e+01
1.056515407562255859e+01
1.283409786224365234e+01
9.634898185729980469e+00
7.988026618957519531e+00
1.566723346710205078e+01
9.180753707885742188e+00
1.130423069000244141e+01
4.409719944000244141e+00
8.638331413269042969e+00
1.032563877105712891e+01
1.006493949890136719e+01
5.121364593505859375e+00
9.277785301208496094e+00
1.279816436767578125e+01
1.234978961944580078e+01
1.130555534362792969e+01
1.137297344207763672e+01
8.992600440979003906e+00
1.124455356597900391e+01
1.101758766174316406e+01
1.319373989105224609e+01
1.046098136901855469e+01
1.017408180236816406e+01
8.580141067504882812e+00
1.122774696350097656e+01
1.092392539978027344e+01
1.402007961273193359e+01
1.025769710540771484e+01
1.042232894897460938e+01
1.187700176239013672e+01
9.810094833374023438e+00
5.483076572418212891e+00
1.332635784149169922e+01
1.303978824615478516e+01
1.114387512207031250e+01
1.174123096466064453e+01
1.177097892761230469e+01
9.828114509582519531e+00
1.193952178955078125e+01
1.072433090209960938e+01
1.343697834014892578e+01
8.582266807556152344e+00
1.243834590911865234e+01
1.154661369323730469e+01
1.212985515594482422e+01
1.029800891876220703e+01
8.078489303588867188e+00
7.620660305023193359e+00
1.073396587371826172e+01
1.054173660278320312e+01
1.257942867279052734e+01
4.807229042053222656e+00
1.242405414581298828e+01
1.333874130249023438e+01
1.244804000854492188e+01
1.172150325775146484e+01
1.130904293060302734e+01
9.314731597900390625e+00
1.268743991851806641e+01
1.049576473236083984e+01
9.538487434387207031e+00
7.972239494323730469e+00
1.058326148986816406e+01
9.917730331420898438e+00
1.292538070678710938e+01
1.380977439880371094e+01
1.227377319335937500e+01
9.664772987365722656e+00
1.011036682128906250e+01
8.000007629394531250e+00
1.110660839080810547e+01
1.167309951782226562e+01
1.097340106964111328e+01
1.001610374450683594e+01
1.360436916351318359e+01
8.604829788208007812e+00
1.308763408660888672e+01
1.218434333801269531e+01
1.570213985443115234e+01
1.064032840728759766e+01
1.181477546691894531e+01
6.169588565826416016e+00
8.464179992675781250e+00
8.965855598449707031e+00
4.373721599578857422e+00
5.445645809173583984e+00
1.584838294982910156e+01
9.391556739807128906e+00
9.129590034484863281e+00
9.980166435241699219e+00
1.018101501464843750e+01
1.038862037658691406e+01
1.069017314910888672e+01
8.791534423828125000e+00
1.126464271545410156e+01
4.882458686828613281e+00
1.119145870208740234e+01
7.055703163146972656e+00
1.288973808288574219e+01
5.371455192565917969e+00
9.131223678588867188e+00
9.049101829528808594e+00
8.469077110290527344e+00
7.596060752868652344e+00
1.144987869262695312e+01
1.097684288024902344e+01
1.083592033386230469e+01
9.421762466430664062e+00
1.320229530334472656e+01
1.086988162994384766e+01
8.133912086486816406e+00
1.268267154693603516e+01
1.123314476013183594e+01
9.330867767333984375e+00
1.092895221710205078e+01
8.114690780639648438e+00
1.390710735321044922e+01
1.088351631164550781e+01
1.147849273681640625e+01
9.743244171142578125e+00
9.869050979614257812e+00
7.952968120574951172e+00
1.042241477966308594e+01
9.862726211547851562e+00
1.132016086578369141e+01
1.175189208984375000e+01
1.115867328643798828e+01
9.632851600646972656e+00
7.901956558227539062e+00
1.029343032836914062e+01
1.725240707397460938e+01
1.013170051574707031e+01
1.068906593322753906e+01
7.158615112304687500e+00
1.261508083343505859e+01
3.261915445327758789e+00
1.235975456237792969e+01
1.185884952545166016e+01
1.024059677124023438e+01
3.817022085189819336e+00
3.511317253112792969e+00
8.963518142700195312e+00
8.365675926208496094e+00
9.410943984985351562e+00
1.127160930633544922e+01
1.005130386352539062e+01
9.157003402709960938e+00
1.040453910827636719e+01
8.864511489868164062e+00
9.963420867919921875e+00
5.626159667968750000e+00
9.251126289367675781e+00
1.256252956390380859e+01
9.385774612426757812e+00
8.868680953979492188e+00
9.850931167602539062e+00
