1.003727912902832031e+01
7.319530010223388672e+00
9.390191078186035156e+00
1.330537986755371094e+01
9.594660758972167969e+00
8.845633506774902344e+00
9.602989196777343750e+00
4.427921772003173828e+00
1.035073947906494141e+01
9.985635757446289062e+00
7.651233196258544922e+00
1.512045001983642578e+01
8.420957565307617188e+00
1.205493259429931641e+01
1.277776145935058594e+01
8.367094993591308594e+00
1.358421802520751953e+01
7.587262153625488281e+00
1.155754661560058594e+01
1.076354503631591797e+01
1.200157642364501953e+01
7.416108608245849609e+00
9.873649597167968750e+00
9.123713493347167969e+00
1.024412536621093750e+01
1.118987274169921875e+01
1.170447826385498047e+01
1.240588951110839844e+01
1.316118240356445312e+01
1.153670883178710938e+01
1.071484184265136719e+01
3.609675645828247070e+00
1.124098587036132812e+01
8.392164230346679688e+00
1.173894691467285156e+01
4.109975814819335938e+00
8.306848526000976562e+00
1.476634693145751953e+01
9.726394653320312500e+00
9.145233154296875000e+00
1.249255180358886719e+01
1.320662212371826172e+01
1.117360877990722656e+01
4.282690525054931641e+00
9.922848701477050781e+00
1.068814754486083984e+01
1.170751571655273438e+01
8.437885284423828125e+00
1.055151176452636719e+01
1.345720958709716797e+01
9.200246810913085938e+00
1.073090171813964844e+01
1.292062854766845703e+01
3.417772531509399414e+00
1.554469680786132812e+01
1.251426315307617188e+01
1.427963733673095703e+01
1.016603374481201172e+01
9.216003417968750000e+00
1.033775138854980469e+01
1.023795318603515625e+01
1.031496334075927734e+01
1.173614788055419922e+01
1.049916267395019531e+01
1.448139953613281250e+01
8.846474647521972656e+00
1.218971443176269531e+01
1.220251274108886719e+01
8.792111396789550781e+00
8.401900291442871094e+00
1.230108833312988281e+01
1.027474117279052734e+01
9.971224784851074219e+00
4.785875797271728516e+00
8.200010299682617188e+00
1.174600791931152344e+01
1.274052810668945312e+01
1.161647987365722656e+01
1.161937046051025391e+01
1.004264640808105469e+01
1.327108669281005859e+01
9.770141601562500000e+00
9.647553443908691406e+00
1.055762577056884766e+01
1.000925636291503906e+01
9.762292861938476562e+00
1.213288211822509766e+01
1.122683429718017578e+01
1.238995075225830078e+01
6.199527740478515625e+00
1.177820682525634766e+01
1.189022445678710938e+01
1.429381084442138672e+01
1.245534610748291016e+01
1.129226112365722656e+01
1.182622623443603516e+01
9.070445060729980469e+00
1.000476074218750000e+01
9.850468635559082031e+00
9.243423461914062500e+00
3.438712358474731445e+00
9.220081329345703125e+00
1.459527397155761719e+01
1.024826431274414062e+01
5.581255912780761719e+00
1.094169712066650391e+01
1.090635013580322266e+01
1.268019676208496094e+01
8.695507049560546875e+00
9.647572517395019531e+00
1.016795539855957031e+01
1.202652263641357422e+01
1.055093860626220703e+01
1.028449249267578125e+01
9.398768424987792969e+00
9.285668373107910156e+00
1.192577362060546875e+01
5.154677867889404297e+00
7.494703292846679688e+00
1.134603595733642578e+01
1.164067459106445312e+01
9.819108963012695312e+00
9.383356094360351562e+00
1.279870700836181641e+01
1.018432521820068359e+01
9.735472679138183594e+00
3.621049880981445312e+00
1.132304000854492188e+01
1.167334461212158203e+01
4.532878875732421875e+00
1.599495029449462891e+01
1.168023204803466797e+01
1.104838657379150391e+01
1.323809242248535156e+01
1.058738708496093750e+01
8.497104644775390625e+00
1.151117992401123047e+01
4.451876640319824219e+00
8.255296707153320312e+00
1.067549514770507812e+01
4.201850414276123047e+00
1.085320758819580078e+01
1.273731231689453125e+01
4.815641403198242188e+00
1.442760562896728516e+01
4.739617824554443359e+00
4.725976943969726562e+00
1.137879753112792969e+01
3.888353586196899414e+00
1.122221946716308594e+01
1.265472602844238281e+01
1.015012168884277344e+01
1.138377857208251953e+01
9.872207641601562500e+00
1.244824981689453125e+01
9.421484947204589844e+00
9.502173423767089844e+00
1.144258022308349609e+01
4.299591541290283203e+00
1.224893665313720703e+01
1.088773822784423828e+01
9.359666824340820312e+00
1.342057609558105469e+01
1.084361839294433594e+01
1.306966972351074219e+01
7.848711490631103516e+00
7.684333324432373047e+00
9.215179443359375000e+00
1.019063854217529297e+01
9.338413238525390625e+00
8.799468994140625000e+00
6.203271865844726562e+00
1.020394229888916016e+01
1.190614986419677734e+01
1.098597908020019531e+01
9.991064071655273438e+00
5.078399658203125000e+00
1.073166275024414062e+01
9.132682800292968750e+00
5.267838478088378906e+00
1.080303859710693359e+01
8.923753738403320312e+00
9.354513168334960938e+00
1.137119388580322266e+01
1.452795505523681641e+01
1.113582706451416016e+01
9.650540351867675781e+00
1.127522659301757812e+01
1.284260749816894531e+01
5.203151702880859375e+00
6.514017581939697266e+00
1.266331195831298828e+01
1.118333244323730469e+01
1.078806591033935547e+01
3.180351018905639648e+00
1.115349292755126953e+01
1.141527462005615234e+01
1.113413429260253906e+01
1.065597438812255859e+01
1.175658035278320312e+01
4.958847999572753906e+00
8.605727195739746094e+00
1.006579875946044922e+01
1.251497554779052734e+01
1.162354564666748047e+01
1.099651718139648438e+01
1.083618545532226562e+01
1.031980419158935547e+01
8.723839759826660156e+00
4.002966880798339844e+00
4.626560211181640625e+00
1.228460216522216797e+01
8.618894577026367188e+00
1.250162601470947266e+01
1.233458137512207031e+01
9.328989028930664062e+00
1.180315017700195312e+01
1.081228733062744141e+01
5.462659358978271484e+00
1.213304138183593750e+01
1.177050304412841797e+01
9.161060333251953125e+00
9.558992385864257812e+00
1.131578063964843750e+01
7.211922168731689453e+00
3.673946857452392578e+00
1.152706813812255859e+01
1.111027908325195312e+01
1.275804424285888672e+01
1.105766105651855469e+01
9.756601333618164062e+00
1.083226108551025391e+01
1.355264854431152344e+01
1.223676204681396484e+01
8.557765007019042969e+00
1.178122520446777344e+01
1.171768188476562500e+01
8.842646598815917969e+00
6.617544651031494141e+00
1.182778644561767578e+01
1.005200481414794922e+01
9.296298027038574219e+00
1.130767440795898438e+01
8.705927848815917969e+00
6.212497711181640625e+00
8.335425376892089844e+00
8.776624679565429688e+00
1.102808952331542969e+01
1.273081493377685547e+01
1.010732650756835938e+01
