1.329046630859375000e+01
1.362146472930908203e+01
1.062740993499755859e+01
1.063179111480712891e+01
1.013813781738281250e+01
8.224500656127929688e+00
4.547112464904785156e+00
9.762450218200683594e+00
1.043965721130371094e+01
9.684178352355957031e+00
8.127621650695800781e+00
3.933096885681152344e+00
1.328246593475341797e+01
9.592904090881347656e+00
1.270015907287597656e+01
1.053565692901611328e+01
1.242995738983154297e+01
1.256977748870849609e+01
9.128286361694335938e+00
8.613586425781250000e+00
1.143358135223388672e+01
8.679788589477539062e+00
1.208489227294921875e+01
9.223579406738281250e+00
9.396507263183593750e+00
1.071802806854248047e+01
1.207766151428222656e+01
6.864940643310546875e+00
1.192309093475341797e+01
1.023081016540527344e+01
1.123017597198486328e+01
7.960174083709716797e+00
1.118533134460449219e+01
1.316232872009277344e+01
1.283147525787353516e+01
1.047984027862548828e+01
1.081293678283691406e+01
1.239303112030029297e+01
1.249615573883056641e+01
8.232836723327636719e+00
1.103332901000976562e+01
1.193090915679931641e+01
3.556203365325927734e+00
9.743453025817871094e+00
1.091561317443847656e+01
1.019578552246093750e+01
1.148456764221191406e+01
9.654633522033691406e+00
4.037387847900390625e+00
1.097619056701660156e+01
1.060555458068847656e+01
1.495716857910156250e+01
1.251274204254150391e+01
1.118003082275390625e+01
9.432333946228027344e+00
1.201805114746093750e+01
1.028088760375976562e+01
1.009720134735107422e+01
9.833504676818847656e+00
1.190615367889404297e+01
9.875565528869628906e+00
4.062873840332031250e+00
9.652235031127929688e+00
8.099843025207519531e+00
1.017905330657958984e+01
8.178067207336425781e+00
1.135629177093505859e+01
1.068068504333496094e+01
8.369542121887207031e+00
3.573734998703002930e+00
4.011172294616699219e+00
9.823497772216796875e+00
1.001470279693603516e+01
1.063301849365234375e+01
1.042409610748291016e+01
1.238486003875732422e+01
4.825403690338134766e+00
1.052703571319580078e+01
6.977514266967773438e+00
4.467945575714111328e+00
1.088792133331298828e+01
5.047258377075195312e+00
1.505842208862304688e+01
1.163542270660400391e+01
9.119244575500488281e+00
1.373604965209960938e+01
1.331670761108398438e+01
7.553743839263916016e+00
1.153691387176513672e+01
8.180272102355957031e+00
9.109988212585449219e+00
1.240421772003173828e+01
7.249333381652832031e+00
1.328140735626220703e+01
7.665726661682128906e+00
8.693901062011718750e+00
9.618558883666992188e+00
1.344045162200927734e+01
1.252100372314453125e+01
9.301938056945800781e+00
1.461421680450439453e+01
1.401318740844726562e+01
9.111545562744140625e+00
8.248489379882812500e+00
7.896683692932128906e+00
1.029558086395263672e+01
4.897818088531494141e+00
9.148877143859863281e+00
1.282564544677734375e+01
1.003575325012207031e+01
1.116612148284912109e+01
1.324113941192626953e+01
3.489949464797973633e+00
7.802041053771972656e+00
1.481228542327880859e+01
3.234939575195312500e+00
9.950379371643066406e+00
1.067621803283691406e+01
8.928812026977539062e+00
9.453460693359375000e+00
1.340714836120605469e+01
7.985419273376464844e+00
1.061493206024169922e+01
1.126274204254150391e+01
1.326176834106445312e+01
9.615679740905761719e+00
1.371104812622070312e+01
1.058619308471679688e+01
1.359303092956542969e+01
9.101321220397949219e+00
5.067455768585205078e+00
1.142254066467285156e+01
1.319862365722656250e+01
1.365663719177246094e+01
1.303449630737304688e+01
1.160081577301025391e+01
8.042329788208007812e+00
1.218772125244140625e+01
9.844765663146972656e+00
1.315688037872314453e+01
1.169090557098388672e+01
1.085289192199707031e+01
8.057521820068359375e+00
8.569014549255371094e+00
7.907248020172119141e+00
8.051800727844238281e+00
9.788672447204589844e+00
3.616018056869506836e+00
1.407856750488281250e+01
7.240520000457763672e+00
6.010433197021484375e+00
1.088509941101074219e+01
1.249397754669189453e+01
1.344002056121826172e+01
1.190041828155517578e+01
1.206593704223632812e+01
1.091019058227539062e+01
4.107707500457763672e+00
3.760856151580810547e+00
1.300076198577880859e+01
1.057812786102294922e+01
9.941801071166992188e+00
3.530152559280395508e+00
1.116764450073242188e+01
9.052013397216796875e+00
1.128400897979736328e+01
1.094044017791748047e+01
9.418439865112304688e+00
8.969658851623535156e+00
9.085762977600097656e+00
1.026266384124755859e+01
1.056064033508300781e+01
9.176066398620605469e+00
1.034635829925537109e+01
1.438779926300048828e+01
4.282001018524169922e+00
1.382007503509521484e+01
1.104555988311767578e+01
1.167298126220703125e+01
9.997155189514160156e+00
1.317393779754638672e+01
1.238682937622070312e+01
1.080036735534667969e+01
1.290961074829101562e+01
1.112180995941162109e+01
7.998915672302246094e+00
1.066691780090332031e+01
8.393842697143554688e+00
1.092691802978515625e+01
1.207230091094970703e+01
1.260730171203613281e+01
1.003233814239501953e+01
5.332548618316650391e+00
1.144374275207519531e+01
1.493251895904541016e+01
4.081408977508544922e+00
1.490132331848144531e+01
1.401646995544433594e+01
8.817908287048339844e+00
1.055162620544433594e+01
1.004249668121337891e+01
1.238374328613281250e+01
9.973655700683593750e+00
1.128236865997314453e+01
1.278873538970947266e+01
9.580333709716796875e+00
1.235527610778808594e+01
8.463755607604980469e+00
1.438779926300048828e+01
1.156792259216308594e+01
1.014151096343994141e+01
7.653342723846435547e+00
1.577788639068603516e+01
1.132280158996582031e+01
1.046257209777832031e+01
8.559809684753417969e+00
1.300965595245361328e+01
1.236711025238037109e+01
9.385659217834472656e+00
1.038035869598388672e+01
1.173001575469970703e+01
1.265248107910156250e+01
1.012692356109619141e+01
1.104534626007080078e+01
1.225135231018066406e+01
9.832798004150390625e+00
1.265331649780273438e+01
1.069843578338623047e+01
7.709070205688476562e+00
9.311634063720703125e+00
8.366322517395019531e+00
1.098643016815185547e+01
9.971857070922851562e+00
1.222015190124511719e+01
1.003471183776855469e+01
4.546855926513671875e+00
1.205906486511230469e+01
1.093749618530273438e+01
1.356007289886474609e+01
1.126463222503662109e+01
5.987083435058593750e+00
1.000005245208740234e+01
9.173273086547851562e+00
9.479958534240722656e+00
1.194809341430664062e+01
4.477174282073974609e+00
1.374381160736083984e+01
1.416069030761718750e+01
7.870696544647216797e+00
1.062251567840576172e+01
