8.487517356872558594e+00
7.910724639892578125e+00
4.294323444366455078e+00
1.237054443359375000e+01
1.040669059753417969e+01
8.569875717163085938e+00
1.073051548004150391e+01
8.630768775939941406e+00
1.127315330505371094e+01
5.655560016632080078e+00
6.878234863281250000e+00
1.278548908233642578e+01
1.195506381988525391e+01
1.216487789154052734e+01
1.158596801757812500e+01
1.036853790283203125e+01
1.126731300354003906e+01
1.513384819030761719e+01
9.981001853942871094e+00
1.269913673400878906e+01
1.290074539184570312e+01
9.219170570373535156e+00
1.408993911743164062e+01
1.205067062377929688e+01
1.156687259674072266e+01
8.846816062927246094e+00
7.108734130859375000e+00
9.091106414794921875e+00
1.064498329162597656e+01
6.720712661743164062e+00
1.081406211853027344e+01
1.052702426910400391e+01
8.888639450073242188e+00
1.117881298065185547e+01
1.431243324279785156e+01
8.177191734313964844e+00
1.069201087951660156e+01
1.032082748413085938e+01
9.562107086181640625e+00
1.037912273406982422e+01
9.302694320678710938e+00
8.169639587402343750e+00
1.094561958312988281e+01
1.090287494659423828e+01
1.008929347991943359e+01
8.118195533752441406e+00
1.388567829132080078e+01
8.122598648071289062e+00
1.212545585632324219e+01
9.491803169250488281e+00
1.363875961303710938e+01
6.834771156311035156e+00
1.241724491119384766e+01
9.565824508666992188e+00
7.584164142608642578e+00
1.010616207122802734e+01
8.762238502502441406e+00
1.205288696289062500e+01
1.048361968994140625e+01
4.335616588592529297e+00
9.445583343505859375e+00
1.225059413909912109e+01
1.203659152984619141e+01
7.880065917968750000e+00
8.032112121582031250e+00
7.472439765930175781e+00
1.262329959869384766e+01
8.983987808227539062e+00
1.056597232818603516e+01
1.126580142974853516e+01
3.755995035171508789e+00
8.728431701660156250e+00
1.098044872283935547e+01
1.045968437194824219e+01
1.227268791198730469e+01
1.225511741638183594e+01
8.430183410644531250e+00
1.062279701232910156e+01
9.874877929687500000e+00
1.060321712493896484e+01
1.074778270721435547e+01
1.239733791351318359e+01
1.080163764953613281e+01
1.130808544158935547e+01
1.157700252532958984e+01
1.264586257934570312e+01
1.087008762359619141e+01
3.936793804168701172e+00
6.733917236328125000e+00
3.885781764984130859e+00
1.151961898803710938e+01
7.908648014068603516e+00
1.005802822113037109e+01
1.084970378875732422e+01
1.229448223114013672e+01
1.255033302307128906e+01
3.681716203689575195e+00
1.032584953308105469e+01
1.119331932067871094e+01
4.432427883148193359e+00
1.444536209106445312e+01
8.686039924621582031e+00
1.108093166351318359e+01
1.114262199401855469e+01
3.178039073944091797e+00
1.031726455688476562e+01
9.022897720336914062e+00
9.199835777282714844e+00
8.299073219299316406e+00
8.060268402099609375e+00
1.151210689544677734e+01
9.158034324645996094e+00
1.304415130615234375e+01
1.360931491851806641e+01
1.433455657958984375e+01
1.305391502380371094e+01
9.040974617004394531e+00
1.044455909729003906e+01
4.662769794464111328e+00
1.088253307342529297e+01
1.287226104736328125e+01
1.225217056274414062e+01
1.090170383453369141e+01
1.131379318237304688e+01
1.079526233673095703e+01
3.545384407043457031e+00
1.036774635314941406e+01
1.019176959991455078e+01
1.000934028625488281e+01
8.778660774230957031e+00
1.004548454284667969e+01
1.145229434967041016e+01
1.154237174987792969e+01
5.725587368011474609e+00
9.587050437927246094e+00
1.313127422332763672e+01
1.226213264465332031e+01
8.379638671875000000e+00
1.288531303405761719e+01
1.016381072998046875e+01
1.011686229705810547e+01
7.787456989288330078e+00
4.819057464599609375e+00
1.259392261505126953e+01
4.234015941619873047e+00
1.228041458129882812e+01
1.212508392333984375e+01
1.316575336456298828e+01
1.184269237518310547e+01
9.660078048706054688e+00
1.303537368774414062e+01
6.808588504791259766e+00
3.724705696105957031e+00
1.046948051452636719e+01
9.891916275024414062e+00
7.303173542022705078e+00
1.072672271728515625e+01
1.177330684661865234e+01
7.404137611389160156e+00
8.077125549316406250e+00
1.062432765960693359e+01
9.551202774047851562e+00
1.278425407409667969e+01
1.138624763488769531e+01
1.276710224151611328e+01
1.026951885223388672e+01
1.086337852478027344e+01
4.476933956146240234e+00
9.711238861083984375e+00
9.358510017395019531e+00
1.027904415130615234e+01
1.040085411071777344e+01
8.587887763977050781e+00
8.222189903259277344e+00
4.140270709991455078e+00
3.811264276504516602e+00
1.145027351379394531e+01
9.262204170227050781e+00
1.042193317413330078e+01
7.824924468994140625e+00
9.712885856628417969e+00
7.798851490020751953e+00
3.311392784118652344e+00
1.128289222717285156e+01
1.601185226440429688e+01
8.990243911743164062e+00
8.317006111145019531e+00
1.035152149200439453e+01
5.211922168731689453e+00
8.090479850769042969e+00
4.555249214172363281e+00
1.068381023406982422e+01
1.126100540161132812e+01
8.010612487792968750e+00
9.955249786376953125e+00
1.202657318115234375e+01
1.339222335815429688e+01
1.166205692291259766e+01
1.061652565002441406e+01
9.316399574279785156e+00
9.943130493164062500e+00
1.199749469757080078e+01
3.345059156417846680e+00
1.228543472290039062e+01
1.089976310729980469e+01
5.077588081359863281e+00
1.009188938140869141e+01
7.855159282684326172e+00
1.328068351745605469e+01
9.535510063171386719e+00
8.812405586242675781e+00
1.166181182861328125e+01
1.116720867156982422e+01
1.192768192291259766e+01
1.309899234771728516e+01
1.008761596679687500e+01
1.158223056793212891e+01
9.185258865356445312e+00
9.782234191894531250e+00
1.054489994049072266e+01
7.577651977539062500e+00
1.280344104766845703e+01
1.158354663848876953e+01
1.143098449707031250e+01
1.154094123840332031e+01
4.378775119781494141e+00
9.092429161071777344e+00
1.041885757446289062e+01
1.126803588867187500e+01
1.332818889617919922e+01
1.065826702117919922e+01
1.250440597534179688e+01
6.472594261169433594e+00
1.177207183837890625e+01
7.701122283935546875e+00
1.025464630126953125e+01
1.089693546295166016e+01
1.097674179077148438e+01
3.620327949523925781e+00
1.098316764831542969e+01
1.341066169738769531e+01
9.409715652465820312e+00
9.301384925842285156e+00
3.016937971115112305e+00
1.249353218078613281e+01
1.129804992675781250e+01
1.046356201171875000e+01
9.775167465209960938e+00
1.077711582183837891e+01
9.374639511108398438e+00
