1.065005016326904297e+01
1.070235347747802734e+01
9.906261444091796875e+00
9.071651458740234375e+00
1.018869686126708984e+01
1.340791130065917969e+01
3.813733100891113281e+00
4.594619274139404297e+00
1.430539608001708984e+01
1.150474929809570312e+01
1.323914146423339844e+01
1.067398452758789062e+01
1.481806278228759766e+01
1.107608699798583984e+01
1.272074031829833984e+01
1.090455245971679688e+01
1.030839824676513672e+01
7.805328369140625000e+00
9.261599540710449219e+00
8.083041191101074219e+00
4.618948459625244141e+00
1.000248813629150391e+01
9.149704933166503906e+00
8.941062927246093750e+00
1.190440177917480469e+01
1.232957172393798828e+01
1.225600337982177734e+01
5.236608505249023438e+00
1.460806751251220703e+01
1.170107746124267578e+01
1.167554950714111328e+01
1.050197505950927734e+01
1.420785808563232422e+01
9.234876632690429688e+00
1.178392696380615234e+01
1.030049133300781250e+01
7.565713405609130859e+00
8.277766227722167969e+00
1.612575721740722656e+01
8.393377304077148438e+00
4.254748344421386719e+00
1.041684341430664062e+01
1.521891784667968750e+01
8.181091308593750000e+00
1.498098373413085938e+01
1.065720748901367188e+01
6.550695419311523438e+00
8.242472648620605469e+00
7.315208911895751953e+00
1.186085224151611328e+01
1.259899997711181641e+01
1.013601303100585938e+01
1.029232978820800781e+01
8.092144966125488281e+00
1.270316886901855469e+01
7.714450359344482422e+00
1.290470218658447266e+01
1.093353366851806641e+01
3.617012977600097656e+00
7.554578304290771484e+00
9.463178634643554688e+00
9.343119621276855469e+00
1.169567203521728516e+01
6.928070068359375000e+00
1.380959510803222656e+01
9.344837188720703125e+00
1.187456989288330078e+01
4.675680637359619141e+00
5.020698070526123047e+00
1.040297985076904297e+01
1.383594322204589844e+01
1.011155605316162109e+01
1.111851215362548828e+01
1.321602916717529297e+01
1.087052345275878906e+01
1.154753684997558594e+01
1.128522586822509766e+01
7.248650074005126953e+00
1.091298675537109375e+01
1.025047969818115234e+01
1.153655147552490234e+01
1.148976039886474609e+01
1.061498165130615234e+01
1.053231811523437500e+01
1.126112270355224609e+01
3.590367078781127930e+00
1.313680076599121094e+01
1.258792495727539062e+01
8.626534461975097656e+00
9.168499946594238281e+00
1.121047401428222656e+01
1.208179283142089844e+01
1.099416828155517578e+01
1.000709629058837891e+01
9.139348983764648438e+00
7.835973262786865234e+00
6.833506584167480469e+00
1.088621520996093750e+01
4.627524375915527344e+00
1.224195957183837891e+01
9.649334907531738281e+00
1.040456199645996094e+01
9.668272972106933594e+00
9.230659484863281250e+00
1.043955230712890625e+01
7.800330162048339844e+00
1.024669170379638672e+01
1.154154872894287109e+01
1.098778247833251953e+01
8.202504158020019531e+00
4.250104904174804688e+00
1.040189552307128906e+01
9.758514404296875000e+00
1.139548587799072266e+01
9.659129142761230469e+00
9.273540496826171875e+00
1.194547939300537109e+01
1.151046085357666016e+01
5.138631820678710938e+00
9.857472419738769531e+00
1.059015274047851562e+01
1.111018276214599609e+01
1.240749931335449219e+01
3.699309587478637695e+00
1.356000804901123047e+01
1.025949287414550781e+01
9.942760467529296875e+00
1.217417621612548828e+01
1.217777347564697266e+01
4.514684200286865234e+00
1.112764263153076172e+01
7.545057296752929688e+00
8.470803260803222656e+00
7.791749477386474609e+00
5.001357555389404297e+00
8.660392761230468750e+00
4.694659709930419922e+00
9.573576927185058594e+00
1.165189266204833984e+01
3.655953645706176758e+00
9.421429634094238281e+00
1.094671916961669922e+01
8.119121551513671875e+00
7.709141254425048828e+00
8.966613769531250000e+00
3.268744707107543945e+00
1.310118198394775391e+01
7.626700401306152344e+00
6.801112651824951172e+00
1.029389286041259766e+01
1.101914691925048828e+01
1.255904293060302734e+01
5.490784645080566406e+00
9.928532600402832031e+00
8.123200416564941406e+00
1.335615348815917969e+01
7.617418766021728516e+00
5.288903713226318359e+00
1.229566860198974609e+01
9.899102210998535156e+00
1.259379959106445312e+01
1.018155765533447266e+01
1.128044128417968750e+01
9.010344505310058594e+00
1.129104804992675781e+01
9.246952056884765625e+00
1.123552894592285156e+01
1.063663005828857422e+01
1.232160854339599609e+01
4.073790550231933594e+00
9.943709373474121094e+00
7.099191665649414062e+00
1.097956848144531250e+01
9.131604194641113281e+00
7.394776821136474609e+00
8.400681495666503906e+00
1.044869232177734375e+01
8.973224639892578125e+00
8.780041694641113281e+00
9.187116622924804688e+00
4.759382247924804688e+00
7.650284290313720703e+00
1.179268360137939453e+01
1.107243537902832031e+01
1.234455966949462891e+01
8.935491561889648438e+00
1.030841922760009766e+01
1.049261093139648438e+01
9.430126190185546875e+00
1.124181556701660156e+01
1.095137405395507812e+01
8.883300781250000000e+00
1.089899253845214844e+01
7.813398838043212891e+00
1.255295562744140625e+01
1.199719333648681641e+01
1.150993347167968750e+01
9.601716995239257812e+00
8.683673858642578125e+00
8.099584579467773438e+00
1.261133766174316406e+01
1.013645935058593750e+01
1.231068515777587891e+01
1.362426090240478516e+01
1.202206611633300781e+01
1.083809757232666016e+01
1.199924373626708984e+01
1.516844272613525391e+01
7.741526126861572266e+00
1.177158737182617188e+01
1.458986091613769531e+01
1.422219181060791016e+01
1.318638324737548828e+01
1.017126750946044922e+01
9.862458229064941406e+00
1.159184646606445312e+01
1.196569728851318359e+01
1.368979549407958984e+01
1.696790122985839844e+01
1.167904758453369141e+01
4.255442142486572266e+00
1.225584983825683594e+01
1.090120220184326172e+01
6.798493385314941406e+00
9.859226226806640625e+00
1.263967895507812500e+01
1.103437805175781250e+01
1.325938034057617188e+01
1.102095603942871094e+01
1.062799453735351562e+01
1.047400474548339844e+01
1.022415733337402344e+01
1.063769721984863281e+01
1.351407241821289062e+01
1.294275188446044922e+01
9.405050277709960938e+00
1.014085197448730469e+01
1.324458503723144531e+01
1.260369205474853516e+01
7.849883556365966797e+00
9.868711471557617188e+00
1.288004016876220703e+01
1.070041084289550781e+01
1.100598144531250000e+01
1.297810077667236328e+01
1.292515468597412109e+01
1.045031261444091797e+01
1.032621002197265625e+01
4.487556457519531250e+00
1.092588138580322266e+01
