9.857565879821777344e+00
4.479008674621582031e+00
8.246047019958496094e+00
1.200912666320800781e+01
9.891144752502441406e+00
5.752736568450927734e+00
1.008193778991699219e+01
7.949889183044433594e+00
8.642212867736816406e+00
9.584256172180175781e+00
1.075735664367675781e+01
3.516779184341430664e+00
1.093106079101562500e+01
1.178602790832519531e+01
1.091942119598388672e+01
7.697443008422851562e+00
1.044670867919921875e+01
1.099768924713134766e+01
9.911383628845214844e+00
9.849759101867675781e+00
1.133111858367919922e+01
1.156535053253173828e+01
9.745245933532714844e+00
4.812159538269042969e+00
1.243924331665039062e+01
1.113343238830566406e+01
1.195579433441162109e+01
9.907953262329101562e+00
1.015674686431884766e+01
8.454389572143554688e+00
5.030954837799072266e+00
1.144029903411865234e+01
5.150959014892578125e+00
9.076234817504882812e+00
1.018604946136474609e+01
8.180618286132812500e+00
1.136972808837890625e+01
9.316032409667968750e+00
1.006489944458007812e+01
9.154342651367187500e+00
1.094533634185791016e+01
8.452286720275878906e+00
8.441722869873046875e+00
3.372074604034423828e+00
1.137297439575195312e+01
1.302577495574951172e+01
1.338373088836669922e+01
1.040151119232177734e+01
9.845854759216308594e+00
8.934669494628906250e+00
1.157615470886230469e+01
9.455196380615234375e+00
9.126362800598144531e+00
1.040514850616455078e+01
5.769255638122558594e+00
8.810580253601074219e+00
1.003738975524902344e+01
1.013966274261474609e+01
1.186898136138916016e+01
5.077611923217773438e+00
1.228810596466064453e+01
1.139150619506835938e+01
1.135450458526611328e+01
1.050767040252685547e+01
1.236148929595947266e+01
8.728520393371582031e+00
1.321645355224609375e+01
1.091700553894042969e+01
1.102393627166748047e+01
8.479266166687011719e+00
9.766731262207031250e+00
9.104240417480468750e+00
1.077711296081542969e+01
1.148258304595947266e+01
9.726550102233886719e+00
8.175736427307128906e+00
4.069961071014404297e+00
1.103853034973144531e+01
1.190890884399414062e+01
1.156678581237792969e+01
9.600621223449707031e+00
1.182190322875976562e+01
1.373291206359863281e+01
8.882642745971679688e+00
1.253034877777099609e+01
4.202114105224609375e+00
1.044621086120605469e+01
9.797529220581054688e+00
1.034765434265136719e+01
8.461379051208496094e+00
9.509858131408691406e+00
1.015002250671386719e+01
8.546752929687500000e+00
1.016223907470703125e+01
1.499994754791259766e+01
8.962572097778320312e+00
1.048773193359375000e+01
1.120975875854492188e+01
1.060180473327636719e+01
9.350579261779785156e+00
7.653615951538085938e+00
9.935305595397949219e+00
1.199904155731201172e+01
9.870412826538085938e+00
9.794655799865722656e+00
1.142265605926513672e+01
1.062463474273681641e+01
8.217965126037597656e+00
9.786318778991699219e+00
8.355379104614257812e+00
1.162361621856689453e+01
9.240596771240234375e+00
3.978605270385742188e+00
9.510443687438964844e+00
5.522827625274658203e+00
8.742994308471679688e+00
8.410137176513671875e+00
8.991455078125000000e+00
8.252068519592285156e+00
9.391726493835449219e+00
1.082041168212890625e+01
8.685888290405273438e+00
7.628385543823242188e+00
9.037210464477539062e+00
1.070672130584716797e+01
1.232440471649169922e+01
9.380576133728027344e+00
9.624319076538085938e+00
1.270103740692138672e+01
1.485819816589355469e+01
1.097309780120849609e+01
9.517300605773925781e+00
1.068481731414794922e+01
1.117230892181396484e+01
9.934648513793945312e+00
7.209110260009765625e+00
9.185609817504882812e+00
9.314523696899414062e+00
9.237927436828613281e+00
8.999855041503906250e+00
1.277295589447021484e+01
9.111714363098144531e+00
1.483691883087158203e+01
9.285840988159179688e+00
1.151310539245605469e+01
9.571638107299804688e+00
7.116959095001220703e+00
5.071866512298583984e+00
1.089357566833496094e+01
1.219290065765380859e+01
1.156431961059570312e+01
8.080246925354003906e+00
9.989562034606933594e+00
8.776341438293457031e+00
1.018930053710937500e+01
1.069800472259521484e+01
6.496764183044433594e+00
9.948848724365234375e+00
1.061241149902343750e+01
1.077025318145751953e+01
4.939290046691894531e+00
7.453155517578125000e+00
1.117137527465820312e+01
1.170315074920654297e+01
9.710760116577148438e+00
4.484793186187744141e+00
8.170151710510253906e+00
9.109597206115722656e+00
1.177850914001464844e+01
9.113374710083007812e+00
1.085149002075195312e+01
1.030027389526367188e+01
1.090025138854980469e+01
8.555510520935058594e+00
1.058204078674316406e+01
1.388708877563476562e+01
1.309910297393798828e+01
1.070581626892089844e+01
1.217193126678466797e+01
1.021858215332031250e+01
1.107694339752197266e+01
1.054253673553466797e+01
1.229020595550537109e+01
1.147491931915283203e+01
1.120146083831787109e+01
1.115959453582763672e+01
7.900796413421630859e+00
9.219257354736328125e+00
1.289007472991943359e+01
9.861484527587890625e+00
1.142733860015869141e+01
1.279988193511962891e+01
1.143181037902832031e+01
4.234691619873046875e+00
1.271805953979492188e+01
1.051577281951904297e+01
1.343887424468994141e+01
1.037853336334228516e+01
1.095340156555175781e+01
9.659087181091308594e+00
1.108174514770507812e+01
1.275196456909179688e+01
1.160760211944580078e+01
5.036637783050537109e+00
7.054242610931396484e+00
1.228444862365722656e+01
8.525439262390136719e+00
9.611207008361816406e+00
8.480974197387695312e+00
1.068866539001464844e+01
8.594006538391113281e+00
8.043170928955078125e+00
1.242099857330322266e+01
9.585617065429687500e+00
9.560015678405761719e+00
8.575243949890136719e+00
9.382703781127929688e+00
1.014931678771972656e+01
1.394517326354980469e+01
8.616013526916503906e+00
9.856814384460449219e+00
1.294451522827148438e+01
1.136983394622802734e+01
9.731026649475097656e+00
1.304539108276367188e+01
9.155756950378417969e+00
8.009502410888671875e+00
5.197177886962890625e+00
9.886871337890625000e+00
1.077339076995849609e+01
1.428281784057617188e+01
1.267337608337402344e+01
9.637705802917480469e+00
1.486464500427246094e+01
1.404683589935302734e+01
8.688167572021484375e+00
1.025163745880126953e+01
9.546137809753417969e+00
1.110637474060058594e+01
1.063204288482666016e+01
3.286733150482177734e+00
9.872365951538085938e+00
9.546168327331542969e+00
9.781322479248046875e+00
7.591670989990234375e+00
8.994323730468750000e+00
1.325930500030517578e+01
1.121838760375976562e+01
8.695478439331054688e+00
4.840066909790039062e+00
