1.082466602325439453e+01
4.374636173248291016e+00
1.117894744873046875e+01
7.158782482147216797e+00
1.420901679992675781e+01
7.561386585235595703e+00
9.291979789733886719e+00
8.103312492370605469e+00
1.138964462280273438e+01
1.120530700683593750e+01
1.311884498596191406e+01
7.891564369201660156e+00
1.055535030364990234e+01
8.942359924316406250e+00
9.644278526306152344e+00
5.189401626586914062e+00
1.432777786254882812e+01
4.798936367034912109e+00
1.078715705871582031e+01
1.038028717041015625e+01
9.665902137756347656e+00
4.705823421478271484e+00
1.497681522369384766e+01
1.219615364074707031e+01
8.372952461242675781e+00
1.046144294738769531e+01
1.267387390136718750e+01
1.068193817138671875e+01
1.054454326629638672e+01
1.444937896728515625e+01
1.198840618133544922e+01
1.122621631622314453e+01
1.107596778869628906e+01
7.332754611968994141e+00
1.300184249877929688e+01
1.114531898498535156e+01
1.169406509399414062e+01
8.181013107299804688e+00
1.189529609680175781e+01
1.228919410705566406e+01
7.937719821929931641e+00
6.468486785888671875e+00
1.267640399932861328e+01
1.223336887359619141e+01
3.187393426895141602e+00
1.147477245330810547e+01
1.086751842498779297e+01
1.086129570007324219e+01
1.213269424438476562e+01
1.353515052795410156e+01
1.110780143737792969e+01
1.009701824188232422e+01
9.487003326416015625e+00
8.482420921325683594e+00
1.018096065521240234e+01
1.195263290405273438e+01
1.128125381469726562e+01
8.375996589660644531e+00
1.108008289337158203e+01
1.112914180755615234e+01
1.117433261871337891e+01
5.673017501831054688e+00
1.078804683685302734e+01
1.150131320953369141e+01
1.146206760406494141e+01
1.112721157073974609e+01
1.098068904876708984e+01
1.005032539367675781e+01
3.417862415313720703e+00
1.330184745788574219e+01
1.232565116882324219e+01
1.262724590301513672e+01
1.067061901092529297e+01
8.465415954589843750e+00
1.185322475433349609e+01
1.253759765625000000e+01
1.208230876922607422e+01
8.250640869140625000e+00
9.191447257995605469e+00
4.524049282073974609e+00
9.346440315246582031e+00
9.859712600708007812e+00
9.808303833007812500e+00
1.120690727233886719e+01
7.291342735290527344e+00
9.395928382873535156e+00
1.101672267913818359e+01
8.803403854370117188e+00
1.005864906311035156e+01
5.833391189575195312e+00
1.080010795593261719e+01
9.447188377380371094e+00
1.313444042205810547e+01
8.983946800231933594e+00
1.060811519622802734e+01
1.391345119476318359e+01
1.064379024505615234e+01
5.602877616882324219e+00
1.070036792755126953e+01
1.099834442138671875e+01
1.164585208892822266e+01
1.474407863616943359e+01
1.018178844451904297e+01
1.079219150543212891e+01
1.035362720489501953e+01
1.303355026245117188e+01
1.144947052001953125e+01
1.266126537322998047e+01
9.604651451110839844e+00
9.426955223083496094e+00
8.486621856689453125e+00
1.047989368438720703e+01
1.072974395751953125e+01
1.211517429351806641e+01
1.045763397216796875e+01
1.128660106658935547e+01
8.444214820861816406e+00
1.067878818511962891e+01
1.045142173767089844e+01
9.807271957397460938e+00
8.128991127014160156e+00
7.775282859802246094e+00
1.261588573455810547e+01
1.158472537994384766e+01
1.279974555969238281e+01
9.980604171752929688e+00
8.904102325439453125e+00
1.129359149932861328e+01
4.368895053863525391e+00
9.782892227172851562e+00
1.528195190429687500e+01
1.216272830963134766e+01
9.041960716247558594e+00
1.161196517944335938e+01
4.756660938262939453e+00
8.159324645996093750e+00
1.059015560150146484e+01
8.746308326721191406e+00
9.438354492187500000e+00
8.566167831420898438e+00
1.357616996765136719e+01
1.263234710693359375e+01
9.589084625244140625e+00
1.081868648529052734e+01
1.120357322692871094e+01
1.116611576080322266e+01
1.387680721282958984e+01
9.974660873413085938e+00
9.472106933593750000e+00
7.638233184814453125e+00
1.358547210693359375e+01
1.017977714538574219e+01
1.165883159637451172e+01
9.450007438659667969e+00
6.669378757476806641e+00
6.460565090179443359e+00
1.150372505187988281e+01
9.376397132873535156e+00
3.830278873443603516e+00
1.078307056427001953e+01
8.350531578063964844e+00
1.198986244201660156e+01
9.711989402770996094e+00
1.100347995758056641e+01
1.158655357360839844e+01
7.766540050506591797e+00
1.041787147521972656e+01
1.074622821807861328e+01
9.943575859069824219e+00
1.070040798187255859e+01
1.153557014465332031e+01
6.480434417724609375e+00
8.908025741577148438e+00
5.558206558227539062e+00
7.770427703857421875e+00
1.145406055450439453e+01
1.218333530426025391e+01
1.226044750213623047e+01
4.076115608215332031e+00
1.010646915435791016e+01
1.193390464782714844e+01
9.981762886047363281e+00
8.986211776733398438e+00
1.011650371551513672e+01
1.053005886077880859e+01
1.146583747863769531e+01
9.071645736694335938e+00
8.485350608825683594e+00
1.184025192260742188e+01
1.134392070770263672e+01
8.554640769958496094e+00
1.075071811676025391e+01
3.134989261627197266e+00
1.181040763854980469e+01
9.264498710632324219e+00
1.050300979614257812e+01
1.215206813812255859e+01
1.102654457092285156e+01
1.356545639038085938e+01
8.430603027343750000e+00
9.924783706665039062e+00
1.080021572113037109e+01
1.172775650024414062e+01
1.000603866577148438e+01
1.054099464416503906e+01
1.080083179473876953e+01
1.366039943695068359e+01
8.977833747863769531e+00
5.917386054992675781e+00
1.082168006896972656e+01
1.272668361663818359e+01
1.071467590332031250e+01
1.272181701660156250e+01
1.185621261596679688e+01
4.654854297637939453e+00
1.200964832305908203e+01
9.043844223022460938e+00
9.262994766235351562e+00
1.095390415191650391e+01
9.702392578125000000e+00
8.316629409790039062e+00
1.039870738983154297e+01
4.264424324035644531e+00
9.548974037170410156e+00
1.099703407287597656e+01
9.517724037170410156e+00
1.024489688873291016e+01
1.257523822784423828e+01
5.261213779449462891e+00
4.733559131622314453e+00
1.012403202056884766e+01
9.639026641845703125e+00
1.247117996215820312e+01
1.381958293914794922e+01
4.084987163543701172e+00
1.064423465728759766e+01
1.136179637908935547e+01
9.251129150390625000e+00
1.128025245666503906e+01
1.119965457916259766e+01
1.295210170745849609e+01
4.552892208099365234e+00
1.187694644927978516e+01
1.049041748046875000e+01
8.448348045349121094e+00
9.117898941040039062e+00
1.380252742767333984e+01
7.962738990783691406e+00
1.172626209259033203e+01
8.700121879577636719e+00
