8.232899665832519531e+00
6.415283679962158203e+00
9.244165420532226562e+00
6.558565616607666016e+00
1.171688842773437500e+01
1.050943851470947266e+01
3.696581363677978516e+00
5.542873382568359375e+00
1.220217704772949219e+01
9.341238975524902344e+00
1.070293712615966797e+01
1.182094287872314453e+01
1.075771999359130859e+01
1.019951057434082031e+01
1.348833751678466797e+01
1.238076782226562500e+01
1.460002422332763672e+01
1.055380058288574219e+01
1.295635890960693359e+01
1.332062911987304688e+01
9.478034973144531250e+00
1.172603034973144531e+01
1.115944290161132812e+01
1.273590469360351562e+01
1.050525283813476562e+01
8.803285598754882812e+00
1.217820930480957031e+01
9.724504470825195312e+00
9.128664016723632812e+00
1.016168594360351562e+01
1.465663146972656250e+01
1.366112422943115234e+01
9.759056091308593750e+00
9.911010742187500000e+00
1.068225002288818359e+01
1.108104801177978516e+01
1.092006111145019531e+01
1.046537303924560547e+01
1.105525207519531250e+01
1.217474746704101562e+01
1.585222434997558594e+01
8.317668914794921875e+00
7.332985401153564453e+00
1.355317497253417969e+01
9.428608894348144531e+00
1.340849113464355469e+01
1.213998794555664062e+01
9.690894126892089844e+00
6.406450748443603516e+00
9.343421936035156250e+00
7.506083488464355469e+00
1.123285961151123047e+01
1.192458438873291016e+01
8.732086181640625000e+00
1.251375484466552734e+01
1.026966476440429688e+01
9.400150299072265625e+00
1.008853626251220703e+01
1.054397487640380859e+01
1.385956954956054688e+01
9.234591484069824219e+00
1.318520355224609375e+01
1.353703498840332031e+01
1.009669780731201172e+01
9.403947830200195312e+00
1.205358505249023438e+01
1.027048587799072266e+01
1.183531761169433594e+01
1.164128208160400391e+01
1.184736156463623047e+01
1.040804100036621094e+01
1.055742454528808594e+01
9.899188995361328125e+00
1.177465915679931641e+01
1.353792572021484375e+01
1.168952655792236328e+01
1.234652328491210938e+01
1.187728595733642578e+01
1.102751541137695312e+01
1.169223213195800781e+01
8.368950843811035156e+00
1.256656265258789062e+01
1.165831851959228516e+01
1.191791439056396484e+01
1.281042003631591797e+01
1.328975582122802734e+01
1.069535064697265625e+01
1.170728969573974609e+01
8.475738525390625000e+00
1.010320949554443359e+01
3.253720760345458984e+00
1.077818584442138672e+01
1.080441570281982422e+01
1.382514572143554688e+01
1.231735420227050781e+01
1.113879013061523438e+01
1.410359477996826172e+01
1.082068157196044922e+01
1.020043087005615234e+01
1.349465465545654297e+01
1.200215721130371094e+01
1.290596580505371094e+01
5.216341018676757812e+00
1.168311882019042969e+01
9.794373512268066406e+00
1.101173686981201172e+01
3.597572565078735352e+00
5.939611434936523438e+00
9.796222686767578125e+00
1.267995262145996094e+01
1.249483871459960938e+01
1.130042552947998047e+01
4.656148910522460938e+00
4.228040218353271484e+00
1.369273853302001953e+01
9.571462631225585938e+00
8.647840499877929688e+00
1.055611038208007812e+01
1.355410480499267578e+01
9.400585174560546875e+00
1.067519855499267578e+01
1.279516983032226562e+01
1.287405776977539062e+01
7.403863430023193359e+00
1.251336765289306641e+01
1.107764244079589844e+01
1.164069080352783203e+01
1.381013870239257812e+01
1.083263301849365234e+01
8.110210418701171875e+00
1.146191310882568359e+01
1.120701503753662109e+01
8.978532791137695312e+00
1.228739356994628906e+01
1.104223442077636719e+01
9.337800979614257812e+00
1.221498870849609375e+01
5.686133861541748047e+00
1.125537490844726562e+01
1.119940948486328125e+01
3.826711654663085938e+00
1.074491500854492188e+01
9.692949295043945312e+00
9.406613349914550781e+00
9.572217941284179688e+00
9.319425582885742188e+00
1.005180358886718750e+01
1.133808708190917969e+01
1.299187755584716797e+01
1.197745990753173828e+01
9.155518531799316406e+00
1.117382907867431641e+01
1.308206367492675781e+01
1.087195014953613281e+01
4.484203815460205078e+00
1.095247173309326172e+01
1.412659835815429688e+01
5.407591819763183594e+00
7.784221649169921875e+00
1.243243980407714844e+01
4.650543689727783203e+00
1.070866870880126953e+01
8.174844741821289062e+00
1.248862361907958984e+01
1.087616062164306641e+01
9.562145233154296875e+00
8.992009162902832031e+00
1.381970119476318359e+01
5.878895759582519531e+00
9.475240707397460938e+00
8.220607757568359375e+00
1.081216239929199219e+01
9.622522354125976562e+00
9.972319602966308594e+00
8.902151107788085938e+00
1.031619834899902344e+01
1.146273326873779297e+01
7.415328502655029297e+00
8.547274589538574219e+00
1.385426807403564453e+01
6.179869651794433594e+00
1.195705986022949219e+01
1.293154335021972656e+01
1.321117973327636719e+01
1.207844924926757812e+01
1.309820842742919922e+01
1.082720947265625000e+01
1.135058021545410156e+01
1.036903667449951172e+01
1.306978511810302734e+01
1.268785476684570312e+01
1.045368480682373047e+01
1.111527538299560547e+01
1.074027061462402344e+01
8.819415092468261719e+00
9.897352218627929688e+00
1.045380115509033203e+01
1.081982898712158203e+01
1.190344905853271484e+01
8.014531135559082031e+00
1.244771671295166016e+01
4.213655471801757812e+00
1.425801658630371094e+01
1.062855625152587891e+01
9.212725639343261719e+00
9.053043365478515625e+00
1.002301406860351562e+01
1.129556941986083984e+01
1.443249893188476562e+01
8.033704757690429688e+00
9.655771255493164062e+00
9.762566566467285156e+00
1.013312339782714844e+01
7.466856002807617188e+00
9.072638511657714844e+00
1.120735549926757812e+01
8.684481620788574219e+00
1.010179042816162109e+01
1.154382419586181641e+01
9.943770408630371094e+00
8.080928802490234375e+00
1.019293403625488281e+01
1.025192546844482422e+01
1.168846321105957031e+01
1.122608566284179688e+01
1.069111442565917969e+01
9.161099433898925781e+00
4.704692840576171875e+00
1.113435745239257812e+01
7.369022369384765625e+00
1.097795772552490234e+01
9.575744628906250000e+00
1.255485725402832031e+01
9.739963531494140625e+00
1.280720424652099609e+01
1.149257564544677734e+01
9.280165672302246094e+00
7.905189990997314453e+00
9.850281715393066406e+00
1.061207199096679688e+01
7.955632686614990234e+00
9.518361091613769531e+00
1.397627639770507812e+01
9.597994804382324219e+00
9.383286476135253906e+00
8.367987632751464844e+00
1.025547981262207031e+01
9.984664916992187500e+00
9.953160285949707031e+00
1.159913349151611328e+01
