1.130991268157958984e+01
4.249308586120605469e+00
1.187115192413330078e+01
1.351109886169433594e+01
1.081866359710693359e+01
1.288057136535644531e+01
9.372282981872558594e+00
1.206456565856933594e+01
1.123604393005371094e+01
3.594288349151611328e+00
1.146099281311035156e+01
1.265818977355957031e+01
9.812902450561523438e+00
1.263142299652099609e+01
1.073044681549072266e+01
1.149430751800537109e+01
7.465344429016113281e+00
1.498582935333251953e+01
1.239804077148437500e+01
9.907300949096679688e+00
1.136931705474853516e+01
7.825391769409179688e+00
5.239473819732666016e+00
9.645361900329589844e+00
7.967295646667480469e+00
1.020228195190429688e+01
1.053008556365966797e+01
1.244900321960449219e+01
1.195462131500244141e+01
9.421795845031738281e+00
1.075691890716552734e+01
1.451124286651611328e+01
1.146716976165771484e+01
1.337040138244628906e+01
1.051823806762695312e+01
3.441797256469726562e+00
1.101148796081542969e+01
1.449694824218750000e+01
1.102402782440185547e+01
3.213370800018310547e+00
4.787764549255371094e+00
1.246036720275878906e+01
4.840506076812744141e+00
1.278567314147949219e+01
1.045526981353759766e+01
1.082378482818603516e+01
1.079142189025878906e+01
1.352329730987548828e+01
1.084858703613281250e+01
1.306489849090576172e+01
8.663721084594726562e+00
1.268144702911376953e+01
1.177320575714111328e+01
1.128348350524902344e+01
1.147614765167236328e+01
1.220349121093750000e+01
1.019250965118408203e+01
8.191938400268554688e+00
6.890882492065429688e+00
9.645678520202636719e+00
1.287718105316162109e+01
9.078518867492675781e+00
1.094454097747802734e+01
1.248734188079833984e+01
1.117122936248779297e+01
7.986909866333007812e+00
5.182177543640136719e+00
8.964832305908203125e+00
1.181852531433105469e+01
1.521718978881835938e+01
1.019135379791259766e+01
4.107273578643798828e+00
1.027710819244384766e+01
7.764583110809326172e+00
9.791213035583496094e+00
1.010085296630859375e+01
1.122308540344238281e+01
7.411457538604736328e+00
9.320818901062011719e+00
1.135882663726806641e+01
9.850327491760253906e+00
4.459215164184570312e+00
9.925158500671386719e+00
1.264467430114746094e+01
1.192415142059326172e+01
1.319152641296386719e+01
4.858144760131835938e+00
1.004863548278808594e+01
1.143492794036865234e+01
1.087014675140380859e+01
1.232003593444824219e+01
1.126912307739257812e+01
9.689665794372558594e+00
7.600097179412841797e+00
1.183492851257324219e+01
1.257190799713134766e+01
1.137951374053955078e+01
1.089304161071777344e+01
1.075515174865722656e+01
1.411249351501464844e+01
9.725910186767578125e+00
1.470574092864990234e+01
1.260316181182861328e+01
7.904026508331298828e+00
9.355443000793457031e+00
4.081160545349121094e+00
1.176711654663085938e+01
8.955103874206542969e+00
8.261102676391601562e+00
1.322181129455566406e+01
1.105929851531982422e+01
1.244740295410156250e+01
6.545876979827880859e+00
9.191718101501464844e+00
1.271759986877441406e+01
1.105479621887207031e+01
1.158930492401123047e+01
8.931122779846191406e+00
7.074540615081787109e+00
1.205869960784912109e+01
9.961000442504882812e+00
3.371089458465576172e+00
7.417211532592773438e+00
1.053626060485839844e+01
1.580883121490478516e+01
3.795405864715576172e+00
7.200191974639892578e+00
1.377479362487792969e+01
1.406709957122802734e+01
3.663576602935791016e+00
1.244880294799804688e+01
8.251956939697265625e+00
1.076319313049316406e+01
1.541084671020507812e+01
1.131517124176025391e+01
2.871327400207519531e+00
3.979779958724975586e+00
1.086940288543701172e+01
1.214302539825439453e+01
1.292408275604248047e+01
9.322821617126464844e+00
1.230959606170654297e+01
1.210731887817382812e+01
9.698324203491210938e+00
1.099424934387207031e+01
4.572784423828125000e+00
4.266039848327636719e+00
1.236445903778076172e+01
1.383071804046630859e+01
1.353702068328857422e+01
1.220987319946289062e+01
1.130059719085693359e+01
1.026826000213623047e+01
1.196712398529052734e+01
9.132146835327148438e+00
9.625204086303710938e+00
7.131642341613769531e+00
1.204876708984375000e+01
9.898406028747558594e+00
8.634702682495117188e+00
1.144962406158447266e+01
1.091541576385498047e+01
1.150745201110839844e+01
4.548160552978515625e+00
8.081164360046386719e+00
1.062173366546630859e+01
1.311808204650878906e+01
1.198869132995605469e+01
1.296254348754882812e+01
1.033030796051025391e+01
4.920147895812988281e+00
1.054759979248046875e+01
1.209936523437500000e+01
9.114127159118652344e+00
4.352368831634521484e+00
7.450963973999023438e+00
1.085024547576904297e+01
1.257609844207763672e+01
1.381604194641113281e+01
8.140950202941894531e+00
1.340543079376220703e+01
1.040782833099365234e+01
8.419537544250488281e+00
5.905455112457275391e+00
8.597248077392578125e+00
1.176741981506347656e+01
1.132252120971679688e+01
1.143424797058105469e+01
8.466178894042968750e+00
1.256218338012695312e+01
9.211812973022460938e+00
9.596478462219238281e+00
1.091794872283935547e+01
9.288374900817871094e+00
7.767952919006347656e+00
8.711218833923339844e+00
1.002178764343261719e+01
1.163571643829345703e+01
1.126153087615966797e+01
7.949146270751953125e+00
7.811370849609375000e+00
1.015014457702636719e+01
1.334438037872314453e+01
8.344932556152343750e+00
1.288858795166015625e+01
9.514362335205078125e+00
8.844909667968750000e+00
1.277510547637939453e+01
1.214358043670654297e+01
9.851245880126953125e+00
1.064025020599365234e+01
6.234998226165771484e+00
1.201750087738037109e+01
1.107787322998046875e+01
1.314223670959472656e+01
8.075644493103027344e+00
1.069236850738525391e+01
4.432760715484619141e+00
8.298232078552246094e+00
4.688418388366699219e+00
8.861908912658691406e+00
7.424000740051269531e+00
1.394117355346679688e+01
1.038444995880126953e+01
1.077863121032714844e+01
1.097192096710205078e+01
6.716785430908203125e+00
1.064796257019042969e+01
5.362349033355712891e+00
1.034368801116943359e+01
8.995459556579589844e+00
9.214278221130371094e+00
1.109985160827636719e+01
8.135095596313476562e+00
1.091731452941894531e+01
1.019539451599121094e+01
1.055507373809814453e+01
9.704486846923828125e+00
9.940377235412597656e+00
1.166499805450439453e+01
1.126715469360351562e+01
9.110195159912109375e+00
1.172517108917236328e+01
8.619462013244628906e+00
1.192141056060791016e+01
1.050688552856445312e+01
1.416655445098876953e+01
1.167203807830810547e+01
1.186220073699951172e+01
9.714377403259277344e+00
