7.133094787597656250e+00
1.360984992980957031e+01
1.238107204437255859e+01
1.171565437316894531e+01
1.205696582794189453e+01
8.862520217895507812e+00
1.549856662750244141e+01
4.555215358734130859e+00
1.141646957397460938e+01
9.189393043518066406e+00
1.215420055389404297e+01
1.143588638305664062e+01
1.231919479370117188e+01
8.669220924377441406e+00
8.211188316345214844e+00
9.499357223510742188e+00
9.469873428344726562e+00
9.243945121765136719e+00
8.964818954467773438e+00
1.332034397125244141e+01
1.127744197845458984e+01
1.057547855377197266e+01
4.653439998626708984e+00
1.228239631652832031e+01
4.805552482604980469e+00
1.073460769653320312e+01
1.104484272003173828e+01
9.076773643493652344e+00
1.356004714965820312e+01
1.343060207366943359e+01
3.761755466461181641e+00
1.338429832458496094e+01
1.367405700683593750e+01
1.108174228668212891e+01
1.171640872955322266e+01
1.054981040954589844e+01
1.131920146942138672e+01
1.330795669555664062e+01
1.211647129058837891e+01
4.387518882751464844e+00
9.068325996398925781e+00
1.175242519378662109e+01
9.182612419128417969e+00
1.084116268157958984e+01
1.379987525939941406e+01
9.262340545654296875e+00
1.002971935272216797e+01
1.064269542694091797e+01
9.231649398803710938e+00
1.126948833465576172e+01
1.246116352081298828e+01
1.138472652435302734e+01
3.424174070358276367e+00
1.192152500152587891e+01
1.216477394104003906e+01
1.189918422698974609e+01
8.435667991638183594e+00
1.117206096649169922e+01
8.873798370361328125e+00
9.781093597412109375e+00
9.938031196594238281e+00
8.135525703430175781e+00
4.074681758880615234e+00
1.048040676116943359e+01
1.133427524566650391e+01
8.655142784118652344e+00
9.062286376953125000e+00
1.364526176452636719e+01
1.102054023742675781e+01
8.439149856567382812e+00
1.026873970031738281e+01
1.157063484191894531e+01
8.028109550476074219e+00
1.146156024932861328e+01
1.122949314117431641e+01
1.098182010650634766e+01
1.161481094360351562e+01
4.760777950286865234e+00
8.313855171203613281e+00
1.017801666259765625e+01
1.453922271728515625e+01
1.014614295959472656e+01
9.033128738403320312e+00
9.847023963928222656e+00
1.525809192657470703e+01
4.662380695343017578e+00
9.654739379882812500e+00
8.031291961669921875e+00
1.233585357666015625e+01
7.581750392913818359e+00
1.182691574096679688e+01
8.714216232299804688e+00
1.270319080352783203e+01
1.143310451507568359e+01
8.006609916687011719e+00
7.825360298156738281e+00
8.006602287292480469e+00
1.010675239562988281e+01
9.750442504882812500e+00
1.066998291015625000e+01
1.411607170104980469e+01
8.693837165832519531e+00
1.134501647949218750e+01
8.855784416198730469e+00
8.693554878234863281e+00
1.102448558807373047e+01
1.154527282714843750e+01
1.008351135253906250e+01
9.045643806457519531e+00
1.005050563812255859e+01
9.695524215698242188e+00
7.478623867034912109e+00
9.524756431579589844e+00
1.504997253417968750e+01
1.082251453399658203e+01
1.271967029571533203e+01
1.319887638092041016e+01
5.332808494567871094e+00
1.084050750732421875e+01
9.003548622131347656e+00
8.184914588928222656e+00
1.046446800231933594e+01
1.004156780242919922e+01
1.160190486907958984e+01
8.773708343505859375e+00
1.073569679260253906e+01
1.104937648773193359e+01
8.115195274353027344e+00
1.006006431579589844e+01
9.683197021484375000e+00
1.377315807342529297e+01
1.034894752502441406e+01
1.629253578186035156e+01
1.236107349395751953e+01
9.459304809570312500e+00
8.604039192199707031e+00
7.949228286743164062e+00
4.986107349395751953e+00
1.288697147369384766e+01
7.851897239685058594e+00
9.876773834228515625e+00
1.144759559631347656e+01
3.683728933334350586e+00
8.940753936767578125e+00
7.600404262542724609e+00
8.535146713256835938e+00
1.249637317657470703e+01
1.011308002471923828e+01
1.272424125671386719e+01
1.106595802307128906e+01
9.065943717956542969e+00
1.296998214721679688e+01
8.111487388610839844e+00
1.094530868530273438e+01
1.163083648681640625e+01
5.100729465484619141e+00
8.422448158264160156e+00
1.088765048980712891e+01
1.120757961273193359e+01
1.097944259643554688e+01
5.718329906463623047e+00
1.020614242553710938e+01
8.304759979248046875e+00
1.290637779235839844e+01
5.638343334197998047e+00
1.160454082489013672e+01
7.789266109466552734e+00
8.097263336181640625e+00
1.229891014099121094e+01
1.276324748992919922e+01
8.427340507507324219e+00
7.251657962799072266e+00
1.021607685089111328e+01
9.902460098266601562e+00
4.348452091217041016e+00
4.268187522888183594e+00
1.209939384460449219e+01
1.272610664367675781e+01
1.113416385650634766e+01
1.153597068786621094e+01
9.842849731445312500e+00
1.036472415924072266e+01
1.115631961822509766e+01
6.968520641326904297e+00
7.924165725708007812e+00
1.267469882965087891e+01
1.195060920715332031e+01
1.221174526214599609e+01
1.072316932678222656e+01
5.823094844818115234e+00
1.210270881652832031e+01
1.231349182128906250e+01
1.284515571594238281e+01
1.245589160919189453e+01
3.965843915939331055e+00
6.910195827484130859e+00
1.211860084533691406e+01
1.369517040252685547e+01
1.063101673126220703e+01
8.569599151611328125e+00
1.105857086181640625e+01
4.248309612274169922e+00
1.058323860168457031e+01
1.221419620513916016e+01
9.111038208007812500e+00
1.072885322570800781e+01
1.224201679229736328e+01
7.322785854339599609e+00
1.066244125366210938e+01
3.846097469329833984e+00
3.431540489196777344e+00
3.625006198883056641e+00
8.323925971984863281e+00
9.497621536254882812e+00
8.707782745361328125e+00
1.162822628021240234e+01
1.262621402740478516e+01
6.632911205291748047e+00
4.544920444488525391e+00
7.532478809356689453e+00
9.337514877319335938e+00
1.396659946441650391e+01
1.119815731048583984e+01
8.711674690246582031e+00
1.129450416564941406e+01
1.230011749267578125e+01
1.138734340667724609e+01
1.162806987762451172e+01
8.923770904541015625e+00
1.028828620910644531e+01
9.193819046020507812e+00
1.265930557250976562e+01
8.012301445007324219e+00
1.006894207000732422e+01
3.770265579223632812e+00
1.157722759246826172e+01
4.954609870910644531e+00
1.346138477325439453e+01
9.993412971496582031e+00
1.122899246215820312e+01
1.387534904479980469e+01
4.870777606964111328e+00
1.079109954833984375e+01
3.716339588165283203e+00
1.204443168640136719e+01
1.313775730133056641e+01
1.087378501892089844e+01
1.041663455963134766e+01
1.067806148529052734e+01
1.082691383361816406e+01
