1.133896064758300781e+01
9.610458374023437500e+00
3.464856147766113281e+00
1.093068885803222656e+01
8.753176689147949219e+00
1.169783401489257812e+01
1.291297912597656250e+01
9.425940513610839844e+00
9.265550613403320312e+00
1.006389713287353516e+01
1.370588684082031250e+01
1.147427845001220703e+01
1.085517692565917969e+01
1.236555099487304688e+01
1.203073310852050781e+01
1.284261512756347656e+01
1.344351482391357422e+01
1.331217861175537109e+01
3.978821039199829102e+00
1.114908313751220703e+01
1.100585269927978516e+01
5.666545867919921875e+00
1.007065010070800781e+01
1.284568023681640625e+01
1.240664005279541016e+01
1.074020576477050781e+01
1.026421070098876953e+01
1.014772605895996094e+01
9.379591941833496094e+00
1.061157035827636719e+01
1.049422836303710938e+01
1.098693656921386719e+01
1.242734909057617188e+01
1.590929508209228516e+01
9.388556480407714844e+00
1.135554122924804688e+01
1.230191040039062500e+01
9.781417846679687500e+00
1.051916503906250000e+01
1.110160064697265625e+01
1.381704425811767578e+01
1.228316593170166016e+01
9.411323547363281250e+00
5.341406822204589844e+00
8.157375335693359375e+00
1.451506042480468750e+01
1.155377483367919922e+01
1.279518604278564453e+01
3.558166027069091797e+00
9.421498298645019531e+00
1.235278415679931641e+01
1.117708492279052734e+01
1.240691375732421875e+01
1.061242580413818359e+01
1.000411701202392578e+01
1.220034980773925781e+01
1.169559574127197266e+01
9.996684074401855469e+00
8.916205406188964844e+00
6.129220008850097656e+00
4.288159847259521484e+00
1.302482318878173828e+01
7.033842086791992188e+00
9.156042098999023438e+00
8.033520698547363281e+00
1.295882797241210938e+01
1.091436767578125000e+01
1.068738460540771484e+01
1.108575248718261719e+01
1.272802448272705078e+01
1.083618354797363281e+01
6.515041828155517578e+00
1.146943759918212891e+01
9.903827667236328125e+00
1.220294094085693359e+01
1.242715930938720703e+01
1.259584808349609375e+01
4.474425792694091797e+00
8.413387298583984375e+00
1.366974163055419922e+01
8.675162315368652344e+00
1.286758899688720703e+01
1.077272796630859375e+01
1.387339973449707031e+01
1.343642616271972656e+01
1.522945594787597656e+01
1.047027969360351562e+01
1.163948535919189453e+01
1.070266437530517578e+01
1.040792942047119141e+01
1.492605495452880859e+01
1.163281345367431641e+01
1.247661685943603516e+01
1.379232025146484375e+01
9.540682792663574219e+00
5.404889106750488281e+00
3.928049564361572266e+00
9.819776535034179688e+00
7.276183128356933594e+00
1.378393650054931641e+01
1.102004051208496094e+01
1.202940559387207031e+01
1.099014091491699219e+01
4.967969417572021484e+00
6.167778968811035156e+00
1.490384101867675781e+01
9.390642166137695312e+00
1.488286113739013672e+01
1.325866794586181641e+01
5.174949169158935547e+00
8.595752716064453125e+00
1.176665115356445312e+01
1.338640213012695312e+01
1.377154922485351562e+01
1.014899921417236328e+01
1.110114574432373047e+01
4.613511562347412109e+00
1.435092639923095703e+01
1.413372707366943359e+01
1.286332416534423828e+01
1.176495170593261719e+01
4.418791770935058594e+00
6.619124889373779297e+00
1.529975891113281250e+01
8.214775085449218750e+00
5.866635322570800781e+00
1.552682304382324219e+01
1.342211532592773438e+01
1.255142784118652344e+01
8.265829086303710938e+00
1.066510391235351562e+01
1.307856464385986328e+01
1.032067203521728516e+01
1.156763076782226562e+01
9.439191818237304688e+00
1.384618473052978516e+01
9.577216148376464844e+00
1.019812011718750000e+01
1.351524829864501953e+01
9.821844100952148438e+00
1.042368888854980469e+01
8.567689895629882812e+00
1.340738677978515625e+01
9.779524803161621094e+00
1.368266296386718750e+01
1.363235569000244141e+01
1.093964958190917969e+01
1.165236282348632812e+01
9.428283691406250000e+00
9.436429023742675781e+00
1.028790855407714844e+01
1.122183036804199219e+01
9.693727493286132812e+00
1.170437049865722656e+01
1.096268653869628906e+01
1.293235397338867188e+01
1.552818298339843750e+01
8.529927253723144531e+00
3.832919836044311523e+00
9.533684730529785156e+00
1.024362087249755859e+01
8.956598281860351562e+00
1.054412937164306641e+01
1.191892719268798828e+01
3.211331367492675781e+00
8.579524040222167969e+00
1.066940021514892578e+01
4.723913192749023438e+00
1.450551605224609375e+01
9.522505760192871094e+00
1.029098129272460938e+01
1.079674720764160156e+01
1.082081222534179688e+01
1.110366630554199219e+01
8.185052871704101562e+00
7.987148761749267578e+00
9.236295700073242188e+00
3.577665805816650391e+00
1.365244674682617188e+01
1.289850139617919922e+01
1.083453941345214844e+01
8.990866661071777344e+00
9.845308303833007812e+00
1.229306125640869141e+01
9.054988861083984375e+00
1.038320636749267578e+01
1.021191596984863281e+01
1.097278213500976562e+01
9.991572380065917969e+00
7.733981609344482422e+00
7.645168304443359375e+00
9.289930343627929688e+00
8.745464324951171875e+00
9.029924392700195312e+00
1.255057621002197266e+01
1.108858013153076172e+01
1.120699501037597656e+01
9.870257377624511719e+00
6.974017620086669922e+00
1.203656864166259766e+01
8.801963806152343750e+00
9.992969512939453125e+00
1.157602977752685547e+01
9.584300994873046875e+00
1.258989906311035156e+01
9.009979248046875000e+00
1.081375598907470703e+01
9.980739593505859375e+00
1.282240962982177734e+01
8.389243125915527344e+00
9.828004837036132812e+00
1.128045177459716797e+01
4.386824607849121094e+00
5.458192348480224609e+00
4.275221824645996094e+00
1.322229194641113281e+01
5.888968944549560547e+00
1.186327075958251953e+01
1.216362667083740234e+01
1.234179878234863281e+01
1.084672927856445312e+01
9.577947616577148438e+00
1.120331668853759766e+01
1.213766288757324219e+01
1.168645668029785156e+01
7.905617713928222656e+00
1.064498138427734375e+01
9.978835105895996094e+00
1.087868881225585938e+01
1.001259040832519531e+01
1.359196949005126953e+01
1.271504688262939453e+01
1.064392375946044922e+01
1.159262180328369141e+01
1.247624778747558594e+01
1.063419246673583984e+01
1.140163135528564453e+01
8.847816467285156250e+00
1.215967369079589844e+01
1.151410198211669922e+01
1.252537441253662109e+01
9.752393722534179688e+00
9.179888725280761719e+00
1.073891639709472656e+01
1.127919197082519531e+01
1.091738033294677734e+01
1.099349689483642578e+01
9.520477294921875000e+00
5.910614490509033203e+00
9.692540168762207031e+00
