1.088972091674804688e+01
1.153544425964355469e+01
1.077480983734130859e+01
1.012020874023437500e+01
1.285686683654785156e+01
8.976346969604492188e+00
8.487387657165527344e+00
1.078369522094726562e+01
9.539473533630371094e+00
4.694017887115478516e+00
1.004273891448974609e+01
1.190986537933349609e+01
8.474712371826171875e+00
1.109982395172119141e+01
1.080743885040283203e+01
8.843435287475585938e+00
5.854995250701904297e+00
1.333234596252441406e+01
3.460992574691772461e+00
8.733621597290039062e+00
9.546837806701660156e+00
1.034880161285400391e+01
1.181647205352783203e+01
1.117382907867431641e+01
1.388583278656005859e+01
7.356005668640136719e+00
9.443704605102539062e+00
8.168039321899414062e+00
1.045413970947265625e+01
5.838471412658691406e+00
9.775168418884277344e+00
1.185123252868652344e+01
1.160054683685302734e+01
1.328217411041259766e+01
9.425766944885253906e+00
8.913126945495605469e+00
8.568339347839355469e+00
9.748906135559082031e+00
1.195727157592773438e+01
1.562838077545166016e+01
1.249282169342041016e+01
9.561489105224609375e+00
1.048768234252929688e+01
9.823688507080078125e+00
1.126630878448486328e+01
5.881578922271728516e+00
1.087931060791015625e+01
1.128616619110107422e+01
3.133252382278442383e+00
1.184437942504882812e+01
8.316414833068847656e+00
1.084599494934082031e+01
1.006058788299560547e+01
1.047124958038330078e+01
1.227916717529296875e+01
9.295531272888183594e+00
1.371561050415039062e+01
9.727399826049804688e+00
9.063453674316406250e+00
1.205307769775390625e+01
3.980946779251098633e+00
9.475376129150390625e+00
1.103322410583496094e+01
1.032036209106445312e+01
9.997752189636230469e+00
9.487891197204589844e+00
1.008335590362548828e+01
7.745033264160156250e+00
1.242401504516601562e+01
4.616517543792724609e+00
1.138258552551269531e+01
9.287937164306640625e+00
1.013612270355224609e+01
1.211729240417480469e+01
1.193595027923583984e+01
1.247582340240478516e+01
5.564533233642578125e+00
9.619824409484863281e+00
1.426719665527343750e+01
1.146795463562011719e+01
1.354549026489257812e+01
1.367748451232910156e+01
4.323802947998046875e+00
1.225790786743164062e+01
1.295680332183837891e+01
8.772418975830078125e+00
1.005849552154541016e+01
1.344023418426513672e+01
1.266277885437011719e+01
5.864327907562255859e+00
1.530805492401123047e+01
1.008747673034667969e+01
1.088837337493896484e+01
6.095546245574951172e+00
1.175869941711425781e+01
8.836905479431152344e+00
8.906813621520996094e+00
1.021181011199951172e+01
1.266219902038574219e+01
1.013763999938964844e+01
1.102728366851806641e+01
1.090100669860839844e+01
9.318003654479980469e+00
1.085847473144531250e+01
4.264222145080566406e+00
9.981636047363281250e+00
6.300017356872558594e+00
1.152533721923828125e+01
1.421707630157470703e+01
1.170670127868652344e+01
8.506553649902343750e+00
1.309406566619873047e+01
1.257112026214599609e+01
9.054242134094238281e+00
1.290233707427978516e+01
9.376418113708496094e+00
9.111305236816406250e+00
1.037983798980712891e+01
4.159525394439697266e+00
7.143509387969970703e+00
3.611200571060180664e+00
1.256686305999755859e+01
1.023466968536376953e+01
1.016073513031005859e+01
4.186362266540527344e+00
8.119397163391113281e+00
1.324899101257324219e+01
4.196085929870605469e+00
1.054254817962646484e+01
1.032685470581054688e+01
1.048345851898193359e+01
9.328224182128906250e+00
1.000234031677246094e+01
7.715363025665283203e+00
8.981484413146972656e+00
4.471543788909912109e+00
1.324382686614990234e+01
1.191017246246337891e+01
1.550312519073486328e+01
1.078810405731201172e+01
8.758546829223632812e+00
1.069119453430175781e+01
1.066723537445068359e+01
1.027425479888916016e+01
3.970781564712524414e+00
1.170565795898437500e+01
3.714112758636474609e+00
1.085838699340820312e+01
4.910806179046630859e+00
1.328712844848632812e+01
1.206492519378662109e+01
1.480762767791748047e+01
1.009132385253906250e+01
1.009442806243896484e+01
1.354288864135742188e+01
9.571378707885742188e+00
6.628267765045166016e+00
1.016126441955566406e+01
1.174338531494140625e+01
1.127868556976318359e+01
9.336509704589843750e+00
8.476374626159667969e+00
1.350484371185302734e+01
1.034811305999755859e+01
1.118642139434814453e+01
8.065438270568847656e+00
4.092494487762451172e+00
4.163235664367675781e+00
3.386528491973876953e+00
1.287069416046142578e+01
1.166756248474121094e+01
1.203423786163330078e+01
1.060610294342041016e+01
1.025045871734619141e+01
1.032555294036865234e+01
9.274658203125000000e+00
1.394961547851562500e+01
9.406971931457519531e+00
4.457752704620361328e+00
1.281024932861328125e+01
1.192809867858886719e+01
9.184843063354492188e+00
9.194887161254882812e+00
4.466286182403564453e+00
1.263497543334960938e+01
1.253572082519531250e+01
1.115840911865234375e+01
1.083567619323730469e+01
1.013795852661132812e+01
1.215696811676025391e+01
4.380327224731445312e+00
4.614491462707519531e+00
1.190234661102294922e+01
1.025681781768798828e+01
9.963328361511230469e+00
9.491074562072753906e+00
4.780094623565673828e+00
1.148583412170410156e+01
1.210003662109375000e+01
9.541275978088378906e+00
1.157622528076171875e+01
1.242009067535400391e+01
1.046531772613525391e+01
1.116185665130615234e+01
8.590054512023925781e+00
8.017301559448242188e+00
5.145223617553710938e+00
4.885972023010253906e+00
4.351350784301757812e+00
9.386541366577148438e+00
9.670083045959472656e+00
9.758095741271972656e+00
3.242717504501342773e+00
1.187510013580322266e+01
9.724959373474121094e+00
9.005192756652832031e+00
1.030113601684570312e+01
3.249123334884643555e+00
1.187724304199218750e+01
1.187737560272216797e+01
9.128765106201171875e+00
1.195554542541503906e+01
1.227086067199707031e+01
9.621790885925292969e+00
9.785704612731933594e+00
1.141736125946044922e+01
1.288406753540039062e+01
1.136901092529296875e+01
1.018883323669433594e+01
8.713255882263183594e+00
3.232476234436035156e+00
1.365087127685546875e+01
1.001832389831542969e+01
9.135870933532714844e+00
1.376684856414794922e+01
1.063499641418457031e+01
1.049226856231689453e+01
3.535185098648071289e+00
1.124863433837890625e+01
1.371285057067871094e+01
1.202578830718994141e+01
1.174740695953369141e+01
1.388780593872070312e+01
1.155922508239746094e+01
1.048383426666259766e+01
1.195884990692138672e+01
1.193581962585449219e+01
1.254992771148681641e+01
7.079681396484375000e+00
1.035785961151123047e+01
