1.556501770019531250e+01
9.348868370056152344e+00
1.029596042633056641e+01
1.155563449859619141e+01
1.189102077484130859e+01
7.559632778167724609e+00
8.785678863525390625e+00
8.103391647338867188e+00
1.166632080078125000e+01
1.017318344116210938e+01
1.025431632995605469e+01
1.035271549224853516e+01
1.153634357452392578e+01
1.195625495910644531e+01
1.275629329681396484e+01
1.000178337097167969e+01
9.515015602111816406e+00
1.150043106079101562e+01
1.112907791137695312e+01
1.276763916015625000e+01
1.175102996826171875e+01
7.996908664703369141e+00
1.151694107055664062e+01
9.785526275634765625e+00
9.953874588012695312e+00
1.114394474029541016e+01
1.484936141967773438e+01
8.893765449523925781e+00
9.846533775329589844e+00
1.232520771026611328e+01
1.314060974121093750e+01
1.187321090698242188e+01
9.970617294311523438e+00
9.092248916625976562e+00
8.833062171936035156e+00
1.046218013763427734e+01
1.111754131317138672e+01
8.972734451293945312e+00
1.289074134826660156e+01
8.583281517028808594e+00
1.481018733978271484e+01
7.722277164459228516e+00
1.194882106781005859e+01
1.110654640197753906e+01
7.416436195373535156e+00
5.604496479034423828e+00
3.847088813781738281e+00
1.401984977722167969e+01
9.336045265197753906e+00
1.241343212127685547e+01
1.247355270385742188e+01
1.512264633178710938e+01
9.043068885803222656e+00
1.108975791931152344e+01
9.564284324645996094e+00
1.080710601806640625e+01
9.067802429199218750e+00
8.895141601562500000e+00
1.065930271148681641e+01
1.247023773193359375e+01
9.302530288696289062e+00
9.227880477905273438e+00
7.937379360198974609e+00
9.537905693054199219e+00
9.301422119140625000e+00
7.439665317535400391e+00
8.320097923278808594e+00
1.320864963531494141e+01
1.006260204315185547e+01
1.330652046203613281e+01
9.792156219482421875e+00
1.169371509552001953e+01
1.022796821594238281e+01
1.173893356323242188e+01
1.507116889953613281e+01
1.078340911865234375e+01
3.504074811935424805e+00
8.186898231506347656e+00
1.010429286956787109e+01
1.249394989013671875e+01
1.277439498901367188e+01
1.000014114379882812e+01
4.200202941894531250e+00
1.216010856628417969e+01
5.780339241027832031e+00
9.058521270751953125e+00
1.043930912017822266e+01
1.288014411926269531e+01
6.659119129180908203e+00
1.407240676879882812e+01
9.210498809814453125e+00
1.178663539886474609e+01
9.754614830017089844e+00
1.151692199707031250e+01
1.322283363342285156e+01
1.161505126953125000e+01
8.665652275085449219e+00
8.127632141113281250e+00
1.636725234985351562e+01
1.368411922454833984e+01
7.888469219207763672e+00
1.152800369262695312e+01
1.182880020141601562e+01
4.455219268798828125e+00
1.035056400299072266e+01
1.599109554290771484e+01
1.016842079162597656e+01
1.033754730224609375e+01
3.494405984878540039e+00
9.949411392211914062e+00
1.017651557922363281e+01
1.253846168518066406e+01
1.328405284881591797e+01
7.925904273986816406e+00
1.278597354888916016e+01
5.465901374816894531e+00
1.078894805908203125e+01
6.381836891174316406e+00
8.854429244995117188e+00
1.065531158447265625e+01
9.941241264343261719e+00
1.086449718475341797e+01
1.355397891998291016e+01
8.104143142700195312e+00
8.805199623107910156e+00
1.142221736907958984e+01
1.026555824279785156e+01
8.757560729980468750e+00
3.244073629379272461e+00
1.152681922912597656e+01
1.016762542724609375e+01
1.099780178070068359e+01
1.172710418701171875e+01
1.136370754241943359e+01
1.247884845733642578e+01
1.172210407257080078e+01
1.321951198577880859e+01
1.366629314422607422e+01
8.400120735168457031e+00
1.263207817077636719e+01
1.228271389007568359e+01
1.180080223083496094e+01
3.263904571533203125e+00
1.246321105957031250e+01
9.631943702697753906e+00
8.405772209167480469e+00
1.364644432067871094e+01
1.188805961608886719e+01
1.125139808654785156e+01
1.230308628082275391e+01
1.285471057891845703e+01
1.220043087005615234e+01
7.957963466644287109e+00
1.067553901672363281e+01
1.094490337371826172e+01
1.378994750976562500e+01
4.749445438385009766e+00
1.156586933135986328e+01
1.242371082305908203e+01
1.360218429565429688e+01
9.093102455139160156e+00
7.056618690490722656e+00
9.416325569152832031e+00
9.184960365295410156e+00
1.066887760162353516e+01
1.126013660430908203e+01
9.304162979125976562e+00
1.335060214996337891e+01
1.263209724426269531e+01
1.164160156250000000e+01
1.075745677947998047e+01
1.481446456909179688e+01
1.447025299072265625e+01
1.158868408203125000e+01
1.173125934600830078e+01
1.274469375610351562e+01
1.393543815612792969e+01
1.462710285186767578e+01
6.761635303497314453e+00
9.228715896606445312e+00
1.052806186676025391e+01
1.071105289459228516e+01
7.494592666625976562e+00
9.415163040161132812e+00
9.229912757873535156e+00
1.295269393920898438e+01
1.255463600158691406e+01
1.244448471069335938e+01
1.508690547943115234e+01
5.550808429718017578e+00
8.693243026733398438e+00
8.923483848571777344e+00
1.166780471801757812e+01
1.204624176025390625e+01
1.213654422760009766e+01
1.058636665344238281e+01
3.771668434143066406e+00
7.025564670562744141e+00
1.123370552062988281e+01
7.259470939636230469e+00
1.061813640594482422e+01
1.259181976318359375e+01
1.493456077575683594e+01
1.382892704010009766e+01
9.727026939392089844e+00
1.106714248657226562e+01
1.210286331176757812e+01
1.003886985778808594e+01
9.952746391296386719e+00
1.301993656158447266e+01
8.779866218566894531e+00
1.126177024841308594e+01
3.649014949798583984e+00
1.107581806182861328e+01
9.163214683532714844e+00
5.163924217224121094e+00
9.940207481384277344e+00
1.190211582183837891e+01
1.002460098266601562e+01
1.043680572509765625e+01
9.347367286682128906e+00
1.203874015808105469e+01
6.073090553283691406e+00
1.372060585021972656e+01
3.937770605087280273e+00
1.171880149841308594e+01
1.074450874328613281e+01
9.999704360961914062e+00
1.002917957305908203e+01
1.173931598663330078e+01
1.438507556915283203e+01
1.318147277832031250e+01
5.494278430938720703e+00
1.075904083251953125e+01
1.022490692138671875e+01
1.166846656799316406e+01
4.991249561309814453e+00
1.118595886230468750e+01
1.248896503448486328e+01
1.153889942169189453e+01
1.234455776214599609e+01
9.756995201110839844e+00
1.432211399078369141e+01
1.020786380767822266e+01
1.049196338653564453e+01
1.260419750213623047e+01
4.121634006500244141e+00
1.022533702850341797e+01
9.828783988952636719e+00
1.158068752288818359e+01
