1.026394844055175781e+01
1.066094779968261719e+01
1.130495071411132812e+01
9.822345733642578125e+00
9.737958908081054688e+00
8.882857322692871094e+00
1.096623706817626953e+01
1.156437873840332031e+01
1.192030620574951172e+01
8.611679077148437500e+00
9.836113929748535156e+00
1.241274070739746094e+01
8.545957565307617188e+00
9.546607017517089844e+00
1.016952228546142578e+01
1.074857234954833984e+01
8.356917381286621094e+00
4.313761234283447266e+00
1.368390083312988281e+01
1.212801837921142578e+01
7.266928195953369141e+00
1.142117786407470703e+01
1.303947544097900391e+01
9.605178833007812500e+00
1.243227100372314453e+01
8.957449913024902344e+00
9.189255714416503906e+00
8.461875915527343750e+00
1.123995018005371094e+01
3.994475126266479492e+00
1.273887538909912109e+01
1.016495800018310547e+01
9.565087318420410156e+00
9.427333831787109375e+00
1.290007972717285156e+01
8.130560874938964844e+00
9.058266639709472656e+00
1.097603034973144531e+01
3.809779167175292969e+00
4.738935947418212891e+00
1.277566623687744141e+01
9.494910240173339844e+00
8.613114356994628906e+00
4.421519279479980469e+00
1.154674243927001953e+01
1.293235588073730469e+01
1.370778274536132812e+01
1.040850448608398438e+01
1.143519401550292969e+01
1.000403785705566406e+01
1.135459518432617188e+01
1.133042430877685547e+01
8.992655754089355469e+00
1.296440219879150391e+01
7.815441131591796875e+00
8.543312072753906250e+00
5.701841831207275391e+00
1.076662826538085938e+01
1.092006683349609375e+01
9.618571281433105469e+00
1.517416191101074219e+01
1.367456531524658203e+01
1.266947746276855469e+01
8.390279769897460938e+00
9.390803337097167969e+00
8.143401145935058594e+00
8.543426513671875000e+00
9.594716072082519531e+00
1.050358581542968750e+01
8.071171760559082031e+00
9.628869056701660156e+00
1.198395252227783203e+01
5.147704124450683594e+00
8.901656150817871094e+00
1.007567596435546875e+01
8.726634979248046875e+00
9.305603981018066406e+00
9.109412193298339844e+00
5.909802436828613281e+00
5.260570526123046875e+00
9.693835258483886719e+00
1.279944229125976562e+01
1.276013469696044922e+01
1.128812789916992188e+01
9.906485557556152344e+00
7.995465755462646484e+00
9.708638191223144531e+00
8.729048728942871094e+00
1.280962276458740234e+01
4.495506763458251953e+00
1.053991603851318359e+01
3.655987262725830078e+00
8.692758560180664062e+00
9.585376739501953125e+00
1.290623950958251953e+01
9.037067413330078125e+00
9.340600013732910156e+00
1.328110122680664062e+01
8.533935546875000000e+00
1.022202777862548828e+01
9.537538528442382812e+00
7.187121868133544922e+00
4.184701442718505859e+00
7.685254096984863281e+00
1.130052375793457031e+01
3.801851272583007812e+00
1.081887722015380859e+01
4.050499916076660156e+00
1.163847351074218750e+01
1.064778995513916016e+01
1.169001960754394531e+01
9.025304794311523438e+00
6.792170524597167969e+00
1.096489143371582031e+01
9.745277404785156250e+00
1.085135650634765625e+01
3.845897436141967773e+00
9.464093208312988281e+00
5.067407131195068359e+00
1.013476276397705078e+01
9.582934379577636719e+00
8.934752464294433594e+00
7.317175865173339844e+00
1.106768131256103516e+01
1.045364856719970703e+01
7.353977680206298828e+00
4.573342800140380859e+00
1.062985515594482422e+01
9.073008537292480469e+00
6.998025894165039062e+00
9.742382049560546875e+00
1.138142871856689453e+01
1.085974311828613281e+01
7.957387447357177734e+00
6.015134334564208984e+00
8.004611968994140625e+00
1.139649200439453125e+01
7.153504371643066406e+00
1.232761096954345703e+01
9.708375930786132812e+00
9.107351303100585938e+00
1.532695007324218750e+01
8.831655502319335938e+00
8.384104728698730469e+00
1.175751113891601562e+01
8.217605590820312500e+00
1.271739006042480469e+01
3.945316314697265625e+00
9.075702667236328125e+00
9.381536483764648438e+00
1.263011074066162109e+01
8.323549270629882812e+00
1.133916664123535156e+01
8.648164749145507812e+00
1.227114677429199219e+01
4.928567886352539062e+00
1.231731605529785156e+01
1.027931308746337891e+01
1.247610950469970703e+01
8.491050720214843750e+00
1.190582275390625000e+01
1.057528305053710938e+01
1.243276786804199219e+01
7.160938739776611328e+00
1.194872283935546875e+01
6.859450340270996094e+00
1.355568695068359375e+01
1.085392761230468750e+01
1.327632236480712891e+01
9.384246826171875000e+00
9.002827644348144531e+00
8.751324653625488281e+00
1.496764945983886719e+01
8.525440216064453125e+00
1.325405883789062500e+01
9.284697532653808594e+00
1.322675895690917969e+01
9.741612434387207031e+00
7.379179477691650391e+00
9.332347869873046875e+00
1.170699119567871094e+01
4.615684509277343750e+00
1.136753654479980469e+01
1.342455577850341797e+01
6.966812133789062500e+00
1.258820152282714844e+01
3.866682767868041992e+00
1.255512332916259766e+01
1.024026012420654297e+01
1.276524829864501953e+01
1.017634010314941406e+01
8.797903060913085938e+00
1.096855449676513672e+01
9.205464363098144531e+00
1.281228160858154297e+01
1.135187053680419922e+01
1.018345832824707031e+01
5.162321567535400391e+00
1.255556774139404297e+01
1.157445621490478516e+01
1.077726745605468750e+01
1.397843551635742188e+01
1.240643787384033203e+01
9.567955017089843750e+00
8.681247711181640625e+00
1.100680828094482422e+01
9.560376167297363281e+00
1.471030998229980469e+01
1.047074699401855469e+01
9.621436119079589844e+00
1.152600383758544922e+01
4.414118766784667969e+00
1.353796863555908203e+01
9.620959281921386719e+00
1.098052692413330078e+01
4.558219432830810547e+00
5.988290309906005859e+00
1.147923183441162109e+01
1.232002544403076172e+01
1.424754905700683594e+01
3.135686159133911133e+00
1.178668975830078125e+01
1.429880046844482422e+01
1.100288200378417969e+01
8.485860824584960938e+00
1.151996707916259766e+01
1.132264137268066406e+01
9.982438087463378906e+00
7.950117111206054688e+00
1.438513851165771484e+01
1.233995056152343750e+01
1.238326358795166016e+01
8.816638946533203125e+00
3.287266492843627930e+00
1.105695819854736328e+01
1.238333511352539062e+01
1.319726657867431641e+01
4.371576309204101562e+00
9.396847724914550781e+00
1.165217590332031250e+01
1.169888782501220703e+01
1.236465263366699219e+01
1.116887855529785156e+01
1.113092136383056641e+01
1.060592269897460938e+01
9.462825775146484375e+00
8.327805519104003906e+00
1.245313358306884766e+01
1.093423175811767578e+01
9.789521217346191406e+00
