1.126674270629882812e+01
6.666007041931152344e+00
1.268546485900878906e+01
1.411657238006591797e+01
1.098465728759765625e+01
9.559648513793945312e+00
1.183006381988525391e+01
1.206049060821533203e+01
8.198026657104492188e+00
1.341905403137207031e+01
4.616077899932861328e+00
1.170233058929443359e+01
1.386399650573730469e+01
6.735428810119628906e+00
1.058762264251708984e+01
7.827635765075683594e+00
1.160334205627441406e+01
4.018749237060546875e+00
4.373137950897216797e+00
8.196547508239746094e+00
9.861371994018554688e+00
1.265349102020263672e+01
1.019394302368164062e+01
8.979289054870605469e+00
1.508840465545654297e+01
1.313250064849853516e+01
1.080636692047119141e+01
1.491795635223388672e+01
1.001429843902587891e+01
1.301596641540527344e+01
9.833896636962890625e+00
1.469515895843505859e+01
1.155271339416503906e+01
1.314336395263671875e+01
5.344078063964843750e+00
1.088779163360595703e+01
1.472082233428955078e+01
3.522581577301025391e+00
1.151676273345947266e+01
8.351968765258789062e+00
1.507741641998291016e+01
1.113970088958740234e+01
1.248999500274658203e+01
5.631235599517822266e+00
1.123322963714599609e+01
1.390660667419433594e+01
1.201453971862792969e+01
1.099126720428466797e+01
1.287805652618408203e+01
1.222987556457519531e+01
1.286925220489501953e+01
1.175200939178466797e+01
1.097902297973632812e+01
1.080719375610351562e+01
1.050930690765380859e+01
1.376587677001953125e+01
8.010904312133789062e+00
1.130653762817382812e+01
1.024582386016845703e+01
1.307327365875244141e+01
1.103084754943847656e+01
1.115595722198486328e+01
9.430510520935058594e+00
1.056244087219238281e+01
9.062510490417480469e+00
8.330836296081542969e+00
8.275669097900390625e+00
1.115504741668701172e+01
1.026647186279296875e+01
7.785371780395507812e+00
8.991373062133789062e+00
1.260161495208740234e+01
1.205397319793701172e+01
9.482203483581542969e+00
1.065696239471435547e+01
1.042381954193115234e+01
1.089545249938964844e+01
1.214252567291259766e+01
9.875055313110351562e+00
1.107888603210449219e+01
8.310998916625976562e+00
1.118689632415771484e+01
9.780631065368652344e+00
4.150946617126464844e+00
1.052476024627685547e+01
1.028741073608398438e+01
1.429485607147216797e+01
1.104782390594482422e+01
9.512583732604980469e+00
8.043453216552734375e+00
7.680866718292236328e+00
8.697236061096191406e+00
3.958710432052612305e+00
8.714550971984863281e+00
1.398776245117187500e+01
9.363211631774902344e+00
8.900081634521484375e+00
9.871883392333984375e+00
1.304800605773925781e+01
1.112601184844970703e+01
3.936051607131958008e+00
1.099331283569335938e+01
8.479284286499023438e+00
1.076565074920654297e+01
9.062380790710449219e+00
1.096679496765136719e+01
1.082800960540771484e+01
1.239347267150878906e+01
1.281669712066650391e+01
1.015574264526367188e+01
6.343149185180664062e+00
5.355926513671875000e+00
1.037980556488037109e+01
8.703504562377929688e+00
9.407335281372070312e+00
1.060519218444824219e+01
1.033803462982177734e+01
1.190559291839599609e+01
1.049378299713134766e+01
1.127817153930664062e+01
1.294195842742919922e+01
1.369062805175781250e+01
9.817459106445312500e+00
1.078032302856445312e+01
1.367849636077880859e+01
5.605204105377197266e+00
9.751760482788085938e+00
1.134479904174804688e+01
1.277730274200439453e+01
3.188599586486816406e+00
9.182340621948242188e+00
9.733201026916503906e+00
9.847760200500488281e+00
9.913765907287597656e+00
8.216078758239746094e+00
1.104735851287841797e+01
9.367349624633789062e+00
1.085812854766845703e+01
1.569411945343017578e+01
7.757628440856933594e+00
1.107255458831787109e+01
1.116591739654541016e+01
1.130828571319580078e+01
1.135582733154296875e+01
1.075915813446044922e+01
5.968194484710693359e+00
1.048621273040771484e+01
1.080368804931640625e+01
1.025966644287109375e+01
1.518768596649169922e+01
4.778157711029052734e+00
9.988868713378906250e+00
1.006462478637695312e+01
1.391212081909179688e+01
9.780864715576171875e+00
1.316085243225097656e+01
1.107754516601562500e+01
1.541389846801757812e+01
1.006891727447509766e+01
8.398876190185546875e+00
1.013718128204345703e+01
1.073784446716308594e+01
1.118470382690429688e+01
4.146446704864501953e+00
4.418374538421630859e+00
1.323594665527343750e+01
9.741126060485839844e+00
1.221504402160644531e+01
1.400112724304199219e+01
8.236145019531250000e+00
1.077490329742431641e+01
1.102372455596923828e+01
9.863729476928710938e+00
9.351881027221679688e+00
1.058294963836669922e+01
7.074261665344238281e+00
1.182087326049804688e+01
1.039234066009521484e+01
9.382444381713867188e+00
3.847944021224975586e+00
1.042144012451171875e+01
1.309303092956542969e+01
1.017115783691406250e+01
1.202564525604248047e+01
1.335719108581542969e+01
1.237549304962158203e+01
1.145748424530029297e+01
1.215709877014160156e+01
1.276724243164062500e+01
9.969738006591796875e+00
1.093105220794677734e+01
6.878842830657958984e+00
7.910429000854492188e+00
1.255807304382324219e+01
9.799531936645507812e+00
1.022478961944580078e+01
1.023118209838867188e+01
4.426414489746093750e+00
1.301912307739257812e+01
1.295180320739746094e+01
1.260169410705566406e+01
1.027862548828125000e+01
9.997477531433105469e+00
1.098798942565917969e+01
1.196515083312988281e+01
1.200849437713623047e+01
1.432396602630615234e+01
9.379227638244628906e+00
7.714605808258056641e+00
7.300044059753417969e+00
1.239500617980957031e+01
1.140064048767089844e+01
1.361658573150634766e+01
8.908385276794433594e+00
1.069013309478759766e+01
1.081036663055419922e+01
1.046193981170654297e+01
9.117322921752929688e+00
9.769322395324707031e+00
1.203554439544677734e+01
4.042465686798095703e+00
8.356294631958007812e+00
1.031620883941650391e+01
1.258334541320800781e+01
8.967080116271972656e+00
1.137623786926269531e+01
1.197023200988769531e+01
1.020111560821533203e+01
9.819422721862792969e+00
1.057176589965820312e+01
1.015954589843750000e+01
1.298340606689453125e+01
1.329579544067382812e+01
1.201095771789550781e+01
1.462458896636962891e+01
1.052333927154541016e+01
8.464765548706054688e+00
1.324667072296142578e+01
1.312006187438964844e+01
1.147311305999755859e+01
7.675598621368408203e+00
5.122841835021972656e+00
1.229650878906250000e+01
1.056222724914550781e+01
8.282516479492187500e+00
1.056253433227539062e+01
1.067496204376220703e+01
1.087536621093750000e+01
1.443098258972167969e+01
9.079708099365234375e+00
