1.007344627380371094e+01
9.729329109191894531e+00
9.621173858642578125e+00
7.950109958648681641e+00
1.094177532196044922e+01
9.392058372497558594e+00
1.004362678527832031e+01
9.275252342224121094e+00
1.215208530426025391e+01
7.734033107757568359e+00
8.431656837463378906e+00
8.102465629577636719e+00
1.131124019622802734e+01
9.948885917663574219e+00
9.113995552062988281e+00
7.900547027587890625e+00
1.323696231842041016e+01
8.174024581909179688e+00
9.675853729248046875e+00
4.211187839508056641e+00
1.174900436401367188e+01
9.170342445373535156e+00
8.520939826965332031e+00
1.177655696868896484e+01
1.225157546997070312e+01
1.122893810272216797e+01
1.229202461242675781e+01
1.074635696411132812e+01
1.351279163360595703e+01
1.069332027435302734e+01
1.060021114349365234e+01
9.613706588745117188e+00
9.854663848876953125e+00
9.643210411071777344e+00
7.790805816650390625e+00
4.308831691741943359e+00
1.299004077911376953e+01
9.131585121154785156e+00
1.439585685729980469e+01
1.066757011413574219e+01
9.586758613586425781e+00
3.961366653442382812e+00
1.264125156402587891e+01
1.173961257934570312e+01
1.031160259246826172e+01
8.360339164733886719e+00
1.041796875000000000e+01
9.117993354797363281e+00
8.945978164672851562e+00
8.587332725524902344e+00
3.368816852569580078e+00
1.256508541107177734e+01
1.107912731170654297e+01
1.071203994750976562e+01
4.179251670837402344e+00
2.933511495590209961e+00
1.497567081451416016e+01
1.041608715057373047e+01
9.630379676818847656e+00
1.098700428009033203e+01
1.186070632934570312e+01
7.576101303100585938e+00
9.956840515136718750e+00
3.532565355300903320e+00
9.921298980712890625e+00
1.207533264160156250e+01
9.809137344360351562e+00
8.106583595275878906e+00
1.281177520751953125e+01
1.009649944305419922e+01
8.309021949768066406e+00
8.147811889648437500e+00
9.482174873352050781e+00
9.612330436706542969e+00
1.115024948120117188e+01
4.377503871917724609e+00
1.213501358032226562e+01
1.031292057037353516e+01
1.041995811462402344e+01
9.539225578308105469e+00
1.300201511383056641e+01
8.922626495361328125e+00
8.190826416015625000e+00
1.243721485137939453e+01
9.016054153442382812e+00
1.033479690551757812e+01
1.080363559722900391e+01
1.081842803955078125e+01
1.149352836608886719e+01
1.092540359497070312e+01
9.491274833679199219e+00
7.245471477508544922e+00
1.027163887023925781e+01
1.075983524322509766e+01
1.044465065002441406e+01
1.371587467193603516e+01
1.002136898040771484e+01
4.020776271820068359e+00
9.186048507690429688e+00
1.260489273071289062e+01
1.330938339233398438e+01
1.268294239044189453e+01
1.154237365722656250e+01
7.367156505584716797e+00
1.146085071563720703e+01
7.499946594238281250e+00
7.797478675842285156e+00
1.161880779266357422e+01
4.680119037628173828e+00
8.971551895141601562e+00
9.339108467102050781e+00
1.015002250671386719e+01
9.839837074279785156e+00
1.144149208068847656e+01
1.139054965972900391e+01
9.316560745239257812e+00
1.330705165863037109e+01
6.503152370452880859e+00
3.244528293609619141e+00
4.406021595001220703e+00
8.669043540954589844e+00
1.128501319885253906e+01
1.160542964935302734e+01
1.048463153839111328e+01
9.117429733276367188e+00
8.685810089111328125e+00
8.745224952697753906e+00
7.439483165740966797e+00
9.374833106994628906e+00
3.768658161163330078e+00
1.395641326904296875e+01
1.181917572021484375e+01
1.398137187957763672e+01
8.130035400390625000e+00
1.065821456909179688e+01
9.926604270935058594e+00
1.140730285644531250e+01
8.184282302856445312e+00
1.217037296295166016e+01
1.023026275634765625e+01
1.394387817382812500e+01
4.154487133026123047e+00
1.343904113769531250e+01
1.460909271240234375e+01
1.118757724761962891e+01
1.118260860443115234e+01
1.531856536865234375e+01
8.587826728820800781e+00
7.249485969543457031e+00
8.282951354980468750e+00
8.446203231811523438e+00
1.105357360839843750e+01
1.206772136688232422e+01
6.235476493835449219e+00
1.202032375335693359e+01
1.471185874938964844e+01
1.334119701385498047e+01
1.065260124206542969e+01
5.232148647308349609e+00
1.130529117584228516e+01
1.093035125732421875e+01
7.874837875366210938e+00
1.025577449798583984e+01
1.172317981719970703e+01
1.140743827819824219e+01
1.100190353393554688e+01
1.061793041229248047e+01
9.877615928649902344e+00
9.092411994934082031e+00
5.324225425720214844e+00
7.502455711364746094e+00
1.316602230072021484e+01
9.637249946594238281e+00
9.034391403198242188e+00
1.103946876525878906e+01
9.440313339233398438e+00
1.286627864837646484e+01
1.195253467559814453e+01
8.210079193115234375e+00
1.077791500091552734e+01
1.196019649505615234e+01
8.707002639770507812e+00
9.982068061828613281e+00
1.108487033843994141e+01
1.020348548889160156e+01
1.016348075866699219e+01
9.957618713378906250e+00
4.181694030761718750e+00
1.173965740203857422e+01
1.401331806182861328e+01
1.079115104675292969e+01
8.342761039733886719e+00
1.005861186981201172e+01
1.145057487487792969e+01
3.945230722427368164e+00
9.710985183715820312e+00
8.606330871582031250e+00
9.285463333129882812e+00
9.864527702331542969e+00
1.231739711761474609e+01
6.113955974578857422e+00
1.089388942718505859e+01
9.381011009216308594e+00
7.282491207122802734e+00
1.153001976013183594e+01
1.305634784698486328e+01
7.799936294555664062e+00
1.001799201965332031e+01
9.299304962158203125e+00
1.088138008117675781e+01
1.161961269378662109e+01
1.347363185882568359e+01
1.184428596496582031e+01
4.777675151824951172e+00
1.393812179565429688e+01
1.267382240295410156e+01
3.773853302001953125e+00
1.318871402740478516e+01
1.132233428955078125e+01
1.010241127014160156e+01
1.570992565155029297e+01
7.435099601745605469e+00
3.251318693161010742e+00
1.408570480346679688e+01
3.861859083175659180e+00
1.259840774536132812e+01
1.177676296234130859e+01
9.696903228759765625e+00
1.277675247192382812e+01
4.103662490844726562e+00
1.352751350402832031e+01
1.398184013366699219e+01
7.118847846984863281e+00
5.847441673278808594e+00
8.387284278869628906e+00
1.354793453216552734e+01
3.599735260009765625e+00
1.043374919891357422e+01
1.242974662780761719e+01
9.736575126647949219e+00
1.197735691070556641e+01
1.070355033874511719e+01
1.052431297302246094e+01
4.405958652496337891e+00
1.015629386901855469e+01
1.027238368988037109e+01
1.458306407928466797e+01
1.394433689117431641e+01
7.523735523223876953e+00
1.284874248504638672e+01
