1.278679943084716797e+01
1.318497657775878906e+01
1.051440906524658203e+01
9.829194068908691406e+00
3.511142253875732422e+00
8.983494758605957031e+00
1.078697490692138672e+01
1.182283115386962891e+01
1.264933013916015625e+01
1.432892036437988281e+01
4.052618503570556641e+00
1.056991004943847656e+01
1.233771896362304688e+01
1.231496715545654297e+01
8.732934951782226562e+00
8.908198356628417969e+00
3.764910459518432617e+00
1.222013378143310547e+01
9.239609718322753906e+00
1.110230159759521484e+01
7.895678997039794922e+00
1.163611316680908203e+01
3.573992967605590820e+00
5.684575557708740234e+00
1.393699455261230469e+01
1.281260204315185547e+01
1.440614700317382812e+01
1.227254676818847656e+01
8.258711814880371094e+00
8.169427871704101562e+00
7.878774166107177734e+00
1.244509410858154297e+01
1.179806327819824219e+01
4.565305709838867188e+00
1.218091201782226562e+01
1.141507339477539062e+01
1.005728149414062500e+01
1.075481700897216797e+01
1.012018203735351562e+01
9.149176597595214844e+00
1.220513439178466797e+01
1.156697177886962891e+01
7.227496623992919922e+00
1.167851448059082031e+01
1.244349575042724609e+01
1.079420566558837891e+01
4.277681827545166016e+00
4.249504089355468750e+00
1.301830387115478516e+01
1.145746040344238281e+01
1.279141139984130859e+01
9.550394058227539062e+00
9.277208328247070312e+00
1.215679740905761719e+01
9.449909210205078125e+00
1.385144901275634766e+01
1.232246208190917969e+01
6.455711841583251953e+00
9.222011566162109375e+00
1.212936019897460938e+01
1.005266857147216797e+01
9.223125457763671875e+00
1.121705245971679688e+01
1.226731109619140625e+01
9.726610183715820312e+00
6.036755561828613281e+00
1.083835887908935547e+01
1.200041294097900391e+01
1.298642349243164062e+01
8.909958839416503906e+00
1.133970165252685547e+01
9.409179687500000000e+00
9.674334526062011719e+00
8.272669792175292969e+00
1.183779144287109375e+01
9.995111465454101562e+00
1.062071418762207031e+01
1.017045688629150391e+01
1.028650951385498047e+01
9.573284149169921875e+00
1.179826068878173828e+01
9.145804405212402344e+00
1.187571144104003906e+01
1.181795024871826172e+01
4.656386852264404297e+00
1.114985275268554688e+01
1.222160148620605469e+01
9.098726272583007812e+00
7.049087524414062500e+00
1.090301609039306641e+01
1.131542491912841797e+01
1.235533905029296875e+01
9.642466545104980469e+00
9.933401107788085938e+00
1.229103374481201172e+01
8.237142562866210938e+00
1.430119609832763672e+01
1.119440746307373047e+01
1.068687343597412109e+01
1.008699131011962891e+01
1.111966323852539062e+01
1.149995517730712891e+01
1.090839958190917969e+01
1.101179599761962891e+01
1.028103923797607422e+01
8.459361076354980469e+00
8.592056274414062500e+00
1.144347095489501953e+01
9.907434463500976562e+00
8.875427246093750000e+00
1.147874927520751953e+01
8.060078620910644531e+00
8.612739562988281250e+00
1.307342147827148438e+01
7.631126403808593750e+00
1.177288627624511719e+01
1.189363861083984375e+01
9.324506759643554688e+00
1.352502536773681641e+01
5.742697715759277344e+00
1.141462898254394531e+01
1.062275218963623047e+01
3.618407249450683594e+00
1.344440650939941406e+01
1.422490406036376953e+01
1.223023223876953125e+01
9.838570594787597656e+00
1.031544589996337891e+01
9.436581611633300781e+00
3.829146385192871094e+00
1.036295223236083984e+01
1.286375427246093750e+01
7.723881721496582031e+00
9.569048881530761719e+00
1.136469554901123047e+01
8.046802520751953125e+00
1.108403491973876953e+01
9.826659202575683594e+00
1.194504642486572266e+01
8.057242393493652344e+00
4.819325447082519531e+00
8.476762771606445312e+00
3.802295923233032227e+00
9.666335105895996094e+00
1.053418350219726562e+01
7.719089984893798828e+00
1.225062942504882812e+01
1.112318897247314453e+01
3.792625188827514648e+00
5.628843307495117188e+00
1.316656398773193359e+01
1.266202259063720703e+01
1.090572929382324219e+01
1.175913047790527344e+01
1.155984783172607422e+01
7.469364643096923828e+00
1.266985034942626953e+01
1.269643497467041016e+01
1.329646778106689453e+01
7.396810054779052734e+00
1.211618995666503906e+01
9.824574470520019531e+00
1.497085857391357422e+01
4.793106555938720703e+00
8.686333656311035156e+00
1.128137683868408203e+01
8.458331108093261719e+00
1.033683872222900391e+01
1.053100585937500000e+01
9.418353080749511719e+00
1.107368183135986328e+01
8.639774322509765625e+00
1.279449939727783203e+01
1.067312717437744141e+01
1.112505626678466797e+01
1.056872844696044922e+01
9.178052902221679688e+00
7.846642494201660156e+00
1.472427654266357422e+01
8.423736572265625000e+00
8.203101158142089844e+00
1.067080688476562500e+01
1.333180141448974609e+01
3.898386478424072266e+00
1.142873001098632812e+01
8.530954360961914062e+00
1.387819576263427734e+01
8.348850250244140625e+00
1.115049743652343750e+01
7.880178928375244141e+00
1.294178676605224609e+01
9.183948516845703125e+00
1.002522945404052734e+01
9.130604743957519531e+00
1.076329421997070312e+01
9.685297012329101562e+00
9.955969810485839844e+00
1.267163944244384766e+01
1.073811435699462891e+01
9.455613136291503906e+00
9.985949516296386719e+00
9.089797019958496094e+00
1.031350517272949219e+01
3.324953556060791016e+00
1.205688190460205078e+01
1.159073734283447266e+01
7.786723136901855469e+00
1.114521694183349609e+01
1.207723426818847656e+01
8.631268501281738281e+00
1.392131710052490234e+01
9.155900955200195312e+00
7.509172439575195312e+00
1.031074619293212891e+01
1.134909248352050781e+01
9.638689041137695312e+00
1.338378429412841797e+01
1.082336235046386719e+01
8.429492950439453125e+00
7.300663471221923828e+00
4.773655891418457031e+00
1.195176315307617188e+01
8.955550193786621094e+00
1.012071990966796875e+01
3.601375102996826172e+00
4.805616378784179688e+00
1.118668174743652344e+01
1.230308055877685547e+01
1.271402549743652344e+01
7.495827674865722656e+00
1.009825801849365234e+01
1.028089714050292969e+01
9.277609825134277344e+00
1.050273895263671875e+01
1.154881095886230469e+01
1.097289943695068359e+01
1.146647357940673828e+01
4.527786731719970703e+00
9.318367004394531250e+00
1.098466300964355469e+01
1.114298820495605469e+01
1.208866596221923828e+01
1.099307632446289062e+01
9.975250244140625000e+00
1.099691772460937500e+01
1.271766567230224609e+01
1.288015365600585938e+01
1.019783687591552734e+01
1.217665386199951172e+01
8.030890464782714844e+00
