1.125273132324218750e+01
1.070719528198242188e+01
1.074095535278320312e+01
1.077749729156494141e+01
8.953532218933105469e+00
7.106687545776367188e+00
9.944390296936035156e+00
1.134830474853515625e+01
1.298528003692626953e+01
1.049655914306640625e+01
1.420779895782470703e+01
1.279906272888183594e+01
1.305130100250244141e+01
1.135369110107421875e+01
1.067624473571777344e+01
1.131818580627441406e+01
1.611327934265136719e+01
1.278037452697753906e+01
9.547234535217285156e+00
4.576845169067382812e+00
1.046582603454589844e+01
8.886734962463378906e+00
1.435481643676757812e+01
1.087199401855468750e+01
9.966476440429687500e+00
9.890805244445800781e+00
1.115736961364746094e+01
8.295970916748046875e+00
6.853241920471191406e+00
8.363072395324707031e+00
1.216256427764892578e+01
1.009144783020019531e+01
1.077945232391357422e+01
8.165319442749023438e+00
4.305553913116455078e+00
1.268627357482910156e+01
9.392297744750976562e+00
1.003743267059326172e+01
3.084328174591064453e+00
1.138630104064941406e+01
1.389461517333984375e+01
4.090216636657714844e+00
1.092241573333740234e+01
1.014073371887207031e+01
1.250633907318115234e+01
1.209507179260253906e+01
1.425296974182128906e+01
1.298401260375976562e+01
7.328352928161621094e+00
1.252579593658447266e+01
1.030552768707275391e+01
9.244902610778808594e+00
1.120329570770263672e+01
1.067633342742919922e+01
5.550220966339111328e+00
6.788605213165283203e+00
1.229052066802978516e+01
1.348280715942382812e+01
8.560036659240722656e+00
9.556147575378417969e+00
1.218343257904052734e+01
1.127454471588134766e+01
1.044729423522949219e+01
4.812881469726562500e+00
7.838724136352539062e+00
1.279766941070556641e+01
8.510950088500976562e+00
8.312745094299316406e+00
1.109656715393066406e+01
1.076607418060302734e+01
1.381152248382568359e+01
1.097215461730957031e+01
1.131357288360595703e+01
1.189976406097412109e+01
1.076590442657470703e+01
1.180867385864257812e+01
1.131454849243164062e+01
1.260537052154541016e+01
1.122045707702636719e+01
6.665863513946533203e+00
1.442845535278320312e+01
1.261391067504882812e+01
1.274377632141113281e+01
5.389810562133789062e+00
1.134216976165771484e+01
3.539966821670532227e+00
1.098832511901855469e+01
1.032066345214843750e+01
1.123429965972900391e+01
8.381518363952636719e+00
1.110788536071777344e+01
1.080348873138427734e+01
9.155011177062988281e+00
1.119273090362548828e+01
8.226246833801269531e+00
9.154040336608886719e+00
3.738396644592285156e+00
9.024421691894531250e+00
9.482187271118164062e+00
9.087028503417968750e+00
1.109050941467285156e+01
1.487620258331298828e+01
1.055872154235839844e+01
9.827930450439453125e+00
1.108498668670654297e+01
1.045885848999023438e+01
1.256396961212158203e+01
1.084125232696533203e+01
1.296150588989257812e+01
9.409715652465820312e+00
1.368036270141601562e+01
8.508484840393066406e+00
9.117956161499023438e+00
7.943964004516601562e+00
9.677968025207519531e+00
1.101756191253662109e+01
1.196098804473876953e+01
8.224852561950683594e+00
1.028287029266357422e+01
8.349343299865722656e+00
9.421941757202148438e+00
7.765826702117919922e+00
1.227202701568603516e+01
7.543328762054443359e+00
9.010860443115234375e+00
1.068935012817382812e+01
1.363344573974609375e+01
9.702658653259277344e+00
9.016535758972167969e+00
8.988248825073242188e+00
1.058269405364990234e+01
1.187747478485107422e+01
1.157084465026855469e+01
4.228040218353271484e+00
1.006533718109130859e+01
1.289033603668212891e+01
1.296774673461914062e+01
1.284517097473144531e+01
3.094194889068603516e+00
1.054276371002197266e+01
1.171271038055419922e+01
9.827310562133789062e+00
1.208578300476074219e+01
9.608653068542480469e+00
1.188537883758544922e+01
8.826550483703613281e+00
1.230434036254882812e+01
1.200580215454101562e+01
1.151522922515869141e+01
7.834304809570312500e+00
1.071033000946044922e+01
9.154973983764648438e+00
9.247620582580566406e+00
5.131408214569091797e+00
1.042040157318115234e+01
1.093214321136474609e+01
1.158385276794433594e+01
1.265990543365478516e+01
4.401949882507324219e+00
1.192571926116943359e+01
9.789069175720214844e+00
1.112945365905761719e+01
1.166946125030517578e+01
9.308541297912597656e+00
1.187532329559326172e+01
1.000514698028564453e+01
9.848432540893554688e+00
4.915726661682128906e+00
1.233967590332031250e+01
1.368764972686767578e+01
1.231796646118164062e+01
1.205884647369384766e+01
1.108524799346923828e+01
1.090989398956298828e+01
6.124144077301025391e+00
1.034137153625488281e+01
1.061883544921875000e+01
8.042761802673339844e+00
1.045899009704589844e+01
3.735557079315185547e+00
8.633366584777832031e+00
8.530590057373046875e+00
1.038814258575439453e+01
8.045331001281738281e+00
1.030247688293457031e+01
6.980762481689453125e+00
1.015824604034423828e+01
4.789390087127685547e+00
9.352164268493652344e+00
4.232940673828125000e+00
1.245202732086181641e+01
9.570776939392089844e+00
1.269903182983398438e+01
1.199897956848144531e+01
9.221201896667480469e+00
9.486653327941894531e+00
8.272728919982910156e+00
8.595592498779296875e+00
1.073062992095947266e+01
1.114352226257324219e+01
1.091290473937988281e+01
8.010131835937500000e+00
9.576319694519042969e+00
1.268399715423583984e+01
4.596252441406250000e+00
9.513984680175781250e+00
1.470935058593750000e+01
8.975667953491210938e+00
1.177605724334716797e+01
1.197245788574218750e+01
9.111616134643554688e+00
1.068103694915771484e+01
1.181786441802978516e+01
1.025721263885498047e+01
1.374988365173339844e+01
8.663024902343750000e+00
1.404654598236083984e+01
8.144546508789062500e+00
1.469543266296386719e+01
9.386924743652343750e+00
1.230714988708496094e+01
1.275254344940185547e+01
1.254439830780029297e+01
1.161661624908447266e+01
3.019943952560424805e+00
9.788474082946777344e+00
1.013551521301269531e+01
1.174918746948242188e+01
1.070637321472167969e+01
4.044276237487792969e+00
7.237452507019042969e+00
4.864003658294677734e+00
1.227623081207275391e+01
9.424341201782226562e+00
1.030502033233642578e+01
9.634702682495117188e+00
9.667623519897460938e+00
1.078378582000732422e+01
1.257402133941650391e+01
8.907321929931640625e+00
8.780097007751464844e+00
8.505968093872070312e+00
9.058867454528808594e+00
1.272449874877929688e+01
1.046562862396240234e+01
5.041728019714355469e+00
4.299820423126220703e+00
8.616773605346679688e+00
1.084661388397216797e+01
8.753359794616699219e+00
