8.179741859436035156e+00
1.102896881103515625e+01
1.069815444946289062e+01
4.357326984405517578e+00
1.323443508148193359e+01
1.307865428924560547e+01
1.037709045410156250e+01
1.220583724975585938e+01
9.519171714782714844e+00
1.149000644683837891e+01
4.975362777709960938e+00
1.090022850036621094e+01
3.534584522247314453e+00
5.868265628814697266e+00
8.739405632019042969e+00
1.220799827575683594e+01
1.033493995666503906e+01
1.259725284576416016e+01
8.473526000976562500e+00
8.584030151367187500e+00
8.386763572692871094e+00
1.094162368774414062e+01
1.038977432250976562e+01
1.104667949676513672e+01
1.071513843536376953e+01
9.470675468444824219e+00
7.603984832763671875e+00
7.789416313171386719e+00
1.297753715515136719e+01
5.381638050079345703e+00
1.399708652496337891e+01
1.493848514556884766e+01
1.114115047454833984e+01
1.094212055206298828e+01
1.076633358001708984e+01
8.773379325866699219e+00
9.225049972534179688e+00
1.205932998657226562e+01
1.306163597106933594e+01
1.093638515472412109e+01
1.294054698944091797e+01
1.011355781555175781e+01
1.121505260467529297e+01
1.137541675567626953e+01
8.808070182800292969e+00
7.769323348999023438e+00
1.311900806427001953e+01
8.909448623657226562e+00
1.067013549804687500e+01
4.256815433502197266e+00
1.289149188995361328e+01
1.170571041107177734e+01
1.225661563873291016e+01
9.376338958740234375e+00
9.949503898620605469e+00
9.022648811340332031e+00
1.116154766082763672e+01
1.015909481048583984e+01
1.745678520202636719e+01
9.310481071472167969e+00
7.844364643096923828e+00
1.272175979614257812e+01
1.440208721160888672e+01
1.075412845611572266e+01
4.569790363311767578e+00
1.008668327331542969e+01
1.577904319763183594e+01
8.820088386535644531e+00
9.925445556640625000e+00
4.192360401153564453e+00
3.935832977294921875e+00
1.241756916046142578e+01
8.680415153503417969e+00
1.293349838256835938e+01
9.730533599853515625e+00
1.025281047821044922e+01
1.164930820465087891e+01
9.289093017578125000e+00
1.038426017761230469e+01
9.678608894348144531e+00
1.118853950500488281e+01
1.144321155548095703e+01
9.033074378967285156e+00
1.254920578002929688e+01
1.279400634765625000e+01
1.010742473602294922e+01
1.114809226989746094e+01
7.781242370605468750e+00
9.340873718261718750e+00
3.489112138748168945e+00
6.583714485168457031e+00
7.284619331359863281e+00
7.456043720245361328e+00
1.079618930816650391e+01
9.770780563354492188e+00
7.756117343902587891e+00
1.249095821380615234e+01
9.415940284729003906e+00
1.102392768859863281e+01
9.547440528869628906e+00
1.304517745971679688e+01
1.111984920501708984e+01
1.118360328674316406e+01
1.400107479095458984e+01
1.210641860961914062e+01
5.107183456420898438e+00
9.523032188415527344e+00
1.102347755432128906e+01
9.446048736572265625e+00
4.502944469451904297e+00
8.759380340576171875e+00
1.237898540496826172e+01
8.558594703674316406e+00
1.240462779998779297e+01
1.330912399291992188e+01
9.452395439147949219e+00
1.059264659881591797e+01
7.548774719238281250e+00
7.915493488311767578e+00
1.066141128540039062e+01
4.954349040985107422e+00
1.025520133972167969e+01
9.479313850402832031e+00
1.032244491577148438e+01
9.930793762207031250e+00
1.040502071380615234e+01
1.113084697723388672e+01
1.128354644775390625e+01
5.609932422637939453e+00
6.623050212860107422e+00
8.816343307495117188e+00
7.582301616668701172e+00
1.143143463134765625e+01
1.157909488677978516e+01
1.164371013641357422e+01
9.878823280334472656e+00
1.053888607025146484e+01
5.646590232849121094e+00
1.306430530548095703e+01
1.085392093658447266e+01
4.711245059967041016e+00
8.193857192993164062e+00
1.022849178314208984e+01
9.152568817138671875e+00
1.068008995056152344e+01
9.124027252197265625e+00
9.835072517395019531e+00
1.156406784057617188e+01
1.381150722503662109e+01
5.383861064910888672e+00
1.172342586517333984e+01
1.284146976470947266e+01
5.970111370086669922e+00
1.260058784484863281e+01
8.974550247192382812e+00
8.597284317016601562e+00
1.276649093627929688e+01
1.395351219177246094e+01
9.827426910400390625e+00
8.221378326416015625e+00
5.675868511199951172e+00
9.857866287231445312e+00
3.691769123077392578e+00
4.476384162902832031e+00
1.155348491668701172e+01
1.263492488861083984e+01
4.405958652496337891e+00
1.086645126342773438e+01
1.034287738800048828e+01
8.419980049133300781e+00
1.252595329284667969e+01
1.203273582458496094e+01
1.088274192810058594e+01
9.827504158020019531e+00
1.058162784576416016e+01
7.971143245697021484e+00
1.157194519042968750e+01
1.095639991760253906e+01
9.433540344238281250e+00
1.094491481781005859e+01
8.750934600830078125e+00
9.472913742065429688e+00
1.057153415679931641e+01
1.234069824218750000e+01
1.134400463104248047e+01
1.120044040679931641e+01
3.737466812133789062e+00
1.160940551757812500e+01
1.323229980468750000e+01
7.908349037170410156e+00
3.624573230743408203e+00
1.184581279754638672e+01
1.120485496520996094e+01
4.975065708160400391e+00
1.048139953613281250e+01
9.613281250000000000e+00
1.069972610473632812e+01
1.016051101684570312e+01
8.032889366149902344e+00
9.732638359069824219e+00
1.041507244110107422e+01
1.405436134338378906e+01
3.847224712371826172e+00
1.073956394195556641e+01
1.138849449157714844e+01
1.042182350158691406e+01
8.315767288208007812e+00
6.789376258850097656e+00
1.116747379302978516e+01
7.307001113891601562e+00
1.082847595214843750e+01
8.232955932617187500e+00
1.050922107696533203e+01
1.035340785980224609e+01
1.263433265686035156e+01
1.035588455200195312e+01
1.268574905395507812e+01
6.932201862335205078e+00
1.103182315826416016e+01
1.034386730194091797e+01
9.130209922790527344e+00
1.043115806579589844e+01
8.557117462158203125e+00
1.125417518615722656e+01
8.967206001281738281e+00
5.377979755401611328e+00
1.432105350494384766e+01
9.994043350219726562e+00
1.212590599060058594e+01
8.441576957702636719e+00
1.100104808807373047e+01
1.150736045837402344e+01
1.260947990417480469e+01
1.156499290466308594e+01
1.104478359222412109e+01
1.160314178466796875e+01
1.172063350677490234e+01
5.612700462341308594e+00
1.182527732849121094e+01
1.093721771240234375e+01
9.799327850341796875e+00
1.309211349487304688e+01
7.800736904144287109e+00
1.325403499603271484e+01
9.363487243652343750e+00
1.188339138031005859e+01
1.244438648223876953e+01
9.944627761840820312e+00
5.526468276977539062e+00
8.844645500183105469e+00
