1.504916381835937500e+01
1.177463912963867188e+01
1.192027282714843750e+01
1.143048954010009766e+01
4.394110202789306641e+00
1.348371696472167969e+01
1.136814594268798828e+01
9.937031745910644531e+00
1.184183120727539062e+01
1.328617954254150391e+01
9.580629348754882812e+00
9.839061737060546875e+00
3.819334030151367188e+00
1.033329963684082031e+01
7.843592643737792969e+00
1.286643695831298828e+01
6.996733665466308594e+00
1.349577713012695312e+01
1.143179702758789062e+01
8.433655738830566406e+00
1.305087566375732422e+01
6.454893112182617188e+00
1.160078144073486328e+01
1.116895294189453125e+01
9.998175621032714844e+00
1.367650413513183594e+01
7.769838333129882812e+00
1.011838340759277344e+01
1.032342147827148438e+01
1.167783069610595703e+01
1.016861152648925781e+01
1.073907279968261719e+01
1.266773796081542969e+01
1.058184528350830078e+01
5.748249053955078125e+00
1.335860157012939453e+01
1.227005863189697266e+01
1.777059936523437500e+01
3.292576551437377930e+00
1.166521072387695312e+01
7.229254245758056641e+00
1.271237850189208984e+01
8.862495422363281250e+00
1.378094577789306641e+01
1.132790756225585938e+01
1.357780075073242188e+01
9.116661071777343750e+00
9.720058441162109375e+00
1.255123424530029297e+01
1.216897583007812500e+01
1.124621105194091797e+01
1.072470283508300781e+01
9.797755241394042969e+00
8.166069984436035156e+00
6.894795894622802734e+00
1.205463981628417969e+01
9.856781959533691406e+00
5.936882019042968750e+00
1.036028003692626953e+01
4.970166683197021484e+00
1.134973144531250000e+01
1.056845760345458984e+01
1.012891864776611328e+01
1.243640899658203125e+01
9.246749877929687500e+00
1.021964359283447266e+01
9.879924774169921875e+00
1.298566532135009766e+01
1.135389423370361328e+01
6.621401309967041016e+00
9.430070877075195312e+00
1.310452365875244141e+01
1.260003280639648438e+01
1.259382152557373047e+01
1.219444179534912109e+01
1.206513690948486328e+01
1.393149375915527344e+01
9.597644805908203125e+00
1.044725036621093750e+01
1.177353858947753906e+01
1.262821483612060547e+01
1.033172225952148438e+01
1.195003032684326172e+01
1.089615917205810547e+01
8.827004432678222656e+00
1.368426322937011719e+01
1.343628978729248047e+01
1.137580204010009766e+01
3.469575643539428711e+00
1.425814056396484375e+01
1.161413955688476562e+01
1.205965518951416016e+01
4.597851276397705078e+00
1.183760929107666016e+01
9.579108238220214844e+00
1.088478851318359375e+01
1.122477722167968750e+01
1.217031955718994141e+01
1.248572731018066406e+01
1.056112098693847656e+01
6.036016464233398438e+00
8.835693359375000000e+00
1.063176822662353516e+01
3.076260089874267578e+00
1.163014602661132812e+01
1.108699798583984375e+01
4.596239089965820312e+00
1.271210384368896484e+01
8.507509231567382812e+00
1.012578773498535156e+01
4.038309097290039062e+00
9.915705680847167969e+00
5.314435958862304688e+00
1.040523052215576172e+01
1.304861164093017578e+01
7.905944824218750000e+00
1.515239524841308594e+01
1.037072372436523438e+01
1.317768001556396484e+01
8.173847198486328125e+00
1.309634113311767578e+01
9.757004737854003906e+00
1.286995887756347656e+01
3.396341085433959961e+00
1.401035022735595703e+01
1.147194194793701172e+01
1.149915695190429688e+01
9.578435897827148438e+00
4.355046272277832031e+00
1.108026027679443359e+01
1.202843475341796875e+01
8.836671829223632812e+00
1.156368637084960938e+01
1.171621227264404297e+01
1.131080245971679688e+01
9.367073059082031250e+00
1.039170360565185547e+01
1.182526969909667969e+01
1.145690250396728516e+01
1.074037075042724609e+01
8.603020668029785156e+00
4.641414642333984375e+00
1.247939968109130859e+01
1.348809528350830078e+01
1.149405288696289062e+01
9.259304046630859375e+00
1.133692836761474609e+01
1.189162731170654297e+01
1.108731937408447266e+01
1.007593250274658203e+01
1.309738922119140625e+01
1.165433502197265625e+01
1.238021373748779297e+01
9.684543609619140625e+00
1.141073226928710938e+01
1.196934223175048828e+01
1.340213108062744141e+01
1.115370464324951172e+01
1.284639167785644531e+01
1.054911899566650391e+01
1.533203315734863281e+01
1.064174175262451172e+01
1.288127517700195312e+01
8.046627044677734375e+00
5.083230495452880859e+00
9.903833389282226562e+00
1.067023086547851562e+01
5.277236938476562500e+00
1.243713855743408203e+01
8.122407913208007812e+00
1.026144695281982422e+01
9.665434837341308594e+00
1.193194580078125000e+01
1.296035385131835938e+01
1.129981327056884766e+01
9.121517181396484375e+00
1.010916805267333984e+01
9.185984611511230469e+00
1.016909790039062500e+01
8.545163154602050781e+00
3.463684558868408203e+00
5.904444694519042969e+00
1.022103118896484375e+01
1.291081237792968750e+01
1.056580448150634766e+01
9.604968070983886719e+00
1.059051513671875000e+01
1.047144222259521484e+01
1.187734127044677734e+01
9.570552825927734375e+00
8.071758270263671875e+00
8.181038856506347656e+00
1.039099979400634766e+01
1.200385665893554688e+01
9.296824455261230469e+00
1.301229095458984375e+01
1.064045524597167969e+01
4.160176277160644531e+00
9.537496566772460938e+00
1.144157791137695312e+01
1.172074985504150391e+01
1.058485889434814453e+01
1.252357196807861328e+01
7.494908809661865234e+00
1.113814163208007812e+01
1.000536823272705078e+01
4.762502193450927734e+00
1.032099628448486328e+01
9.767637252807617188e+00
8.704504966735839844e+00
1.069823741912841797e+01
1.014691638946533203e+01
8.434866905212402344e+00
9.383693695068359375e+00
1.094216632843017578e+01
9.715833663940429688e+00
1.089656257629394531e+01
3.587470293045043945e+00
1.073997306823730469e+01
7.657521247863769531e+00
9.325984954833984375e+00
7.326602935791015625e+00
8.943601608276367188e+00
3.958174228668212891e+00
9.796897888183593750e+00
1.092196464538574219e+01
1.283733558654785156e+01
1.239294147491455078e+01
1.152837085723876953e+01
1.283067989349365234e+01
8.417846679687500000e+00
4.755528926849365234e+00
1.047244167327880859e+01
1.095910835266113281e+01
1.189077854156494141e+01
1.259651756286621094e+01
1.061412429809570312e+01
1.005342102050781250e+01
7.125653266906738281e+00
1.032329940795898438e+01
1.284231567382812500e+01
1.020683574676513672e+01
7.444649696350097656e+00
1.043900394439697266e+01
1.131954860687255859e+01
1.039002227783203125e+01
1.095648956298828125e+01
8.166946411132812500e+00
9.295243263244628906e+00
9.816572189331054688e+00
