9.955029487609863281e+00
8.570647239685058594e+00
1.420144653320312500e+01
1.004881954193115234e+01
1.025444316864013672e+01
7.723304748535156250e+00
1.450621032714843750e+01
1.153436183929443359e+01
1.097120475769042969e+01
1.161987876892089844e+01
8.529674530029296875e+00
1.119997024536132812e+01
4.289027214050292969e+00
1.409583187103271484e+01
1.284145355224609375e+01
6.999295711517333984e+00
9.352506637573242188e+00
1.041646289825439453e+01
9.214993476867675781e+00
1.419151687622070312e+01
1.211445331573486328e+01
1.121194171905517578e+01
1.029325294494628906e+01
9.343082427978515625e+00
1.032212066650390625e+01
7.805584430694580078e+00
9.054283142089843750e+00
9.615823745727539062e+00
8.160372734069824219e+00
9.736637115478515625e+00
1.284529590606689453e+01
4.021112918853759766e+00
1.166926765441894531e+01
1.114249229431152344e+01
1.113870239257812500e+01
1.174254417419433594e+01
5.051662445068359375e+00
9.229340553283691406e+00
3.522773742675781250e+00
9.365970611572265625e+00
1.274414157867431641e+01
1.066019630432128906e+01
8.139914512634277344e+00
1.102569103240966797e+01
1.307696056365966797e+01
9.319851875305175781e+00
1.066615962982177734e+01
6.543085575103759766e+00
1.007516860961914062e+01
1.177224159240722656e+01
1.081664752960205078e+01
1.205045413970947266e+01
1.141835594177246094e+01
1.019392490386962891e+01
1.163004493713378906e+01
1.073750972747802734e+01
1.034907627105712891e+01
1.081924533843994141e+01
9.058294296264648438e+00
1.013571548461914062e+01
8.770103454589843750e+00
1.255116271972656250e+01
9.316607475280761719e+00
1.227444267272949219e+01
9.429261207580566406e+00
6.043019294738769531e+00
1.204928302764892578e+01
9.752665519714355469e+00
9.741467475891113281e+00
1.302116966247558594e+01
9.263993263244628906e+00
1.097066211700439453e+01
1.555802440643310547e+01
9.773736000061035156e+00
8.251353263854980469e+00
9.579881668090820312e+00
1.069846248626708984e+01
1.061646461486816406e+01
1.020374298095703125e+01
5.745268344879150391e+00
7.807898044586181641e+00
1.234747409820556641e+01
9.246081352233886719e+00
8.463398933410644531e+00
9.636554718017578125e+00
9.791071891784667969e+00
1.139102268218994141e+01
1.297156715393066406e+01
9.798508644104003906e+00
4.468441009521484375e+00
1.118638420104980469e+01
1.226697826385498047e+01
1.141070079803466797e+01
5.023258686065673828e+00
1.096464443206787109e+01
1.277589988708496094e+01
1.224565982818603516e+01
7.733906269073486328e+00
1.142766666412353516e+01
8.760962486267089844e+00
1.026604080200195312e+01
1.493580055236816406e+01
1.344017028808593750e+01
1.002727222442626953e+01
1.202251148223876953e+01
9.947628021240234375e+00
1.219108963012695312e+01
1.090911102294921875e+01
3.803865194320678711e+00
7.010549545288085938e+00
1.368682098388671875e+01
8.256569862365722656e+00
1.161034297943115234e+01
7.530980110168457031e+00
9.763209342956542969e+00
1.200436210632324219e+01
8.955939292907714844e+00
8.974472045898437500e+00
1.256089973449707031e+01
9.267601966857910156e+00
3.752685070037841797e+00
1.163926124572753906e+01
1.409895706176757812e+01
1.361575889587402344e+01
9.673857688903808594e+00
5.106575012207031250e+00
4.403221130371093750e+00
1.240018653869628906e+01
1.105637836456298828e+01
9.155329704284667969e+00
1.054946041107177734e+01
7.871396064758300781e+00
8.817566871643066406e+00
1.380754375457763672e+01
9.594003677368164062e+00
9.563434600830078125e+00
3.494009971618652344e+00
1.025567245483398438e+01
1.115841960906982422e+01
8.680376052856445312e+00
1.125952816009521484e+01
1.021042442321777344e+01
1.445780467987060547e+01
1.236061859130859375e+01
1.250251960754394531e+01
8.091545104980468750e+00
1.023563671112060547e+01
8.782192230224609375e+00
1.056216621398925781e+01
1.250820827484130859e+01
8.868782043457031250e+00
5.763665676116943359e+00
1.119098663330078125e+01
9.839084625244140625e+00
9.810717582702636719e+00
1.051898002624511719e+01
7.744918346405029297e+00
1.266249179840087891e+01
3.651770114898681641e+00
1.030879211425781250e+01
1.024725055694580078e+01
9.220934867858886719e+00
1.024991798400878906e+01
1.230170726776123047e+01
9.691049575805664062e+00
9.479406356811523438e+00
1.149990653991699219e+01
1.173408794403076172e+01
1.122190475463867188e+01
9.419241905212402344e+00
8.217743873596191406e+00
1.178553676605224609e+01
1.522275447845458984e+01
1.204097080230712891e+01
1.432415676116943359e+01
9.576974868774414062e+00
1.266977691650390625e+01
8.313693046569824219e+00
8.282735824584960938e+00
1.060409259796142578e+01
9.642609596252441406e+00
1.260144233703613281e+01
9.783272743225097656e+00
5.264346122741699219e+00
1.069430637359619141e+01
8.060940742492675781e+00
1.470428752899169922e+01
9.186493873596191406e+00
1.057298564910888672e+01
1.017085361480712891e+01
8.509095191955566406e+00
1.184075546264648438e+01
1.020990657806396484e+01
1.183474254608154297e+01
9.009959220886230469e+00
1.106757545471191406e+01
1.265741920471191406e+01
9.340415954589843750e+00
4.525449275970458984e+00
9.810598373413085938e+00
1.081082248687744141e+01
1.085256195068359375e+01
1.245119285583496094e+01
1.087063312530517578e+01
1.013366413116455078e+01
1.200973892211914062e+01
1.029835891723632812e+01
4.909277439117431641e+00
1.219472408294677734e+01
1.226398658752441406e+01
3.197365283966064453e+00
1.273180675506591797e+01
1.132176876068115234e+01
1.090112209320068359e+01
9.854682922363281250e+00
8.499826431274414062e+00
1.066402816772460938e+01
9.304354667663574219e+00
1.063080787658691406e+01
8.243159294128417969e+00
4.143552303314208984e+00
1.106390953063964844e+01
4.260823726654052734e+00
9.496313095092773438e+00
1.035397720336914062e+01
1.020278167724609375e+01
1.081042671203613281e+01
6.528722763061523438e+00
1.040098762512207031e+01
1.178464984893798828e+01
9.875845909118652344e+00
1.254450988769531250e+01
9.939788818359375000e+00
8.957587242126464844e+00
1.577670860290527344e+01
1.002319431304931641e+01
1.051440048217773438e+01
1.156186676025390625e+01
1.251539421081542969e+01
8.684042930603027344e+00
1.201110363006591797e+01
1.264389324188232422e+01
4.108950614929199219e+00
1.255819416046142578e+01
8.364819526672363281e+00
8.569355010986328125e+00
7.963306903839111328e+00
1.225253868103027344e+01
1.303999519348144531e+01
1.215799999237060547e+01
