1.095490837097167969e+01
8.593466758728027344e+00
7.275979995727539062e+00
1.205424118041992188e+01
1.012586307525634766e+01
1.541567993164062500e+01
8.755105018615722656e+00
1.045018482208251953e+01
1.264761257171630859e+01
9.209824562072753906e+00
1.166832733154296875e+01
1.203319263458251953e+01
9.167208671569824219e+00
7.883192062377929688e+00
1.287540531158447266e+01
6.746347427368164062e+00
1.224724960327148438e+01
1.002643203735351562e+01
1.000022792816162109e+01
8.204105377197265625e+00
7.002410888671875000e+00
1.170637607574462891e+01
9.740725517272949219e+00
1.089505195617675781e+01
1.006402015686035156e+01
3.431451320648193359e+00
1.137541007995605469e+01
8.775918006896972656e+00
8.925507545471191406e+00
8.045602798461914062e+00
1.132119560241699219e+01
1.187441635131835938e+01
1.016276931762695312e+01
3.388652801513671875e+00
1.212391281127929688e+01
3.923411369323730469e+00
1.317252349853515625e+01
8.706126213073730469e+00
1.182588100433349609e+01
8.656880378723144531e+00
8.771180152893066406e+00
1.002156543731689453e+01
1.138061141967773438e+01
3.074679851531982422e+00
1.020039463043212891e+01
9.794593811035156250e+00
9.373428344726562500e+00
8.678260803222656250e+00
1.051692199707031250e+01
9.862925529479980469e+00
1.043113040924072266e+01
1.098185443878173828e+01
1.191966247558593750e+01
9.624517440795898438e+00
1.041845607757568359e+01
1.151998043060302734e+01
1.078686046600341797e+01
9.528011322021484375e+00
1.485314846038818359e+01
1.096867179870605469e+01
8.750056266784667969e+00
1.145188331604003906e+01
8.462617874145507812e+00
8.169906616210937500e+00
1.411862087249755859e+01
1.170214462280273438e+01
8.971578598022460938e+00
1.006410503387451172e+01
1.079617786407470703e+01
9.642170906066894531e+00
8.821765899658203125e+00
9.735487937927246094e+00
3.841872692108154297e+00
1.002787303924560547e+01
9.928730010986328125e+00
1.163938522338867188e+01
1.256177616119384766e+01
1.061102008819580078e+01
7.255801200866699219e+00
1.079381847381591797e+01
1.314009284973144531e+01
9.135757446289062500e+00
1.247412681579589844e+01
8.680291175842285156e+00
3.232504844665527344e+00
9.164781570434570312e+00
1.245571708679199219e+01
9.270694732666015625e+00
1.108277511596679688e+01
1.230395793914794922e+01
1.121965408325195312e+01
1.203475475311279297e+01
1.012653827667236328e+01
8.754757881164550781e+00
1.157671260833740234e+01
9.079924583435058594e+00
1.496054553985595703e+01
1.008270549774169922e+01
1.296506690979003906e+01
1.145446872711181641e+01
9.368508338928222656e+00
3.842336893081665039e+00
1.217871093750000000e+01
1.061350440979003906e+01
9.262214660644531250e+00
1.164085483551025391e+01
1.011148929595947266e+01
1.373320960998535156e+01
1.051889610290527344e+01
6.074989795684814453e+00
1.361380386352539062e+01
1.211077404022216797e+01
7.070430278778076172e+00
1.435856342315673828e+01
4.239554882049560547e+00
1.384039306640625000e+01
1.110788249969482422e+01
9.248462677001953125e+00
1.285652542114257812e+01
1.071698379516601562e+01
5.172964096069335938e+00
1.082729148864746094e+01
1.192733669281005859e+01
1.405304622650146484e+01
1.155604457855224609e+01
1.263514328002929688e+01
7.348952770233154297e+00
6.628885269165039062e+00
1.547712516784667969e+01
1.021261692047119141e+01
4.304803371429443359e+00
1.017130565643310547e+01
1.028248500823974609e+01
1.128131294250488281e+01
1.339632701873779297e+01
1.209501647949218750e+01
8.259407997131347656e+00
1.127689647674560547e+01
1.089708423614501953e+01
1.218382549285888672e+01
1.244211292266845703e+01
1.007603168487548828e+01
1.039130496978759766e+01
9.787848472595214844e+00
1.204646682739257812e+01
1.021290683746337891e+01
1.186169242858886719e+01
1.348000621795654297e+01
1.445560836791992188e+01
1.176424026489257812e+01
5.383352756500244141e+00
9.788550376892089844e+00
7.690119266510009766e+00
9.032471656799316406e+00
1.036375522613525391e+01
1.493709468841552734e+01
1.260156154632568359e+01
8.901404380798339844e+00
7.448825359344482422e+00
9.264923095703125000e+00
1.065589714050292969e+01
1.006474971771240234e+01
1.160419940948486328e+01
6.294350624084472656e+00
1.056196022033691406e+01
8.085833549499511719e+00
1.142715454101562500e+01
1.309420204162597656e+01
1.370234107971191406e+01
1.186588382720947266e+01
1.365813159942626953e+01
1.169732093811035156e+01
8.462617874145507812e+00
1.138842964172363281e+01
1.050830554962158203e+01
5.559268474578857422e+00
4.267221450805664062e+00
1.191627120971679688e+01
1.085827636718750000e+01
9.428895950317382812e+00
9.385332107543945312e+00
4.900310039520263672e+00
7.323004245758056641e+00
1.097735786437988281e+01
1.399972724914550781e+01
1.167938804626464844e+01
1.159438323974609375e+01
1.256340408325195312e+01
1.226258945465087891e+01
1.092523479461669922e+01
1.145046234130859375e+01
1.090952873229980469e+01
1.517920684814453125e+01
1.355442428588867188e+01
1.503337001800537109e+01
1.423487854003906250e+01
6.037325859069824219e+00
9.412359237670898438e+00
1.456195926666259766e+01
1.053481960296630859e+01
9.802096366882324219e+00
4.803772926330566406e+00
1.220137786865234375e+01
8.372345924377441406e+00
8.689682960510253906e+00
1.000849819183349609e+01
8.395692825317382812e+00
1.078622436523437500e+01
9.791049957275390625e+00
1.142736244201660156e+01
9.221578598022460938e+00
9.089025497436523438e+00
1.257330703735351562e+01
8.672134399414062500e+00
7.990890979766845703e+00
1.219972419738769531e+01
1.130260372161865234e+01
1.446201133728027344e+01
1.147696495056152344e+01
8.442292213439941406e+00
1.400734043121337891e+01
7.793584346771240234e+00
1.127323246002197266e+01
1.219281387329101562e+01
1.113058662414550781e+01
8.501504898071289062e+00
1.084718608856201172e+01
4.996090888977050781e+00
1.236817741394042969e+01
1.497622966766357422e+01
1.446530055999755859e+01
1.125599288940429688e+01
9.695145606994628906e+00
1.104366970062255859e+01
1.041602897644042969e+01
4.713301181793212891e+00
9.421057701110839844e+00
1.116539478302001953e+01
1.059896373748779297e+01
3.685415029525756836e+00
9.159447669982910156e+00
1.115719604492187500e+01
1.049344921112060547e+01
9.914483070373535156e+00
1.350728225708007812e+01
9.464561462402343750e+00
9.791593551635742188e+00
1.080493545532226562e+01
4.499179363250732422e+00
9.017523765563964844e+00
