1.144698524475097656e+01
9.251960754394531250e+00
1.220082759857177734e+01
1.150183582305908203e+01
9.546332359313964844e+00
1.441420936584472656e+01
1.124352455139160156e+01
4.680460929870605469e+00
1.144451618194580078e+01
8.407931327819824219e+00
1.571315479278564453e+01
9.333327293395996094e+00
8.407985687255859375e+00
1.104470252990722656e+01
1.134602737426757812e+01
8.281120300292968750e+00
8.893730163574218750e+00
7.562314033508300781e+00
1.107406806945800781e+01
1.102258586883544922e+01
3.333776473999023438e+00
1.346108341217041016e+01
6.695719718933105469e+00
8.982512474060058594e+00
9.554725646972656250e+00
1.094152259826660156e+01
1.111697387695312500e+01
3.198875188827514648e+00
8.175543785095214844e+00
1.234173107147216797e+01
1.088396072387695312e+01
1.139164066314697266e+01
1.186829662322998047e+01
1.399376964569091797e+01
1.243510055541992188e+01
9.102403640747070312e+00
9.885952949523925781e+00
8.767852783203125000e+00
1.165359783172607422e+01
3.747501611709594727e+00
3.537854909896850586e+00
1.187358283996582031e+01
1.249126911163330078e+01
1.018453407287597656e+01
1.111661720275878906e+01
9.350502967834472656e+00
1.338797569274902344e+01
9.390145301818847656e+00
1.005818462371826172e+01
9.710174560546875000e+00
1.104634475708007812e+01
9.726783752441406250e+00
1.174126243591308594e+01
8.830962181091308594e+00
7.068356037139892578e+00
1.031319808959960938e+01
8.721816062927246094e+00
4.173278808593750000e+00
1.252125835418701172e+01
8.078027725219726562e+00
3.747813463211059570e+00
8.958431243896484375e+00
1.052728176116943359e+01
6.991597175598144531e+00
1.087166023254394531e+01
1.138818168640136719e+01
9.724547386169433594e+00
1.053120803833007812e+01
1.149970626831054688e+01
6.972716808319091797e+00
9.961988449096679688e+00
6.729750156402587891e+00
1.328182029724121094e+01
8.492984771728515625e+00
6.938393115997314453e+00
6.025479793548583984e+00
1.315708923339843750e+01
9.530231475830078125e+00
7.402866363525390625e+00
1.202308559417724609e+01
1.230479812622070312e+01
8.420454025268554688e+00
1.135277843475341797e+01
1.156181907653808594e+01
4.168905735015869141e+00
1.077657890319824219e+01
9.076773643493652344e+00
7.645039558410644531e+00
1.249820041656494141e+01
3.207642078399658203e+00
1.168325328826904297e+01
1.046060562133789062e+01
8.241126060485839844e+00
1.214881706237792969e+01
8.287272453308105469e+00
8.947249412536621094e+00
1.186122989654541016e+01
1.241892814636230469e+01
1.066701030731201172e+01
7.325918197631835938e+00
8.702002525329589844e+00
1.107833099365234375e+01
1.232495498657226562e+01
9.790434837341308594e+00
1.371585083007812500e+01
3.749561071395874023e+00
1.129902744293212891e+01
1.207724666595458984e+01
1.130947208404541016e+01
7.098771572113037109e+00
7.785640239715576172e+00
7.990032672882080078e+00
1.193295383453369141e+01
1.345790958404541016e+01
1.434545421600341797e+01
9.204024314880371094e+00
3.178039073944091797e+00
1.002538871765136719e+01
8.458993911743164062e+00
5.635396480560302734e+00
1.081660747528076172e+01
9.865781784057617188e+00
9.779675483703613281e+00
1.124202632904052734e+01
9.671790122985839844e+00
1.139994049072265625e+01
9.933546066284179688e+00
8.236557006835937500e+00
1.189899349212646484e+01
7.886624336242675781e+00
9.211309432983398438e+00
3.596478223800659180e+00
1.224404430389404297e+01
8.835206031799316406e+00
1.165814495086669922e+01
9.874843597412109375e+00
1.308110713958740234e+01
9.613255500793457031e+00
3.351562738418579102e+00
1.115020847320556641e+01
1.256131267547607422e+01
9.753973960876464844e+00
1.410026550292968750e+01
9.311435699462890625e+00
1.167165565490722656e+01
1.053398990631103516e+01
1.217078590393066406e+01
1.170837402343750000e+01
8.523472785949707031e+00
4.122282981872558594e+00
1.105139255523681641e+01
1.000881767272949219e+01
1.123987197875976562e+01
1.299782943725585938e+01
1.113413429260253906e+01
8.396008491516113281e+00
8.776137351989746094e+00
8.139812469482421875e+00
9.297840118408203125e+00
1.065017414093017578e+01
1.249761295318603516e+01
1.125518131256103516e+01
1.058359527587890625e+01
8.091339111328125000e+00
9.785638809204101562e+00
1.006902790069580078e+01
9.994938850402832031e+00
8.945795059204101562e+00
1.519094276428222656e+01
3.075540065765380859e+00
1.286379528045654297e+01
8.518185615539550781e+00
1.285311317443847656e+01
8.316958427429199219e+00
6.982921123504638672e+00
3.590452432632446289e+00
4.459428787231445312e+00
1.214226341247558594e+01
1.217465877532958984e+01
1.131294822692871094e+01
8.211180686950683594e+00
9.489078521728515625e+00
1.183852958679199219e+01
1.216474723815917969e+01
1.345499992370605469e+01
3.648264884948730469e+00
1.002321338653564453e+01
1.254754829406738281e+01
5.282072067260742188e+00
9.749782562255859375e+00
1.521468544006347656e+01
9.460700035095214844e+00
1.321154689788818359e+01
1.090244007110595703e+01
8.879532814025878906e+00
1.151660251617431641e+01
1.147020626068115234e+01
7.405350685119628906e+00
1.039783763885498047e+01
1.122556018829345703e+01
8.874332427978515625e+00
8.602946281433105469e+00
1.263421058654785156e+01
1.275185108184814453e+01
1.144209957122802734e+01
4.163132667541503906e+00
9.034364700317382812e+00
1.465779590606689453e+01
1.042620849609375000e+01
1.110317039489746094e+01
9.979898452758789062e+00
9.266726493835449219e+00
9.259377479553222656e+00
9.218461990356445312e+00
1.112307357788085938e+01
1.253269100189208984e+01
1.133007621765136719e+01
7.336143016815185547e+00
1.203340530395507812e+01
1.159526920318603516e+01
1.038088893890380859e+01
4.358527183532714844e+00
4.301644325256347656e+00
1.242482185363769531e+01
1.098366069793701172e+01
1.105907630920410156e+01
1.038120269775390625e+01
1.018263149261474609e+01
1.098105907440185547e+01
1.127516651153564453e+01
9.690478324890136719e+00
1.245759677886962891e+01
1.240405750274658203e+01
9.556585311889648438e+00
6.391242980957031250e+00
8.753457069396972656e+00
9.486273765563964844e+00
4.500068187713623047e+00
1.378385925292968750e+01
8.576843261718750000e+00
4.034613609313964844e+00
7.554578304290771484e+00
1.507703590393066406e+01
1.005027866363525391e+01
1.161338806152343750e+01
8.571913719177246094e+00
1.221723365783691406e+01
1.092407703399658203e+01
9.604624748229980469e+00
9.372670173645019531e+00
