1.005123329162597656e+01
1.221776962280273438e+01
7.335413455963134766e+00
8.355128288269042969e+00
8.387027740478515625e+00
9.914125442504882812e+00
1.103677654266357422e+01
1.346164321899414062e+01
1.265095138549804688e+01
1.213626766204833984e+01
8.657072067260742188e+00
1.037347316741943359e+01
4.212641239166259766e+00
8.721678733825683594e+00
1.046770286560058594e+01
1.156873321533203125e+01
1.085109615325927734e+01
1.174923706054687500e+01
3.234939575195312500e+00
1.161570167541503906e+01
1.227784442901611328e+01
1.103383064270019531e+01
4.103340625762939453e+00
1.252918815612792969e+01
9.150282859802246094e+00
5.685300827026367188e+00
1.074314022064208984e+01
7.890636920928955078e+00
4.592416286468505859e+00
5.192370414733886719e+00
8.782716751098632812e+00
9.583806991577148438e+00
1.106738185882568359e+01
9.742445945739746094e+00
1.214804267883300781e+01
1.294552516937255859e+01
1.158593654632568359e+01
4.735319614410400391e+00
1.377361583709716797e+01
8.695305824279785156e+00
6.103679180145263672e+00
4.551635742187500000e+00
1.192103195190429688e+01
9.046676635742187500e+00
9.063070297241210938e+00
1.043512916564941406e+01
1.159563255310058594e+01
4.748363971710205078e+00
1.374167442321777344e+01
1.165419197082519531e+01
1.244895458221435547e+01
9.478057861328125000e+00
1.500245285034179688e+01
8.967015266418457031e+00
1.470154190063476562e+01
1.210823726654052734e+01
1.332751464843750000e+01
8.122011184692382812e+00
3.839918613433837891e+00
7.831619262695312500e+00
1.112200260162353516e+01
9.824449539184570312e+00
4.160501480102539062e+00
7.420527935028076172e+00
9.901094436645507812e+00
9.744588851928710938e+00
1.065103912353515625e+01
6.284526348114013672e+00
8.980190277099609375e+00
1.257468414306640625e+01
1.144328594207763672e+01
1.030017089843750000e+01
1.124575138092041016e+01
8.461894989013671875e+00
1.044110488891601562e+01
1.244233322143554688e+01
3.874938488006591797e+00
7.098628520965576172e+00
6.628402233123779297e+00
6.862292289733886719e+00
9.500681877136230469e+00
9.115365982055664062e+00
7.025949954986572266e+00
8.179080009460449219e+00
9.218565940856933594e+00
9.813194274902343750e+00
1.288977909088134766e+01
4.502698898315429688e+00
1.243176174163818359e+01
1.145683193206787109e+01
8.760506629943847656e+00
9.378064155578613281e+00
9.270163536071777344e+00
9.187270164489746094e+00
1.014611339569091797e+01
1.119239330291748047e+01
1.595251178741455078e+01
8.577323913574218750e+00
9.093369483947753906e+00
8.359745979309082031e+00
7.120155811309814453e+00
1.218842983245849609e+01
3.520974636077880859e+00
8.058811187744140625e+00
8.335760116577148438e+00
1.046067810058593750e+01
1.195575904846191406e+01
8.325681686401367188e+00
4.578424453735351562e+00
1.357535362243652344e+01
3.524188041687011719e+00
8.570571899414062500e+00
3.696464776992797852e+00
9.044423103332519531e+00
1.121335792541503906e+01
1.136519908905029297e+01
7.644319534301757812e+00
9.329364776611328125e+00
1.122938728332519531e+01
7.678816318511962891e+00
7.225066184997558594e+00
4.814044475555419922e+00
6.842502117156982422e+00
1.056715679168701172e+01
1.258026313781738281e+01
1.057055091857910156e+01
8.392824172973632812e+00
1.376877403259277344e+01
1.212801933288574219e+01
1.031041812896728516e+01
1.344102287292480469e+01
8.574385643005371094e+00
1.340108013153076172e+01
1.064821338653564453e+01
1.093722820281982422e+01
8.302156448364257812e+00
1.316189670562744141e+01
3.535550355911254883e+00
1.406527709960937500e+01
7.657107353210449219e+00
1.018568992614746094e+01
1.021492385864257812e+01
1.075072193145751953e+01
1.109621047973632812e+01
1.325008869171142578e+01
6.273838043212890625e+00
1.372080230712890625e+01
1.119900894165039062e+01
1.517699813842773438e+01
7.629393100738525391e+00
7.673282146453857422e+00
1.064860343933105469e+01
9.648356437683105469e+00
1.153444766998291016e+01
4.432267665863037109e+00
4.528656005859375000e+00
1.624606704711914062e+01
8.620224952697753906e+00
1.259709262847900391e+01
1.012010002136230469e+01
1.271361637115478516e+01
9.072099685668945312e+00
3.827876806259155273e+00
1.182302665710449219e+01
1.042699241638183594e+01
9.249330520629882812e+00
9.477424621582031250e+00
1.314230823516845703e+01
3.383038759231567383e+00
8.335934638977050781e+00
1.561378479003906250e+01
7.400892734527587891e+00
1.029642677307128906e+01
8.990120887756347656e+00
1.122676277160644531e+01
1.079959011077880859e+01
1.105695819854736328e+01
9.134457588195800781e+00
1.140374183654785156e+01
8.520665168762207031e+00
7.016513824462890625e+00
9.632250785827636719e+00
4.270960807800292969e+00
3.610877037048339844e+00
9.992997169494628906e+00
9.026650428771972656e+00
1.174090385437011719e+01
9.223176002502441406e+00
1.202920055389404297e+01
4.414509296417236328e+00
3.238883495330810547e+00
1.085441684722900391e+01
1.294354534149169922e+01
1.101735782623291016e+01
8.817984580993652344e+00
6.316389560699462891e+00
1.272176074981689453e+01
1.190836715698242188e+01
1.068955135345458984e+01
1.129575729370117188e+01
1.177549839019775391e+01
1.032502746582031250e+01
9.006702423095703125e+00
1.042804622650146484e+01
9.811501502990722656e+00
9.104233741760253906e+00
1.239548683166503906e+01
9.051691055297851562e+00
1.087809753417968750e+01
9.056874275207519531e+00
1.295781517028808594e+01
8.427125930786132812e+00
1.025272083282470703e+01
8.670537948608398438e+00
8.912996292114257812e+00
1.159104824066162109e+01
9.214020729064941406e+00
1.001028919219970703e+01
1.142596054077148438e+01
9.159883499145507812e+00
1.152640151977539062e+01
8.557930946350097656e+00
1.013509941101074219e+01
8.093083381652832031e+00
8.523844718933105469e+00
1.354546546936035156e+01
1.378332328796386719e+01
1.196409797668457031e+01
1.033232402801513672e+01
8.819177627563476562e+00
1.105892086029052734e+01
1.009523296356201172e+01
1.643657684326171875e+01
8.615881919860839844e+00
1.181238651275634766e+01
9.135949134826660156e+00
1.161387538909912109e+01
9.215472221374511719e+00
8.879837036132812500e+00
9.755920410156250000e+00
8.665846824645996094e+00
1.144716262817382812e+01
1.303246498107910156e+01
1.111094379425048828e+01
1.281805229187011719e+01
8.556147575378417969e+00
1.046722698211669922e+01
7.992503166198730469e+00
8.872068405151367188e+00
8.241488456726074219e+00
