4.268446922302246094e+00
1.072292804718017578e+01
1.063093185424804688e+01
8.344367980957031250e+00
1.198006534576416016e+01
1.120667934417724609e+01
9.265132904052734375e+00
6.030556678771972656e+00
8.369383811950683594e+00
1.166563129425048828e+01
1.021348476409912109e+01
1.316219806671142578e+01
1.499378108978271484e+01
1.117583751678466797e+01
3.610348701477050781e+00
1.093399429321289062e+01
1.049974346160888672e+01
9.696646690368652344e+00
4.030479431152343750e+00
8.514374732971191406e+00
9.744787216186523438e+00
1.106265830993652344e+01
3.765947341918945312e+00
1.048081493377685547e+01
1.032597160339355469e+01
9.832328796386718750e+00
1.144832611083984375e+01
1.019121170043945312e+01
9.421638488769531250e+00
3.921749114990234375e+00
1.125203227996826172e+01
7.928794860839843750e+00
1.041457653045654297e+01
3.888013124465942383e+00
8.672832489013671875e+00
1.183292865753173828e+01
1.043564701080322266e+01
7.138215541839599609e+00
9.694054603576660156e+00
1.085501861572265625e+01
9.848238945007324219e+00
1.229611587524414062e+01
1.129771709442138672e+01
9.080686569213867188e+00
7.972057819366455078e+00
1.119048595428466797e+01
9.749470710754394531e+00
8.835989952087402344e+00
7.749209880828857422e+00
8.485568046569824219e+00
1.122509098052978516e+01
1.064655590057373047e+01
1.302291297912597656e+01
1.068910503387451172e+01
1.363925075531005859e+01
1.033268070220947266e+01
9.816055297851562500e+00
7.584484100341796875e+00
1.114550590515136719e+01
9.678059577941894531e+00
5.044850826263427734e+00
1.094751644134521484e+01
1.137285995483398438e+01
9.342902183532714844e+00
7.312525749206542969e+00
9.697072029113769531e+00
9.115729331970214844e+00
1.260002231597900391e+01
1.094519615173339844e+01
1.153832626342773438e+01
9.394546508789062500e+00
1.263048553466796875e+01
7.555250167846679688e+00
1.256432914733886719e+01
1.405520439147949219e+01
1.051499748229980469e+01
9.155397415161132812e+00
9.695733070373535156e+00
9.860726356506347656e+00
9.816390991210937500e+00
1.075308990478515625e+01
4.625416755676269531e+00
9.476853370666503906e+00
1.198482894897460938e+01
3.863778352737426758e+00
1.045168304443359375e+01
9.468160629272460938e+00
9.337681770324707031e+00
1.326557636260986328e+01
1.277419567108154297e+01
9.822727203369140625e+00
9.025587081909179688e+00
1.359383869171142578e+01
1.182667350769042969e+01
7.004114627838134766e+00
9.358237266540527344e+00
7.779245853424072266e+00
1.139686870574951172e+01
1.340813255310058594e+01
1.357450962066650391e+01
1.118100261688232422e+01
4.643296241760253906e+00
1.365944099426269531e+01
8.214237213134765625e+00
1.140691184997558594e+01
8.566375732421875000e+00
1.114482498168945312e+01
8.248072624206542969e+00
1.024840927124023438e+01
7.775579452514648438e+00
1.130989646911621094e+01
9.378355979919433594e+00
1.054119968414306641e+01
8.617299079895019531e+00
1.133215618133544922e+01
3.896287202835083008e+00
1.673855400085449219e+01
9.440925598144531250e+00
9.837908744812011719e+00
1.211415195465087891e+01
4.462745189666748047e+00
1.363708496093750000e+01
1.296490001678466797e+01
8.085148811340332031e+00
1.339306831359863281e+01
9.727280616760253906e+00
1.263875007629394531e+01
9.288791656494140625e+00
1.056360530853271484e+01
1.139856147766113281e+01
7.842866420745849609e+00
1.265038585662841797e+01
4.486432075500488281e+00
8.286993980407714844e+00
1.148445892333984375e+01
8.142978668212890625e+00
1.077265930175781250e+01
1.164733886718750000e+01
1.370127868652343750e+01
9.262177467346191406e+00
1.373870372772216797e+01
1.405648612976074219e+01
8.472439765930175781e+00
9.203450202941894531e+00
1.240191745758056641e+01
7.458403110504150391e+00
8.966081619262695312e+00
8.119264602661132812e+00
9.880401611328125000e+00
8.275354385375976562e+00
1.080612182617187500e+01
1.179431343078613281e+01
3.714269876480102539e+00
3.489949464797973633e+00
9.210589408874511719e+00
8.511368751525878906e+00
7.962958812713623047e+00
1.174890422821044922e+01
9.948583602905273438e+00
6.840569496154785156e+00
3.320380926132202148e+00
1.231466197967529297e+01
3.822505712509155273e+00
1.419844627380371094e+01
1.306778049468994141e+01
7.648900985717773438e+00
7.588501930236816406e+00
1.184109973907470703e+01
8.889153480529785156e+00
1.236693191528320312e+01
9.801392555236816406e+00
9.855335235595703125e+00
1.175148010253906250e+01
1.011879920959472656e+01
1.025002956390380859e+01
9.827761650085449219e+00
1.184255218505859375e+01
1.049101924896240234e+01
1.045067596435546875e+01
1.143481254577636719e+01
9.213036537170410156e+00
6.915481567382812500e+00
1.080882740020751953e+01
9.237880706787109375e+00
8.613596916198730469e+00
9.576319694519042969e+00
1.125339603424072266e+01
9.355902671813964844e+00
1.052066135406494141e+01
1.044192790985107422e+01
8.488054275512695312e+00
8.854954719543457031e+00
1.120660018920898438e+01
8.141381263732910156e+00
7.589268207550048828e+00
4.373799324035644531e+00
8.657888412475585938e+00
1.005773162841796875e+01
8.049580574035644531e+00
1.055754184722900391e+01
1.373135375976562500e+01
9.925287246704101562e+00
1.064609050750732422e+01
3.917213439941406250e+00
1.005131626129150391e+01
4.981237888336181641e+00
1.202878475189208984e+01
1.147965049743652344e+01
1.111370658874511719e+01
1.244883728027343750e+01
4.437129497528076172e+00
9.245462417602539062e+00
1.135038852691650391e+01
9.591506004333496094e+00
9.883264541625976562e+00
4.808777332305908203e+00
9.327129364013671875e+00
1.136120891571044922e+01
1.236326503753662109e+01
1.068231868743896484e+01
9.549485206604003906e+00
4.475965499877929688e+00
9.868240356445312500e+00
1.117733764648437500e+01
1.078835773468017578e+01
9.824355125427246094e+00
1.385302734375000000e+01
8.518069267272949219e+00
1.169733428955078125e+01
1.059790992736816406e+01
4.217726707458496094e+00
1.089872741699218750e+01
1.039586734771728516e+01
8.472980499267578125e+00
9.492970466613769531e+00
9.984169006347656250e+00
4.237508296966552734e+00
9.157184600830078125e+00
7.550371646881103516e+00
1.085319805145263672e+01
1.310363197326660156e+01
3.672749519348144531e+00
1.251097202301025391e+01
1.218499469757080078e+01
1.032711887359619141e+01
1.194306182861328125e+01
8.147366523742675781e+00
9.171518325805664062e+00
1.251820182800292969e+01
1.182853317260742188e+01
