1.148381042480468750e+01
8.610553741455078125e+00
1.444194126129150391e+01
1.050334548950195312e+01
1.118990898132324219e+01
1.153480148315429688e+01
1.177935600280761719e+01
3.459614753723144531e+00
1.220620250701904297e+01
1.109173297882080078e+01
9.381614685058593750e+00
9.732935905456542969e+00
3.709596633911132812e+00
1.052770233154296875e+01
6.943511486053466797e+00
9.095571517944335938e+00
1.117559528350830078e+01
1.184006881713867188e+01
3.937496900558471680e+00
1.001455879211425781e+01
3.568119049072265625e+00
9.464190483093261719e+00
1.184224128723144531e+01
9.767518043518066406e+00
1.714376449584960938e+01
1.122184848785400391e+01
1.071955108642578125e+01
1.345484447479248047e+01
9.868739128112792969e+00
1.047115325927734375e+01
1.314136028289794922e+01
1.179405498504638672e+01
1.242957401275634766e+01
9.802810668945312500e+00
1.229540538787841797e+01
8.853846549987792969e+00
8.002756118774414062e+00
8.705076217651367188e+00
1.150513935089111328e+01
3.604243516921997070e+00
1.367295074462890625e+01
9.719429016113281250e+00
3.923646450042724609e+00
1.258169078826904297e+01
9.506911277770996094e+00
9.843087196350097656e+00
1.010600280761718750e+01
5.838666439056396484e+00
1.289712524414062500e+01
1.288136672973632812e+01
1.261992263793945312e+01
1.284886360168457031e+01
3.880450963973999023e+00
1.327379989624023438e+01
1.008901882171630859e+01
1.225532817840576172e+01
9.536668777465820312e+00
1.152985763549804688e+01
8.057429313659667969e+00
8.944086074829101562e+00
1.488562107086181641e+01
9.693017005920410156e+00
1.003309535980224609e+01
9.536510467529296875e+00
7.774677753448486328e+00
9.466761589050292969e+00
9.113576889038085938e+00
1.018103885650634766e+01
1.036219501495361328e+01
7.818448066711425781e+00
1.307295036315917969e+01
7.863690853118896484e+00
8.202339172363281250e+00
1.220600605010986328e+01
1.172279548645019531e+01
3.883351087570190430e+00
1.076180458068847656e+01
9.555029869079589844e+00
8.498953819274902344e+00
1.026085281372070312e+01
1.140024948120117188e+01
1.010112094879150391e+01
9.892578125000000000e+00
3.910163640975952148e+00
1.264153385162353516e+01
1.359129714965820312e+01
1.226130390167236328e+01
9.738830566406250000e+00
1.200892734527587891e+01
8.010639190673828125e+00
1.116648197174072266e+01
1.242154407501220703e+01
8.968156814575195312e+00
1.184006500244140625e+01
1.358084774017333984e+01
1.035134887695312500e+01
1.100329780578613281e+01
1.360460186004638672e+01
3.691318988800048828e+00
1.084894466400146484e+01
1.238290214538574219e+01
3.556921005249023438e+00
7.719181537628173828e+00
9.140136718750000000e+00
1.346702384948730469e+01
8.026844978332519531e+00
1.143212795257568359e+01
8.004488945007324219e+00
1.342124176025390625e+01
8.388289451599121094e+00
1.257865047454833984e+01
8.426643371582031250e+00
1.219154739379882812e+01
1.189490032196044922e+01
9.663518905639648438e+00
1.132720470428466797e+01
1.304549980163574219e+01
9.943938255310058594e+00
1.050975704193115234e+01
1.327931118011474609e+01
1.075442790985107422e+01
1.034459781646728516e+01
9.153465270996093750e+00
1.040593433380126953e+01
9.993074417114257812e+00
1.119494342803955078e+01
1.379169082641601562e+01
1.087436389923095703e+01
8.419204711914062500e+00
1.382781410217285156e+01
1.172235012054443359e+01
1.240424346923828125e+01
1.295284938812255859e+01
1.086744213104248047e+01
1.201635074615478516e+01
1.093515968322753906e+01
7.451537609100341797e+00
4.030365467071533203e+00
7.390192031860351562e+00
9.534564971923828125e+00
1.421858215332031250e+01
7.534067153930664062e+00
8.733628273010253906e+00
1.139897918701171875e+01
1.006955242156982422e+01
9.407773971557617188e+00
1.143060302734375000e+01
1.424407291412353516e+01
8.674357414245605469e+00
1.374701690673828125e+01
1.371393585205078125e+01
7.651759624481201172e+00
1.071904754638671875e+01
8.615364074707031250e+00
1.166436862945556641e+01
9.668613433837890625e+00
1.023941326141357422e+01
1.077359962463378906e+01
1.321367263793945312e+01
8.699705123901367188e+00
9.220694541931152344e+00
9.932520866394042969e+00
7.781407833099365234e+00
1.296778964996337891e+01
4.315550327301025391e+00
9.231056213378906250e+00
1.286804580688476562e+01
1.205930519104003906e+01
1.137655448913574219e+01
1.167903995513916016e+01
1.237976551055908203e+01
9.739527702331542969e+00
7.206494331359863281e+00
9.954421043395996094e+00
1.374414920806884766e+01
1.087683677673339844e+01
1.457578468322753906e+01
1.023022079467773438e+01
1.339289951324462891e+01
4.296163558959960938e+00
1.091604328155517578e+01
9.946057319641113281e+00
1.284717655181884766e+01
1.316324806213378906e+01
7.905030250549316406e+00
5.411094188690185547e+00
6.049275398254394531e+00
1.351598834991455078e+01
7.754137992858886719e+00
1.462195968627929688e+01
1.096657180786132812e+01
1.049339103698730469e+01
1.241164970397949219e+01
1.151240825653076172e+01
1.150075912475585938e+01
9.647738456726074219e+00
5.407130718231201172e+00
9.760989189147949219e+00
1.097857761383056641e+01
1.557831382751464844e+01
1.133678436279296875e+01
1.177805995941162109e+01
1.217615699768066406e+01
1.139442634582519531e+01
9.478878021240234375e+00
5.557381629943847656e+00
9.518583297729492188e+00
1.569451904296875000e+01
1.249183464050292969e+01
1.270886516571044922e+01
1.186405086517333984e+01
1.267625999450683594e+01
1.001892852783203125e+01
1.052666187286376953e+01
1.456330871582031250e+01
1.117326736450195312e+01
1.029992675781250000e+01
1.051710891723632812e+01
4.763303279876708984e+00
9.762331008911132812e+00
1.110111236572265625e+01
9.390725135803222656e+00
3.259812116622924805e+00
1.244619655609130859e+01
1.105983829498291016e+01
6.398890018463134766e+00
1.219745349884033203e+01
1.486657524108886719e+01
1.342452621459960938e+01
1.189582061767578125e+01
1.287183189392089844e+01
9.221055030822753906e+00
9.807760238647460938e+00
1.098273086547851562e+01
1.179117679595947266e+01
9.016067504882812500e+00
1.184551715850830078e+01
8.369285583496093750e+00
1.083597183227539062e+01
1.110314273834228516e+01
1.130422019958496094e+01
8.455617904663085938e+00
1.110609531402587891e+01
1.179332923889160156e+01
8.773147583007812500e+00
9.117909431457519531e+00
1.413242721557617188e+01
3.604260921478271484e+00
8.068041801452636719e+00
1.044202327728271484e+01
