8.976572990417480469e+00
8.297131538391113281e+00
1.063816833496093750e+01
1.076867961883544922e+01
1.108711814880371094e+01
9.924839019775390625e+00
1.308008193969726562e+01
1.180584716796875000e+01
1.291056442260742188e+01
9.618439674377441406e+00
9.580493927001953125e+00
4.527868270874023438e+00
1.165147399902343750e+01
1.140883445739746094e+01
1.331674671173095703e+01
1.106902027130126953e+01
8.097142219543457031e+00
1.043123054504394531e+01
1.231649494171142578e+01
1.109957408905029297e+01
1.084978675842285156e+01
1.052307605743408203e+01
9.785185813903808594e+00
8.250685691833496094e+00
9.466988563537597656e+00
1.107557106018066406e+01
3.140400409698486328e+00
1.033132934570312500e+01
1.054883956909179688e+01
4.703724861145019531e+00
1.581265640258789062e+01
8.878965377807617188e+00
7.249825954437255859e+00
9.412741661071777344e+00
5.398973464965820312e+00
9.218692779541015625e+00
1.178919029235839844e+01
5.013175964355468750e+00
9.409435272216796875e+00
8.774914741516113281e+00
1.028342342376708984e+01
1.124382400512695312e+01
6.934619426727294922e+00
1.076984691619873047e+01
8.984685897827148438e+00
1.593477249145507812e+01
1.180427646636962891e+01
1.134640693664550781e+01
1.104302597045898438e+01
1.162582206726074219e+01
6.552817821502685547e+00
9.630650520324707031e+00
9.127827644348144531e+00
7.199889183044433594e+00
1.298259353637695312e+01
1.277608776092529297e+01
5.163590431213378906e+00
1.030370426177978516e+01
1.005049705505371094e+01
1.101422500610351562e+01
9.782294273376464844e+00
7.799005508422851562e+00
1.313055515289306641e+01
9.415802955627441406e+00
1.188118839263916016e+01
1.045973777770996094e+01
8.744950294494628906e+00
1.017823791503906250e+01
9.336802482604980469e+00
1.150199699401855469e+01
4.148819446563720703e+00
7.201507568359375000e+00
7.878578662872314453e+00
7.364358901977539062e+00
1.095002269744873047e+01
1.008595466613769531e+01
1.319426822662353516e+01
1.183067035675048828e+01
4.391687870025634766e+00
1.094519329071044922e+01
1.282019519805908203e+01
9.720457077026367188e+00
9.602793693542480469e+00
9.149230957031250000e+00
1.216870498657226562e+01
9.949138641357421875e+00
9.185084342956542969e+00
9.860567092895507812e+00
8.875122070312500000e+00
8.495649337768554688e+00
1.113070297241210938e+01
1.239128971099853516e+01
3.751775026321411133e+00
8.745031356811523438e+00
1.246380996704101562e+01
1.114308834075927734e+01
1.211262035369873047e+01
9.871226310729980469e+00
1.129826164245605469e+01
1.090380001068115234e+01
1.282286930084228516e+01
7.281068325042724609e+00
9.724589347839355469e+00
1.132448577880859375e+01
1.015041065216064453e+01
8.238367080688476562e+00
1.259551906585693359e+01
1.203432941436767578e+01
1.431571102142333984e+01
1.361279201507568359e+01
8.872543334960937500e+00
1.127734851837158203e+01
7.527332782745361328e+00
1.088919830322265625e+01
7.000038146972656250e+00
1.133588123321533203e+01
1.502391910552978516e+01
1.257441139221191406e+01
9.720963478088378906e+00
9.781949043273925781e+00
8.316395759582519531e+00
8.116335868835449219e+00
1.137704658508300781e+01
9.937493324279785156e+00
1.548159408569335938e+01
1.047378635406494141e+01
1.253141880035400391e+01
9.195084571838378906e+00
9.317017555236816406e+00
1.067032623291015625e+01
1.028477001190185547e+01
1.116616821289062500e+01
9.313737869262695312e+00
4.222916126251220703e+00
1.151958751678466797e+01
1.197767829895019531e+01
1.012265586853027344e+01
1.462781906127929688e+01
1.122153663635253906e+01
9.619505882263183594e+00
3.766756057739257812e+00
1.141572666168212891e+01
3.183628082275390625e+00
8.497408866882324219e+00
1.170304965972900391e+01
9.105237960815429688e+00
1.330570602416992188e+01
4.390713691711425781e+00
1.052965068817138672e+01
9.697147369384765625e+00
1.645478248596191406e+01
1.361080741882324219e+01
8.300104141235351562e+00
8.470396041870117188e+00
1.099047756195068359e+01
9.425091743469238281e+00
1.407317543029785156e+01
9.883687973022460938e+00
1.094121551513671875e+01
8.526511192321777344e+00
9.826458930969238281e+00
1.362135314941406250e+01
1.132628059387207031e+01
3.338911056518554688e+00
1.277849578857421875e+01
1.269489955902099609e+01
1.395873260498046875e+01
1.212132740020751953e+01
1.094219684600830078e+01
9.987094879150390625e+00
9.630980491638183594e+00
7.774250507354736328e+00
1.123827457427978516e+01
1.422568607330322266e+01
1.096207141876220703e+01
9.048302650451660156e+00
8.381906509399414062e+00
1.506381511688232422e+01
6.656167030334472656e+00
4.707032680511474609e+00
9.940176963806152344e+00
1.004547023773193359e+01
1.061528015136718750e+01
1.473938751220703125e+01
9.250717163085937500e+00
3.315857410430908203e+00
1.098972511291503906e+01
1.451714038848876953e+01
1.561549282073974609e+01
4.158010005950927734e+00
1.087560367584228516e+01
1.064949035644531250e+01
1.090634441375732422e+01
9.681285858154296875e+00
9.757990837097167969e+00
1.150807666778564453e+01
1.258313274383544922e+01
9.507334709167480469e+00
1.135670089721679688e+01
1.268334865570068359e+01
8.662822723388671875e+00
4.505962371826171875e+00
9.712071418762207031e+00
1.167531013488769531e+01
1.412527465820312500e+01
1.002129268646240234e+01
1.551821994781494141e+01
8.652978897094726562e+00
8.937670707702636719e+00
1.191795158386230469e+01
1.502427196502685547e+01
1.159532165527343750e+01
1.498140239715576172e+01
6.818492889404296875e+00
1.117352008819580078e+01
6.324112415313720703e+00
9.475613594055175781e+00
1.322841739654541016e+01
3.116470336914062500e+00
1.388174533843994141e+01
9.174596786499023438e+00
1.239498519897460938e+01
9.585176467895507812e+00
1.177931308746337891e+01
1.070858573913574219e+01
6.437534332275390625e+00
1.360117530822753906e+01
1.087421417236328125e+01
1.146912670135498047e+01
4.548458099365234375e+00
8.716214179992675781e+00
8.281331062316894531e+00
1.208121681213378906e+01
1.253152942657470703e+01
1.267405891418457031e+01
1.187617015838623047e+01
1.331560516357421875e+01
1.180585002899169922e+01
1.381606674194335938e+01
6.092896461486816406e+00
1.207918834686279297e+01
1.363162517547607422e+01
1.360645198822021484e+01
1.121180820465087891e+01
1.244470882415771484e+01
1.470625686645507812e+01
1.140818500518798828e+01
8.573490142822265625e+00
1.368001461029052734e+01
1.114618015289306641e+01
