1.112030792236328125e+01
9.906605720520019531e+00
1.273368835449218750e+01
3.614895343780517578e+00
1.315202045440673828e+01
8.843436241149902344e+00
9.451579093933105469e+00
9.384263992309570312e+00
1.195347690582275391e+01
6.579555988311767578e+00
1.123106575012207031e+01
7.452091217041015625e+00
1.010981082916259766e+01
6.900516510009765625e+00
1.310328578948974609e+01
1.057331180572509766e+01
1.301625347137451172e+01
1.284585571289062500e+01
1.445153999328613281e+01
7.810335159301757812e+00
1.301924800872802734e+01
7.752773761749267578e+00
1.196855258941650391e+01
1.130187416076660156e+01
1.021792030334472656e+01
1.119472312927246094e+01
1.122227764129638672e+01
4.401936054229736328e+00
9.934350967407226562e+00
1.164361953735351562e+01
1.044001388549804688e+01
8.183809280395507812e+00
1.055740547180175781e+01
9.912952423095703125e+00
1.103860759735107422e+01
7.703250885009765625e+00
7.447809219360351562e+00
8.053462028503417969e+00
1.166459274291992188e+01
1.121576309204101562e+01
1.082330322265625000e+01
1.141308021545410156e+01
3.406089544296264648e+00
1.001856613159179688e+01
9.075329780578613281e+00
3.767719268798828125e+00
8.574540138244628906e+00
8.836209297180175781e+00
9.432301521301269531e+00
4.452091217041015625e+00
1.066149330139160156e+01
1.032684135437011719e+01
4.240998268127441406e+00
8.839027404785156250e+00
4.270925045013427734e+00
1.594188594818115234e+01
1.019518280029296875e+01
4.609282970428466797e+00
1.334279727935791016e+01
9.061457633972167969e+00
7.521916389465332031e+00
4.946476936340332031e+00
1.077655410766601562e+01
8.353942871093750000e+00
5.145845413208007812e+00
1.266379165649414062e+01
1.106593894958496094e+01
3.858536720275878906e+00
7.600760936737060547e+00
1.202214527130126953e+01
1.106583881378173828e+01
1.209463691711425781e+01
1.205238246917724609e+01
8.544482231140136719e+00
1.307714462280273438e+01
1.261601543426513672e+01
1.140252685546875000e+01
8.851670265197753906e+00
1.076120567321777344e+01
7.278000354766845703e+00
1.318543148040771484e+01
9.657596588134765625e+00
9.628357887268066406e+00
8.464224815368652344e+00
1.051367187500000000e+01
1.052302169799804688e+01
1.185177707672119141e+01
4.656149387359619141e+00
1.289989376068115234e+01
1.331235122680664062e+01
7.782613277435302734e+00
1.178108119964599609e+01
1.028715515136718750e+01
8.499044418334960938e+00
1.344066619873046875e+01
9.018397331237792969e+00
1.274424743652343750e+01
1.263894557952880859e+01
8.256950378417968750e+00
1.005345821380615234e+01
1.034885215759277344e+01
9.881020545959472656e+00
1.184876155853271484e+01
3.672975540161132812e+00
8.744977951049804688e+00
1.332379341125488281e+01
1.097522544860839844e+01
1.178412532806396484e+01
7.855245590209960938e+00
9.178297042846679688e+00
8.222533226013183594e+00
1.004234409332275391e+01
3.623359680175781250e+00
8.878489494323730469e+00
1.111200714111328125e+01
8.594353675842285156e+00
1.273723411560058594e+01
1.331274890899658203e+01
3.497493982315063477e+00
8.739806175231933594e+00
1.279652881622314453e+01
8.547112464904785156e+00
1.384393119812011719e+01
7.792499542236328125e+00
5.385563373565673828e+00
8.110195159912109375e+00
1.073872661590576172e+01
1.087441921234130859e+01
8.533621788024902344e+00
3.539906024932861328e+00
1.022348403930664062e+01
1.287379646301269531e+01
1.269599914550781250e+01
8.020730972290039062e+00
1.028027343750000000e+01
8.853439331054687500e+00
1.033327102661132812e+01
1.387383556365966797e+01
1.021195220947265625e+01
1.277808570861816406e+01
8.214490890502929688e+00
9.054629325866699219e+00
1.082693862915039062e+01
1.088994598388671875e+01
1.219890975952148438e+01
1.249984455108642578e+01
1.273832988739013672e+01
1.366824150085449219e+01
1.237373447418212891e+01
1.481566333770751953e+01
1.140697956085205078e+01
4.340622425079345703e+00
8.264407157897949219e+00
4.796807765960693359e+00
9.137800216674804688e+00
8.304371833801269531e+00
1.266917228698730469e+01
1.584500503540039062e+01
1.085683727264404297e+01
1.180959510803222656e+01
6.895518302917480469e+00
7.617531776428222656e+00
1.311066055297851562e+01
4.489064216613769531e+00
9.653863906860351562e+00
1.000395202636718750e+01
1.063505744934082031e+01
9.168903350830078125e+00
1.103913688659667969e+01
7.815228939056396484e+00
1.103890037536621094e+01
9.649774551391601562e+00
9.487586975097656250e+00
8.235365867614746094e+00
8.889457702636718750e+00
9.153280258178710938e+00
1.115238952636718750e+01
1.272966098785400391e+01
1.372388744354248047e+01
1.087097930908203125e+01
1.284674072265625000e+01
1.097294425964355469e+01
1.228460884094238281e+01
9.816378593444824219e+00
9.638112068176269531e+00
1.491773414611816406e+01
1.337099838256835938e+01
1.444315814971923828e+01
8.127719879150390625e+00
4.234015941619873047e+00
1.196337890625000000e+01
1.118830299377441406e+01
1.453363418579101562e+01
8.445624351501464844e+00
1.177942371368408203e+01
1.046488475799560547e+01
4.926120758056640625e+00
1.146810913085937500e+01
9.863362312316894531e+00
8.949328422546386719e+00
7.381517410278320312e+00
9.724992752075195312e+00
4.641063213348388672e+00
1.144176101684570312e+01
1.002038669586181641e+01
1.165383243560791016e+01
8.615774154663085938e+00
1.252270793914794922e+01
1.121790218353271484e+01
1.170150661468505859e+01
1.536950969696044922e+01
8.205517768859863281e+00
1.094871902465820312e+01
1.095437049865722656e+01
1.111763763427734375e+01
8.818655014038085938e+00
9.323461532592773438e+00
1.187117385864257812e+01
1.261328887939453125e+01
8.646243095397949219e+00
8.910364151000976562e+00
1.219848060607910156e+01
1.061273574829101562e+01
1.206345939636230469e+01
1.082658672332763672e+01
9.046123504638671875e+00
1.151495075225830078e+01
3.638454914093017578e+00
9.564193725585937500e+00
8.386012077331542969e+00
4.146120071411132812e+00
9.883766174316406250e+00
9.505843162536621094e+00
1.034906673431396484e+01
1.245582008361816406e+01
3.774342060089111328e+00
1.114316082000732422e+01
1.040621471405029297e+01
1.099987125396728516e+01
1.058426094055175781e+01
1.218263435363769531e+01
9.076035499572753906e+00
8.464238166809082031e+00
9.873456954956054688e+00
5.367559909820556641e+00
1.079423427581787109e+01
1.152972126007080078e+01
8.573704719543457031e+00
8.200997352600097656e+00
1.270353412628173828e+01
