1.032258510589599609e+01
8.353725433349609375e+00
1.529475879669189453e+01
1.132713603973388672e+01
1.080425357818603516e+01
1.231136131286621094e+01
1.165165996551513672e+01
9.609251976013183594e+00
9.307602882385253906e+00
1.158510589599609375e+01
3.583223581314086914e+00
1.074245834350585938e+01
1.158469390869140625e+01
1.209530639648437500e+01
1.215207099914550781e+01
1.155290889739990234e+01
1.000582027435302734e+01
9.296754837036132812e+00
9.927680015563964844e+00
1.040361022949218750e+01
1.019774055480957031e+01
1.351359653472900391e+01
9.675924301147460938e+00
1.169772624969482422e+01
1.021547222137451172e+01
9.490535736083984375e+00
8.299496650695800781e+00
1.029510307312011719e+01
4.620173931121826172e+00
8.866554260253906250e+00
1.120749187469482422e+01
4.784731388092041016e+00
1.312765121459960938e+01
8.377785682678222656e+00
1.257411193847656250e+01
1.133896255493164062e+01
9.930009841918945312e+00
1.162001991271972656e+01
1.260327529907226562e+01
1.057289505004882812e+01
9.888183593750000000e+00
1.051315402984619141e+01
1.035992336273193359e+01
1.211998176574707031e+01
1.084077358245849609e+01
1.060575199127197266e+01
9.057856559753417969e+00
9.874703407287597656e+00
6.833763122558593750e+00
1.115725994110107422e+01
9.353821754455566406e+00
7.603099346160888672e+00
8.296764373779296875e+00
9.762116432189941406e+00
8.260234832763671875e+00
8.985463142395019531e+00
4.293564319610595703e+00
9.149045944213867188e+00
1.032524585723876953e+01
1.031226444244384766e+01
1.134130668640136719e+01
4.230941772460937500e+00
1.211866474151611328e+01
1.001109123229980469e+01
9.326914787292480469e+00
4.558172225952148438e+00
1.178899192810058594e+01
8.832514762878417969e+00
1.042005825042724609e+01
9.837367057800292969e+00
8.116154670715332031e+00
1.292066383361816406e+01
9.431443214416503906e+00
4.982109069824218750e+00
1.221636295318603516e+01
1.130630683898925781e+01
1.545043849945068359e+01
8.568094253540039062e+00
7.015899658203125000e+00
9.007374763488769531e+00
1.362572383880615234e+01
1.357336139678955078e+01
9.124387741088867188e+00
1.317170619964599609e+01
1.141015243530273438e+01
9.658707618713378906e+00
4.419738292694091797e+00
8.877412796020507812e+00
1.228437805175781250e+01
5.109712123870849609e+00
1.003891563415527344e+01
1.276611995697021484e+01
1.123300743103027344e+01
1.424366188049316406e+01
1.217538928985595703e+01
8.375497817993164062e+00
7.628885269165039062e+00
8.531996726989746094e+00
1.458605861663818359e+01
8.504673004150390625e+00
8.825997352600097656e+00
7.303291797637939453e+00
1.097213459014892578e+01
1.207155132293701172e+01
1.166370201110839844e+01
1.171265697479248047e+01
1.299814033508300781e+01
1.000773334503173828e+01
9.319307327270507812e+00
1.195433616638183594e+01
7.378375053405761719e+00
8.960422515869140625e+00
1.057752609252929688e+01
1.100312232971191406e+01
1.215996837615966797e+01
1.216531848907470703e+01
1.029368972778320312e+01
1.115905380249023438e+01
9.762570381164550781e+00
1.095369815826416016e+01
9.571099281311035156e+00
1.078181838989257812e+01
1.487603473663330078e+01
5.600109577178955078e+00
9.038302421569824219e+00
9.575593948364257812e+00
1.052532386779785156e+01
9.043290138244628906e+00
1.031809329986572266e+01
1.245160198211669922e+01
9.934648513793945312e+00
8.961956977844238281e+00
1.023780059814453125e+01
1.253891277313232422e+01
1.270006847381591797e+01
1.142773628234863281e+01
1.474635410308837891e+01
9.864356994628906250e+00
9.671351432800292969e+00
1.240818977355957031e+01
1.205908012390136719e+01
5.149764537811279297e+00
1.299349880218505859e+01
1.048236083984375000e+01
8.240745544433593750e+00
7.122941970825195312e+00
9.354725837707519531e+00
1.058708763122558594e+01
1.203693103790283203e+01
7.488647460937500000e+00
1.043149375915527344e+01
9.533680915832519531e+00
8.978723526000976562e+00
3.937770366668701172e+00
1.195921802520751953e+01
1.183731842041015625e+01
8.472153663635253906e+00
9.483611106872558594e+00
8.704228401184082031e+00
1.243016719818115234e+01
9.101969718933105469e+00
8.409115791320800781e+00
1.128257083892822266e+01
6.862664222717285156e+00
9.971323966979980469e+00
1.133321094512939453e+01
4.211866855621337891e+00
1.235902881622314453e+01
1.296403694152832031e+01
5.221909999847412109e+00
1.133724403381347656e+01
1.204559707641601562e+01
1.032726192474365234e+01
1.067528438568115234e+01
1.183547687530517578e+01
1.059431648254394531e+01
1.272219848632812500e+01
1.171284866333007812e+01
1.242953681945800781e+01
9.980450630187988281e+00
1.091157817840576172e+01
7.445037841796875000e+00
1.222914886474609375e+01
1.189350986480712891e+01
1.058687591552734375e+01
9.966803550720214844e+00
8.936380386352539062e+00
3.205224514007568359e+00
1.041370487213134766e+01
1.107715034484863281e+01
1.264364337921142578e+01
1.035940647125244141e+01
1.337884044647216797e+01
8.634197235107421875e+00
1.043008136749267578e+01
1.165193080902099609e+01
1.312265682220458984e+01
7.856506347656250000e+00
1.153219985961914062e+01
7.626134872436523438e+00
1.032143974304199219e+01
1.088675403594970703e+01
1.373536491394042969e+01
7.854129314422607422e+00
1.413654422760009766e+01
1.014747142791748047e+01
8.398681640625000000e+00
8.613596916198730469e+00
1.372704315185546875e+01
6.641090393066406250e+00
1.114087772369384766e+01
1.140653705596923828e+01
9.815516471862792969e+00
3.312850713729858398e+00
1.108966636657714844e+01
7.614919185638427734e+00
1.076798248291015625e+01
1.006089305877685547e+01
1.144180679321289062e+01
1.132182312011718750e+01
3.639672040939331055e+00
8.394858360290527344e+00
1.119037628173828125e+01
8.477539062500000000e+00
8.640503883361816406e+00
1.024300289154052734e+01
9.974627494812011719e+00
1.343701076507568359e+01
1.564995765686035156e+01
1.048273658752441406e+01
8.370755195617675781e+00
8.716496467590332031e+00
9.988329887390136719e+00
1.074878120422363281e+01
4.572407722473144531e+00
3.561898469924926758e+00
1.073602867126464844e+01
3.395498752593994141e+00
9.856655120849609375e+00
3.648382663726806641e+00
9.264806747436523438e+00
8.066955566406250000e+00
3.902983427047729492e+00
1.247583580017089844e+01
1.153548049926757812e+01
9.380332946777343750e+00
9.999108314514160156e+00
1.257346153259277344e+01
1.046296310424804688e+01
7.514764785766601562e+00
