8.817503929138183594e+00
1.130723476409912109e+01
1.156944847106933594e+01
1.282822036743164062e+01
1.206480979919433594e+01
1.136016368865966797e+01
5.212282657623291016e+00
1.057346820831298828e+01
8.468249320983886719e+00
1.027827262878417969e+01
8.831058502197265625e+00
1.292485237121582031e+01
4.524450302124023438e+00
1.181113815307617188e+01
1.135612964630126953e+01
9.603197097778320312e+00
1.065999794006347656e+01
1.111919879913330078e+01
1.212426185607910156e+01
9.098779678344726562e+00
9.343161582946777344e+00
1.302673053741455078e+01
9.132621765136718750e+00
1.253399658203125000e+01
1.054818248748779297e+01
1.258515357971191406e+01
4.396986484527587891e+00
1.438236618041992188e+01
1.397448062896728516e+01
4.297488212585449219e+00
1.058597755432128906e+01
8.604243278503417969e+00
8.614164352416992188e+00
9.142339706420898438e+00
1.416054916381835938e+01
8.412392616271972656e+00
1.653907775878906250e+01
1.032380294799804688e+01
8.147112846374511719e+00
1.006191444396972656e+01
9.823200225830078125e+00
1.277907085418701172e+01
9.738681793212890625e+00
1.222468376159667969e+01
9.281523704528808594e+00
1.381231689453125000e+01
4.398629665374755859e+00
1.261185264587402344e+01
1.003203487396240234e+01
1.164306068420410156e+01
1.245250415802001953e+01
1.308237552642822266e+01
1.107634830474853516e+01
7.714505672454833984e+00
1.005200481414794922e+01
8.934000968933105469e+00
1.353455543518066406e+01
1.007801342010498047e+01
1.167542171478271484e+01
9.542512893676757812e+00
1.117772483825683594e+01
1.243090534210205078e+01
1.185989952087402344e+01
1.280804347991943359e+01
8.277334213256835938e+00
9.027668952941894531e+00
8.729000091552734375e+00
1.363925647735595703e+01
1.313938999176025391e+01
1.128480911254882812e+01
1.445158576965332031e+01
9.963843345642089844e+00
9.533664703369140625e+00
1.261415195465087891e+01
7.542003631591796875e+00
1.216209316253662109e+01
1.031393432617187500e+01
4.674108505249023438e+00
8.685444831848144531e+00
1.339335060119628906e+01
1.332977581024169922e+01
9.514352798461914062e+00
1.070692443847656250e+01
1.329148292541503906e+01
6.918255805969238281e+00
5.304727077484130859e+00
1.098914241790771484e+01
8.551825523376464844e+00
1.194707012176513672e+01
4.298647403717041016e+00
9.789651870727539062e+00
1.136981105804443359e+01
1.100592613220214844e+01
4.557760238647460938e+00
1.093168163299560547e+01
8.004458427429199219e+00
1.013182353973388672e+01
1.296323013305664062e+01
1.149753379821777344e+01
1.202809715270996094e+01
7.748527526855468750e+00
1.030302619934082031e+01
9.598479270935058594e+00
5.533270835876464844e+00
1.581840705871582031e+01
1.273486232757568359e+01
7.865493774414062500e+00
5.157290935516357422e+00
1.137465095520019531e+01
1.041928863525390625e+01
1.066538906097412109e+01
1.358309650421142578e+01
9.082898139953613281e+00
3.529394388198852539e+00
1.323007965087890625e+01
1.131203937530517578e+01
1.085208797454833984e+01
1.391677379608154297e+01
1.076925277709960938e+01
8.050039291381835938e+00
8.093102455139160156e+00
9.542710304260253906e+00
1.502634239196777344e+01
8.165587425231933594e+00
9.549708366394042969e+00
1.310430526733398438e+01
1.374550724029541016e+01
5.456654071807861328e+00
1.143120574951171875e+01
1.160236549377441406e+01
9.246812820434570312e+00
1.268017196655273438e+01
1.303905582427978516e+01
8.158841133117675781e+00
1.387801933288574219e+01
1.114883136749267578e+01
1.070499229431152344e+01
1.000316143035888672e+01
9.858549118041992188e+00
1.501774978637695312e+01
1.244780254364013672e+01
3.762066125869750977e+00
4.031586170196533203e+00
1.218845558166503906e+01
1.060135173797607422e+01
1.172827529907226562e+01
1.018028640747070312e+01
8.409537315368652344e+00
1.470273876190185547e+01
1.006808662414550781e+01
8.085369110107421875e+00
8.371871948242187500e+00
1.090852642059326172e+01
8.431956291198730469e+00
1.026105690002441406e+01
9.642565727233886719e+00
1.102486228942871094e+01
1.207325839996337891e+01
3.856104612350463867e+00
2.938885450363159180e+00
5.975055217742919922e+00
1.011858367919921875e+01
1.025710582733154297e+01
1.383580112457275391e+01
1.134353828430175781e+01
3.570307731628417969e+00
1.080065155029296875e+01
1.014633464813232422e+01
1.002726268768310547e+01
9.683453559875488281e+00
9.376309394836425781e+00
8.608764648437500000e+00
9.968377113342285156e+00
3.927971124649047852e+00
1.066611671447753906e+01
1.145415782928466797e+01
8.006810188293457031e+00
8.873098373413085938e+00
4.101795673370361328e+00
1.092458438873291016e+01
1.083783149719238281e+01
3.463595390319824219e+00
1.181924057006835938e+01
1.173380947113037109e+01
1.083467769622802734e+01
2.884910106658935547e+00
8.767985343933105469e+00
1.110648059844970703e+01
1.366761302947998047e+01
9.018902778625488281e+00
8.039016723632812500e+00
1.248106193542480469e+01
1.141502857208251953e+01
8.762805938720703125e+00
1.038474369049072266e+01
9.828778266906738281e+00
5.829762458801269531e+00
1.257306957244873047e+01
9.570060729980468750e+00
4.028556346893310547e+00
1.228733062744140625e+01
8.326298713684082031e+00
1.177863788604736328e+01
1.314848709106445312e+01
4.791964054107666016e+00
9.712502479553222656e+00
9.704459190368652344e+00
1.156421089172363281e+01
1.096700286865234375e+01
8.254383087158203125e+00
5.360278129577636719e+00
1.308055114746093750e+01
1.247375011444091797e+01
3.059105157852172852e+00
1.326548099517822266e+01
1.033206176757812500e+01
1.130057621002197266e+01
1.363059997558593750e+01
9.813015937805175781e+00
1.227767848968505859e+01
8.903319358825683594e+00
1.206954097747802734e+01
1.049459838867187500e+01
1.061109256744384766e+01
1.280743026733398438e+01
3.742779493331909180e+00
1.243415927886962891e+01
1.273465633392333984e+01
1.132787132263183594e+01
9.971413612365722656e+00
9.385739326477050781e+00
1.099737930297851562e+01
1.218846511840820312e+01
1.243022537231445312e+01
8.989142417907714844e+00
1.123141098022460938e+01
4.126153945922851562e+00
1.299272155761718750e+01
1.138556671142578125e+01
1.030328845977783203e+01
7.906322002410888672e+00
1.262445259094238281e+01
1.255827999114990234e+01
1.253685951232910156e+01
1.087238788604736328e+01
1.049765682220458984e+01
1.274336719512939453e+01
1.381770706176757812e+01
1.239093112945556641e+01
9.588273048400878906e+00
