1.320727062225341797e+01
6.980127811431884766e+00
9.030309677124023438e+00
1.479613685607910156e+01
1.047032451629638672e+01
1.106426811218261719e+01
9.968994140625000000e+00
6.977730751037597656e+00
1.318651390075683594e+01
1.281940460205078125e+01
9.312288284301757812e+00
2.921408176422119141e+00
4.811852455139160156e+00
3.870999574661254883e+00
1.186544609069824219e+01
8.307878494262695312e+00
1.328783607482910156e+01
5.126479148864746094e+00
1.103814506530761719e+01
9.637393951416015625e+00
1.210628795623779297e+01
1.232641315460205078e+01
8.823787689208984375e+00
7.061376571655273438e+00
8.674417495727539062e+00
8.982343673706054688e+00
1.026862907409667969e+01
9.954913139343261719e+00
1.147202491760253906e+01
8.594475746154785156e+00
8.594557762145996094e+00
1.089900207519531250e+01
1.034767532348632812e+01
1.050341129302978516e+01
9.409284591674804688e+00
9.933100700378417969e+00
1.254338550567626953e+01
1.356004238128662109e+01
9.246060371398925781e+00
3.186901330947875977e+00
1.196179771423339844e+01
6.965275764465332031e+00
1.193064117431640625e+01
5.992629051208496094e+00
1.275418376922607422e+01
4.259061813354492188e+00
1.422639656066894531e+01
1.050496006011962891e+01
9.538719177246093750e+00
8.983933448791503906e+00
1.031422042846679688e+01
8.866721153259277344e+00
1.023655891418457031e+01
1.077672767639160156e+01
1.044231796264648438e+01
9.838452339172363281e+00
1.250571918487548828e+01
1.092872810363769531e+01
1.174679470062255859e+01
8.722213745117187500e+00
1.066622829437255859e+01
6.865030765533447266e+00
1.437693977355957031e+01
7.580488681793212891e+00
1.181233501434326172e+01
9.701747894287109375e+00
8.726004600524902344e+00
1.216179561614990234e+01
8.636963844299316406e+00
5.176714420318603516e+00
7.572328567504882812e+00
9.871108055114746094e+00
4.636554718017578125e+00
1.074803543090820312e+01
1.199367523193359375e+01
9.751218795776367188e+00
9.260831832885742188e+00
9.225816726684570312e+00
1.138823318481445312e+01
1.018736362457275391e+01
9.956132888793945312e+00
1.044107437133789062e+01
9.902187347412109375e+00
1.057065486907958984e+01
1.263196849822998047e+01
4.143946170806884766e+00
8.293928146362304688e+00
1.157221889495849609e+01
1.115491104125976562e+01
9.885194778442382812e+00
1.329785537719726562e+01
1.006884479522705078e+01
1.085968017578125000e+01
1.121673583984375000e+01
8.163263320922851562e+00
8.667050361633300781e+00
1.247756385803222656e+01
7.180202484130859375e+00
1.277557277679443359e+01
9.150111198425292969e+00
1.124936962127685547e+01
1.024910736083984375e+01
8.492871284484863281e+00
4.374656677246093750e+00
9.240017890930175781e+00
1.322238922119140625e+01
3.709165334701538086e+00
1.057262134552001953e+01
8.023153305053710938e+00
9.951013565063476562e+00
3.197759628295898438e+00
1.150279712677001953e+01
9.912128448486328125e+00
8.487434387207031250e+00
8.218639373779296875e+00
7.521359920501708984e+00
1.155026435852050781e+01
1.157946777343750000e+01
1.505652523040771484e+01
1.055958652496337891e+01
8.180583953857421875e+00
3.653942346572875977e+00
7.407837867736816406e+00
8.373414993286132812e+00
1.377067279815673828e+01
1.012100028991699219e+01
9.264963150024414062e+00
9.169258117675781250e+00
9.179902076721191406e+00
9.822066307067871094e+00
6.053606033325195312e+00
9.931025505065917969e+00
7.774361610412597656e+00
6.167110443115234375e+00
1.182611751556396484e+01
1.312987804412841797e+01
3.840134859085083008e+00
1.093538761138916016e+01
1.128599452972412109e+01
1.082745647430419922e+01
1.162180614471435547e+01
1.088375091552734375e+01
1.148525428771972656e+01
8.131737709045410156e+00
1.144509696960449219e+01
9.287898063659667969e+00
1.177815437316894531e+01
1.428955936431884766e+01
1.187042617797851562e+01
8.648363113403320312e+00
8.978720664978027344e+00
9.876755714416503906e+00
1.532801532745361328e+01
1.058187770843505859e+01
1.351283740997314453e+01
9.754334449768066406e+00
9.913222312927246094e+00
7.812945842742919922e+00
1.491342544555664062e+01
8.994693756103515625e+00
8.479312896728515625e+00
4.720663070678710938e+00
8.456746101379394531e+00
1.164062213897705078e+01
9.319865226745605469e+00
1.148341941833496094e+01
9.670413970947265625e+00
9.014832496643066406e+00
1.380556297302246094e+01
1.138959121704101562e+01
1.064178180694580078e+01
1.128059959411621094e+01
1.259614944458007812e+01
3.906307458877563477e+00
1.135669708251953125e+01
4.481212139129638672e+00
1.061295604705810547e+01
1.002517700195312500e+01
1.143462181091308594e+01
1.294936561584472656e+01
1.310401630401611328e+01
4.956192493438720703e+00
1.122710037231445312e+01
1.166601753234863281e+01
1.055678939819335938e+01
9.483367919921875000e+00
1.151396369934082031e+01
9.634203910827636719e+00
8.361454010009765625e+00
8.981614112854003906e+00
1.063848686218261719e+01
1.077408981323242188e+01
1.460323238372802734e+01
1.234103965759277344e+01
8.754178047180175781e+00
1.331596088409423828e+01
1.075346469879150391e+01
1.336151981353759766e+01
8.629208564758300781e+00
4.792111873626708984e+00
7.478722572326660156e+00
8.866308212280273438e+00
1.365663719177246094e+01
1.180545711517333984e+01
9.367395401000976562e+00
1.249170970916748047e+01
7.980572223663330078e+00
1.048114967346191406e+01
1.370627212524414062e+01
1.104757595062255859e+01
1.036200141906738281e+01
1.155674552917480469e+01
1.157408714294433594e+01
9.861369132995605469e+00
6.819828033447265625e+00
1.030642890930175781e+01
9.089333534240722656e+00
8.336049079895019531e+00
1.273388862609863281e+01
1.071568679809570312e+01
1.152786159515380859e+01
6.692085266113281250e+00
1.043112182617187500e+01
7.777679443359375000e+00
7.173054218292236328e+00
8.426774978637695312e+00
1.169982433319091797e+01
4.032295703887939453e+00
1.149345111846923828e+01
8.176458358764648438e+00
1.045114803314208984e+01
1.173089790344238281e+01
1.067567062377929688e+01
9.065846443176269531e+00
1.028853702545166016e+01
8.100845336914062500e+00
9.249210357666015625e+00
8.664931297302246094e+00
8.775177001953125000e+00
8.960601806640625000e+00
3.712174415588378906e+00
1.055552196502685547e+01
1.202271556854248047e+01
8.466712951660156250e+00
1.102830410003662109e+01
9.132821083068847656e+00
1.013573455810546875e+01
9.313591957092285156e+00
1.295663452148437500e+01
1.367988204956054688e+01
