1.011045646667480469e+01
9.138995170593261719e+00
1.310535430908203125e+01
1.181561851501464844e+01
9.244859695434570312e+00
1.412172317504882812e+01
1.089946937561035156e+01
1.152309322357177734e+01
1.226972770690917969e+01
8.594633102416992188e+00
1.194310855865478516e+01
1.039053726196289062e+01
1.222949409484863281e+01
1.021513175964355469e+01
1.336420345306396484e+01
1.112695217132568359e+01
1.223337554931640625e+01
1.364606952667236328e+01
1.461742305755615234e+01
8.124036788940429688e+00
1.003160572052001953e+01
4.252947807312011719e+00
7.768574714660644531e+00
9.448855400085449219e+00
6.020321846008300781e+00
1.088533306121826172e+01
9.699437141418457031e+00
1.163058757781982422e+01
1.139747905731201172e+01
7.912376880645751953e+00
9.356109619140625000e+00
7.374284267425537109e+00
1.202038764953613281e+01
1.134322929382324219e+01
1.459789085388183594e+01
1.230745792388916016e+01
9.666609764099121094e+00
9.277917861938476562e+00
8.859208106994628906e+00
8.922250747680664062e+00
1.051415824890136719e+01
7.057437896728515625e+00
1.153474330902099609e+01
3.918202638626098633e+00
7.784459114074707031e+00
1.256621551513671875e+01
9.326493263244628906e+00
1.419989967346191406e+01
4.293349266052246094e+00
1.071955490112304688e+01
1.202752113342285156e+01
8.011848449707031250e+00
1.102662754058837891e+01
1.444440841674804688e+01
9.838827133178710938e+00
9.790777206420898438e+00
7.143441200256347656e+00
3.757206439971923828e+00
9.451882362365722656e+00
3.416044235229492188e+00
9.233355522155761719e+00
3.215514183044433594e+00
1.021991157531738281e+01
1.202240467071533203e+01
9.614295005798339844e+00
1.569108009338378906e+01
1.138190841674804688e+01
9.140577316284179688e+00
1.064735507965087891e+01
9.070219993591308594e+00
9.476927757263183594e+00
1.111967086791992188e+01
1.180116748809814453e+01
1.361103248596191406e+01
4.998737335205078125e+00
1.037687683105468750e+01
1.265055465698242188e+01
8.780545234680175781e+00
1.047346401214599609e+01
1.102248764038085938e+01
9.852378845214843750e+00
1.182588005065917969e+01
1.285108947753906250e+01
9.031558990478515625e+00
1.117984390258789062e+01
7.900605201721191406e+00
1.253880405426025391e+01
1.121410655975341797e+01
8.141021728515625000e+00
1.037298488616943359e+01
1.403016757965087891e+01
6.735944747924804688e+00
3.756977558135986328e+00
1.215604019165039062e+01
1.149149513244628906e+01
3.198548316955566406e+00
8.497227668762207031e+00
5.086430072784423828e+00
1.241523075103759766e+01
8.195857048034667969e+00
6.407531261444091797e+00
9.596311569213867188e+00
9.037115097045898438e+00
8.659441947937011719e+00
1.049167919158935547e+01
8.006452560424804688e+00
1.198768520355224609e+01
1.004113292694091797e+01
8.630958557128906250e+00
1.280727958679199219e+01
1.032297229766845703e+01
1.296337509155273438e+01
1.055422306060791016e+01
6.571192264556884766e+00
1.158098411560058594e+01
8.586373329162597656e+00
1.057812786102294922e+01
9.371731758117675781e+00
1.000389289855957031e+01
1.110018730163574219e+01
1.411681556701660156e+01
1.313603782653808594e+01
9.314559936523437500e+00
1.021488189697265625e+01
1.142733287811279297e+01
1.436088180541992188e+01
1.198851680755615234e+01
1.314633750915527344e+01
4.101180553436279297e+00
1.335112953186035156e+01
1.140108203887939453e+01
1.104084205627441406e+01
1.139057636260986328e+01
3.538741350173950195e+00
9.088778495788574219e+00
4.493358135223388672e+00
1.102388095855712891e+01
9.237211227416992188e+00
9.985949516296386719e+00
9.246506690979003906e+00
1.177095603942871094e+01
1.338826847076416016e+01
1.055241584777832031e+01
1.167473793029785156e+01
1.119025230407714844e+01
1.323565578460693359e+01
9.794251441955566406e+00
1.164650917053222656e+01
1.085637855529785156e+01
1.515141773223876953e+01
9.908151626586914062e+00
1.440072727203369141e+01
1.044097423553466797e+01
1.279776191711425781e+01
1.131657981872558594e+01
1.269447803497314453e+01
1.484494590759277344e+01
1.099853706359863281e+01
8.549217224121093750e+00
5.752405643463134766e+00
7.614652156829833984e+00
1.174830818176269531e+01
9.604036331176757812e+00
1.246287822723388672e+01
7.728570938110351562e+00
1.044806003570556641e+01
9.671917915344238281e+00
1.014334487915039062e+01
3.374244928359985352e+00
9.002233505249023438e+00
1.028913497924804688e+01
8.684357643127441406e+00
1.407411193847656250e+01
1.169734764099121094e+01
1.119657135009765625e+01
8.011403083801269531e+00
1.000803375244140625e+01
1.092441463470458984e+01
1.284773921966552734e+01
7.695644855499267578e+00
3.940269231796264648e+00
1.369741821289062500e+01
7.288959026336669922e+00
1.191478919982910156e+01
1.517470264434814453e+01
1.319185352325439453e+01
1.108421516418457031e+01
9.782168388366699219e+00
1.265590286254882812e+01
1.021691131591796875e+01
1.124653434753417969e+01
1.031696891784667969e+01
1.032355880737304688e+01
1.055231666564941406e+01
1.103211402893066406e+01
9.322482109069824219e+00
1.272283172607421875e+01
1.080451297760009766e+01
9.785749435424804688e+00
6.840124130249023438e+00
1.364101696014404297e+01
1.329293918609619141e+01
3.987284660339355469e+00
1.163972949981689453e+01
1.166667366027832031e+01
1.312288761138916016e+01
1.308834362030029297e+01
1.266287517547607422e+01
9.934964179992675781e+00
1.248655605316162109e+01
1.095853233337402344e+01
9.455525398254394531e+00
1.233853816986083984e+01
1.182844448089599609e+01
1.219895839691162109e+01
1.106490802764892578e+01
9.307511329650878906e+00
1.512798213958740234e+01
9.175187110900878906e+00
1.107083988189697266e+01
8.429260253906250000e+00
5.955797672271728516e+00
1.393095874786376953e+01
1.176624107360839844e+01
9.630647659301757812e+00
9.062197685241699219e+00
1.036559009552001953e+01
1.029910945892333984e+01
1.136615085601806641e+01
9.048826217651367188e+00
1.163434696197509766e+01
1.203105068206787109e+01
9.226793289184570312e+00
1.183189201354980469e+01
1.212334156036376953e+01
1.352508258819580078e+01
1.507496356964111328e+01
6.373783588409423828e+00
1.053512382507324219e+01
1.221419048309326172e+01
9.842034339904785156e+00
1.056875228881835938e+01
1.261120605468750000e+01
9.461183547973632812e+00
8.698569297790527344e+00
1.258430767059326172e+01
1.073167896270751953e+01
1.061659240722656250e+01
1.095794391632080078e+01
1.045107173919677734e+01
