9.010109901428222656e+00
1.390803432464599609e+01
1.089352512359619141e+01
9.380517005920410156e+00
1.003304290771484375e+01
1.575943088531494141e+01
9.539189338684082031e+00
5.984134197235107422e+00
1.224035644531250000e+01
1.290337944030761719e+01
1.016805553436279297e+01
1.229232597351074219e+01
8.609289169311523438e+00
1.120868015289306641e+01
1.070000839233398438e+01
1.217438030242919922e+01
1.209812831878662109e+01
1.354142856597900391e+01
1.382968902587890625e+01
9.169643402099609375e+00
1.128780841827392578e+01
1.325216674804687500e+01
9.521875381469726562e+00
1.430018997192382812e+01
1.094246006011962891e+01
4.873624324798583984e+00
8.376738548278808594e+00
1.381699848175048828e+01
1.195526981353759766e+01
1.127777481079101562e+01
1.004938793182373047e+01
1.333712959289550781e+01
1.203210926055908203e+01
1.293103122711181641e+01
9.151691436767578125e+00
1.048472023010253906e+01
1.153884410858154297e+01
1.367505168914794922e+01
1.151169204711914062e+01
1.099681758880615234e+01
4.702168464660644531e+00
8.780191421508789062e+00
1.156410503387451172e+01
1.303688907623291016e+01
1.016362285614013672e+01
7.850239753723144531e+00
1.165215110778808594e+01
9.162862777709960938e+00
8.871752738952636719e+00
9.938573837280273438e+00
9.003560066223144531e+00
9.536819458007812500e+00
1.416365909576416016e+01
1.030924606323242188e+01
1.175384998321533203e+01
8.983761787414550781e+00
9.610960960388183594e+00
1.370856761932373047e+01
1.211337947845458984e+01
1.385236167907714844e+01
9.248066902160644531e+00
9.561727523803710938e+00
4.463027954101562500e+00
5.295389652252197266e+00
1.142025661468505859e+01
1.187330532073974609e+01
1.114892005920410156e+01
1.292628479003906250e+01
1.018686199188232422e+01
1.377300167083740234e+01
5.431099414825439453e+00
9.734784126281738281e+00
1.275909519195556641e+01
9.689230918884277344e+00
1.374831104278564453e+01
1.231022834777832031e+01
1.017428493499755859e+01
1.096403312683105469e+01
8.957964897155761719e+00
4.046831130981445312e+00
8.903871536254882812e+00
1.402257823944091797e+01
7.018876552581787109e+00
1.292727851867675781e+01
4.981978893280029297e+00
8.764771461486816406e+00
1.161063098907470703e+01
1.102675628662109375e+01
1.179732990264892578e+01
1.158111667633056641e+01
4.186347484588623047e+00
1.238927555084228516e+01
1.288812255859375000e+01
1.002335453033447266e+01
9.750941276550292969e+00
1.052164459228515625e+01
9.977251052856445312e+00
9.121201515197753906e+00
1.196704006195068359e+01
3.890496730804443359e+00
1.170633983612060547e+01
1.346744346618652344e+01
1.085996723175048828e+01
8.906085968017578125e+00
1.106472682952880859e+01
1.201245594024658203e+01
5.879015922546386719e+00
9.727640151977539062e+00
1.545620727539062500e+01
4.422653198242187500e+00
1.020251083374023438e+01
1.221406459808349609e+01
1.300528621673583984e+01
1.123099803924560547e+01
1.113266372680664062e+01
3.594108343124389648e+00
3.972515821456909180e+00
1.192973232269287109e+01
4.051487445831298828e+00
9.688446044921875000e+00
1.016764354705810547e+01
1.073338127136230469e+01
3.629686832427978516e+00
1.047309398651123047e+01
1.283132171630859375e+01
1.470601558685302734e+01
1.024674320220947266e+01
1.294657516479492188e+01
5.769255638122558594e+00
1.030247306823730469e+01
9.407469749450683594e+00
1.017616176605224609e+01
1.121849727630615234e+01
1.030803108215332031e+01
1.127978897094726562e+01
1.156663036346435547e+01
9.751760482788085938e+00
1.135854721069335938e+01
1.121020889282226562e+01
1.206951808929443359e+01
1.301984500885009766e+01
1.067349052429199219e+01
1.027546215057373047e+01
4.321347713470458984e+00
1.081512641906738281e+01
1.269279956817626953e+01
1.062812805175781250e+01
1.128895282745361328e+01
1.069470119476318359e+01
1.112909126281738281e+01
1.333880233764648438e+01
1.176141166687011719e+01
1.347285938262939453e+01
4.604389190673828125e+00
7.923346996307373047e+00
8.884006500244140625e+00
8.945668220520019531e+00
8.981946945190429688e+00
1.506344509124755859e+01
1.055625438690185547e+01
1.071656703948974609e+01
1.329726028442382812e+01
1.205895996093750000e+01
1.117624855041503906e+01
1.304539394378662109e+01
1.080752754211425781e+01
1.004788303375244141e+01
1.008881759643554688e+01
1.146428489685058594e+01
8.887548446655273438e+00
1.108317184448242188e+01
1.187108516693115234e+01
1.184952640533447266e+01
9.428394317626953125e+00
4.561146736145019531e+00
1.043220710754394531e+01
7.976941108703613281e+00
1.294404315948486328e+01
3.656079769134521484e+00
1.108963298797607422e+01
1.100810527801513672e+01
1.068826007843017578e+01
1.326258087158203125e+01
8.662310600280761719e+00
9.896556854248046875e+00
1.206165313720703125e+01
1.364347076416015625e+01
1.645894432067871094e+01
1.112522125244140625e+01
1.338018798828125000e+01
1.155376434326171875e+01
1.251036357879638672e+01
9.361529350280761719e+00
4.595322132110595703e+00
1.166934871673583984e+01
1.160972690582275391e+01
9.845443725585937500e+00
4.422667503356933594e+00
1.237649059295654297e+01
1.579585742950439453e+01
8.670672416687011719e+00
9.282746315002441406e+00
9.098191261291503906e+00
1.098522853851318359e+01
8.914114952087402344e+00
3.795811176300048828e+00
1.092041397094726562e+01
1.160381793975830078e+01
8.179850578308105469e+00
1.099705505371093750e+01
1.054571914672851562e+01
8.347118377685546875e+00
1.094807910919189453e+01
8.874321937561035156e+00
1.133973598480224609e+01
1.452588081359863281e+01
8.067111968994140625e+00
1.553566455841064453e+01
1.090352344512939453e+01
1.070503520965576172e+01
1.112699890136718750e+01
1.452221965789794922e+01
1.063268184661865234e+01
1.094418430328369141e+01
7.211623191833496094e+00
1.453750514984130859e+01
9.708045959472656250e+00
1.522366523742675781e+01
7.900881290435791016e+00
1.144876480102539062e+01
1.082950401306152344e+01
9.248123168945312500e+00
1.168048572540283203e+01
9.967646598815917969e+00
3.343329906463623047e+00
3.559341430664062500e+00
1.202400493621826172e+01
1.180526351928710938e+01
1.356465339660644531e+01
1.142516613006591797e+01
1.207749652862548828e+01
8.798678398132324219e+00
8.814583778381347656e+00
1.005932140350341797e+01
8.782930374145507812e+00
1.119358062744140625e+01
9.224657058715820312e+00
6.798484802246093750e+00
1.068198108673095703e+01
1.516310691833496094e+01
