1.489861965179443359e+01
4.012092590332031250e+00
1.086871814727783203e+01
9.893737792968750000e+00
1.112370872497558594e+01
1.254527664184570312e+01
1.075761699676513672e+01
1.105207538604736328e+01
1.102968215942382812e+01
1.012559986114501953e+01
1.164719581604003906e+01
1.073588848114013672e+01
1.168465900421142578e+01
1.222464370727539062e+01
1.535442733764648438e+01
8.923470497131347656e+00
1.004544544219970703e+01
1.300411796569824219e+01
1.046499919891357422e+01
9.529598236083984375e+00
1.008972549438476562e+01
1.309765243530273438e+01
1.073378276824951172e+01
1.105597782135009766e+01
9.258836746215820312e+00
4.820894718170166016e+00
9.378794670104980469e+00
1.250718688964843750e+01
1.085167980194091797e+01
1.272050189971923828e+01
1.229730224609375000e+01
1.003067398071289062e+01
1.212566089630126953e+01
1.112403869628906250e+01
8.038347244262695312e+00
1.041231632232666016e+01
1.178555870056152344e+01
9.794636726379394531e+00
1.416673564910888672e+01
1.147996139526367188e+01
1.073936367034912109e+01
5.494603633880615234e+00
1.144280910491943359e+01
1.292227268218994141e+01
1.031472206115722656e+01
1.121155834197998047e+01
1.162918853759765625e+01
8.783778190612792969e+00
1.057779026031494141e+01
1.132122993469238281e+01
4.195601940155029297e+00
9.670998573303222656e+00
1.209381484985351562e+01
8.171578407287597656e+00
9.841649055480957031e+00
1.128211498260498047e+01
1.249309825897216797e+01
9.183596611022949219e+00
8.611867904663085938e+00
1.241752433776855469e+01
1.129283237457275391e+01
3.202334642410278320e+00
1.023842239379882812e+01
1.292854595184326172e+01
9.530483245849609375e+00
1.093221092224121094e+01
1.137147235870361328e+01
9.153587341308593750e+00
1.393201446533203125e+01
1.184327507019042969e+01
1.137438488006591797e+01
1.134288978576660156e+01
1.251425838470458984e+01
1.085156345367431641e+01
1.497086906433105469e+01
1.222438907623291016e+01
1.509802913665771484e+01
4.412571907043457031e+00
9.387639045715332031e+00
7.736578464508056641e+00
1.235789012908935547e+01
1.264461898803710938e+01
4.607681274414062500e+00
8.906593322753906250e+00
1.485636711120605469e+01
5.324762344360351562e+00
1.042540359497070312e+01
9.194313049316406250e+00
1.056302833557128906e+01
3.488644599914550781e+00
6.729256629943847656e+00
9.245059013366699219e+00
1.069542598724365234e+01
9.912034988403320312e+00
1.127109050750732422e+01
9.074241638183593750e+00
1.027902317047119141e+01
1.179022598266601562e+01
1.035400485992431641e+01
8.705751419067382812e+00
3.332013607025146484e+00
1.175301933288574219e+01
1.146137332916259766e+01
9.779454231262207031e+00
1.143844318389892578e+01
9.998508453369140625e+00
1.282176589965820312e+01
1.233013725280761719e+01
8.162249565124511719e+00
9.679578781127929688e+00
9.039735794067382812e+00
1.067606830596923828e+01
1.059687995910644531e+01
1.023909759521484375e+01
7.062047481536865234e+00
1.238918018341064453e+01
1.277059745788574219e+01
1.064220333099365234e+01
1.052151775360107422e+01
1.073315525054931641e+01
1.150882244110107422e+01
4.754287242889404297e+00
1.161595153808593750e+01
9.365993499755859375e+00
9.460146903991699219e+00
1.147134685516357422e+01
1.346723747253417969e+01
6.939475059509277344e+00
1.008159923553466797e+01
1.219516372680664062e+01
1.205621051788330078e+01
3.832036733627319336e+00
1.436956501007080078e+01
1.187361145019531250e+01
1.209690952301025391e+01
9.118185997009277344e+00
1.239160728454589844e+01
1.141289710998535156e+01
1.078628158569335938e+01
1.422646045684814453e+01
9.838976860046386719e+00
1.154860591888427734e+01
1.240697574615478516e+01
1.023954582214355469e+01
9.728686332702636719e+00
1.111491775512695312e+01
4.501441478729248047e+00
3.509109258651733398e+00
1.094149494171142578e+01
1.077026367187500000e+01
1.063898372650146484e+01
1.132649803161621094e+01
3.446021556854248047e+00
8.650528907775878906e+00
9.800319671630859375e+00
7.487995147705078125e+00
8.168227195739746094e+00
1.031698417663574219e+01
1.041710948944091797e+01
1.137126159667968750e+01
1.223820686340332031e+01
3.533618450164794922e+00
1.217489147186279297e+01
9.401131629943847656e+00
1.127181053161621094e+01
7.184073925018310547e+00
9.380267143249511719e+00
3.677979707717895508e+00
1.059695816040039062e+01
1.273857307434082031e+01
7.891049861907958984e+00
1.021267795562744141e+01
1.243741989135742188e+01
9.061640739440917969e+00
1.145676136016845703e+01
1.251900863647460938e+01
1.452850723266601562e+01
1.385236072540283203e+01
5.504949569702148438e+00
1.349537658691406250e+01
1.065744972229003906e+01
7.157459259033203125e+00
4.398699760437011719e+00
1.055154132843017578e+01
1.228197956085205078e+01
3.736405134201049805e+00
8.371093750000000000e+00
1.324427509307861328e+01
1.189417171478271484e+01
1.312824630737304688e+01
1.381900691986083984e+01
1.395457649230957031e+01
1.152471542358398438e+01
1.129452896118164062e+01
8.438818931579589844e+00
1.643640327453613281e+01
1.183914756774902344e+01
6.278151035308837891e+00
1.309973049163818359e+01
1.001742744445800781e+01
1.376330089569091797e+01
1.021140289306640625e+01
1.225959110260009766e+01
1.126954650878906250e+01
9.913728713989257812e+00
1.463711452484130859e+01
9.375784873962402344e+00
1.049135589599609375e+01
7.745950698852539062e+00
3.627686262130737305e+00
1.064691448211669922e+01
1.124802970886230469e+01
8.932696342468261719e+00
1.098343372344970703e+01
1.292240333557128906e+01
1.180749320983886719e+01
1.172390079498291016e+01
9.099976539611816406e+00
1.063471031188964844e+01
1.072290325164794922e+01
1.029693126678466797e+01
7.462517261505126953e+00
1.318108272552490234e+01
1.141473484039306641e+01
9.089035034179687500e+00
8.421463012695312500e+00
1.236527633666992188e+01
1.378298950195312500e+01
1.408398818969726562e+01
1.073373413085937500e+01
8.404644966125488281e+00
7.483261585235595703e+00
8.173693656921386719e+00
1.212254238128662109e+01
1.420573997497558594e+01
1.017981243133544922e+01
1.176250648498535156e+01
9.186661720275878906e+00
1.426040744781494141e+01
9.871110916137695312e+00
1.598174953460693359e+01
8.355463027954101562e+00
7.207471847534179688e+00
9.899167060852050781e+00
1.248121166229248047e+01
1.083464622497558594e+01
7.371873378753662109e+00
1.123166847229003906e+01
1.072715568542480469e+01
8.556859970092773438e+00
