1.070969295501708984e+01
9.508579254150390625e+00
1.084218025207519531e+01
9.434051513671875000e+00
9.655166625976562500e+00
1.040469837188720703e+01
1.123208999633789062e+01
9.109293937683105469e+00
9.519869804382324219e+00
9.168234825134277344e+00
4.465260028839111328e+00
3.397400617599487305e+00
1.093012809753417969e+01
1.289431571960449219e+01
9.303409576416015625e+00
1.127530002593994141e+01
8.875881195068359375e+00
9.427414894104003906e+00
3.942805051803588867e+00
1.203090763092041016e+01
1.018058204650878906e+01
1.065031909942626953e+01
1.079078292846679688e+01
8.260115623474121094e+00
1.052512454986572266e+01
1.117327785491943359e+01
9.414294242858886719e+00
1.180341911315917969e+01
1.186150074005126953e+01
4.462703704833984375e+00
9.080636024475097656e+00
1.511526584625244141e+01
1.023651027679443359e+01
9.032168388366699219e+00
1.135672187805175781e+01
8.286366462707519531e+00
8.472288131713867188e+00
1.064643001556396484e+01
1.098698616027832031e+01
9.303049087524414062e+00
1.223480701446533203e+01
1.138508892059326172e+01
1.170162010192871094e+01
1.172098064422607422e+01
1.363223934173583984e+01
7.899908065795898438e+00
1.132651996612548828e+01
7.150292396545410156e+00
8.250208854675292969e+00
1.110501003265380859e+01
7.306698322296142578e+00
4.215881347656250000e+00
1.001381015777587891e+01
1.359558773040771484e+01
7.219581604003906250e+00
8.550081253051757812e+00
1.040224742889404297e+01
9.384858131408691406e+00
5.798900604248046875e+00
8.674056053161621094e+00
9.006158828735351562e+00
9.673673629760742188e+00
1.124766921997070312e+01
9.851163864135742188e+00
9.770314216613769531e+00
1.241274070739746094e+01
8.889614105224609375e+00
1.156196594238281250e+01
3.202450037002563477e+00
1.200227832794189453e+01
3.603774547576904297e+00
4.124990463256835938e+00
1.125002098083496094e+01
8.811736106872558594e+00
9.721602439880371094e+00
1.075527477264404297e+01
1.133021163940429688e+01
8.842447280883789062e+00
1.162821578979492188e+01
1.026422214508056641e+01
1.028216743469238281e+01
9.711117744445800781e+00
1.138408565521240234e+01
1.227757453918457031e+01
1.252895736694335938e+01
7.468054771423339844e+00
8.583832740783691406e+00
1.228996467590332031e+01
8.315172195434570312e+00
1.328641128540039062e+01
3.422988176345825195e+00
5.161690235137939453e+00
1.139431095123291016e+01
6.428052425384521484e+00
5.236355781555175781e+00
1.130136013031005859e+01
8.345223426818847656e+00
1.208420467376708984e+01
1.315327548980712891e+01
7.253876209259033203e+00
4.196672439575195312e+00
1.061653995513916016e+01
3.620464086532592773e+00
1.111210918426513672e+01
8.779109001159667969e+00
8.983933448791503906e+00
1.460678195953369141e+01
9.719099044799804688e+00
1.166328716278076172e+01
9.309050559997558594e+00
1.123033428192138672e+01
1.031902313232421875e+01
1.068577098846435547e+01
8.758428573608398438e+00
1.323853015899658203e+01
1.285025978088378906e+01
1.139365768432617188e+01
8.734191894531250000e+00
9.373012542724609375e+00
1.005070400238037109e+01
9.641726493835449219e+00
1.080688095092773438e+01
5.043625354766845703e+00
9.551266670227050781e+00
1.178854084014892578e+01
1.037492942810058594e+01
9.965859413146972656e+00
9.550583839416503906e+00
1.098874950408935547e+01
1.374380016326904297e+01
1.116513538360595703e+01
9.875044822692871094e+00
1.120985126495361328e+01
1.119245052337646484e+01
7.824353694915771484e+00
9.270578384399414062e+00
3.773144006729125977e+00
9.420149803161621094e+00
1.138014698028564453e+01
4.080595016479492188e+00
1.047394180297851562e+01
6.891685485839843750e+00
9.118473052978515625e+00
9.618161201477050781e+00
8.922547340393066406e+00
3.207642078399658203e+00
1.073288345336914062e+01
7.842070102691650391e+00
1.431101417541503906e+01
1.439302253723144531e+01
3.444941043853759766e+00
8.576992988586425781e+00
1.004192638397216797e+01
8.488079071044921875e+00
1.393723297119140625e+01
7.878793716430664062e+00
1.124463844299316406e+01
8.330386161804199219e+00
6.623226642608642578e+00
1.080704593658447266e+01
1.301066303253173828e+01
1.106605529785156250e+01
1.089134216308593750e+01
9.982642173767089844e+00
8.211780548095703125e+00
1.244174289703369141e+01
1.115298271179199219e+01
4.047712326049804688e+00
7.334444522857666016e+00
1.225368690490722656e+01
1.322173786163330078e+01
1.160708045959472656e+01
7.170412063598632812e+00
1.049000835418701172e+01
1.306318473815917969e+01
1.088088226318359375e+01
3.952100753784179688e+00
1.100382614135742188e+01
1.125194740295410156e+01
8.592957496643066406e+00
1.196144485473632812e+01
1.065139865875244141e+01
1.217606830596923828e+01
8.272127151489257812e+00
7.505587577819824219e+00
1.149425983428955078e+01
9.324698448181152344e+00
1.048448181152343750e+01
1.186123275756835938e+01
9.392290115356445312e+00
1.618979263305664062e+01
1.311271667480468750e+01
9.516069412231445312e+00
7.943471908569335938e+00
1.191300868988037109e+01
1.193200206756591797e+01
8.234988212585449219e+00
9.013048171997070312e+00
8.919851303100585938e+00
7.471982479095458984e+00
1.204924869537353516e+01
1.096153068542480469e+01
1.048118972778320312e+01
7.977249622344970703e+00
1.202101421356201172e+01
1.155151081085205078e+01
8.347747802734375000e+00
1.051017951965332031e+01
1.026145267486572266e+01
1.050495338439941406e+01
1.082340717315673828e+01
7.627707958221435547e+00
1.351649761199951172e+01
1.333745479583740234e+01
9.893952369689941406e+00
1.417192840576171875e+01
9.657078742980957031e+00
1.175622653961181641e+01
8.685342788696289062e+00
1.080891609191894531e+01
8.436761856079101562e+00
1.072916221618652344e+01
1.196472644805908203e+01
1.114667987823486328e+01
1.357705020904541016e+01
1.159688758850097656e+01
7.012585163116455078e+00
5.175561428070068359e+00
1.014465141296386719e+01
1.250365543365478516e+01
1.146900177001953125e+01
1.418571853637695312e+01
1.140347480773925781e+01
9.364012718200683594e+00
1.007813835144042969e+01
1.019287490844726562e+01
1.212672328948974609e+01
1.181145000457763672e+01
1.080669116973876953e+01
1.243921089172363281e+01
9.378746032714843750e+00
1.157330799102783203e+01
1.425769138336181641e+01
5.525839328765869141e+00
1.409933471679687500e+01
1.137087821960449219e+01
1.073261833190917969e+01
1.326663875579833984e+01
1.114554214477539062e+01
1.178365898132324219e+01
