1.224794673919677734e+01
5.497983455657958984e+00
1.209304809570312500e+01
1.005758476257324219e+01
1.027491092681884766e+01
1.001610088348388672e+01
1.010594367980957031e+01
1.076189804077148438e+01
1.375146007537841797e+01
1.029995155334472656e+01
4.083458423614501953e+00
1.099918842315673828e+01
9.431900024414062500e+00
7.345829486846923828e+00
3.781758785247802734e+00
8.262029647827148438e+00
1.179737758636474609e+01
7.617863178253173828e+00
9.945383071899414062e+00
9.838748931884765625e+00
1.008608531951904297e+01
1.418615055084228516e+01
1.225602912902832031e+01
8.109610557556152344e+00
8.274740219116210938e+00
9.923844337463378906e+00
9.102534294128417969e+00
3.805643320083618164e+00
1.260115909576416016e+01
1.269391822814941406e+01
9.194134712219238281e+00
7.793375968933105469e+00
9.093937873840332031e+00
8.193642616271972656e+00
1.194613361358642578e+01
1.047498130798339844e+01
7.806530475616455078e+00
9.881288528442382812e+00
4.157062530517578125e+00
1.245484542846679688e+01
1.385028171539306641e+01
1.252890110015869141e+01
3.669557332992553711e+00
1.186630153656005859e+01
1.192128467559814453e+01
8.332384109497070312e+00
1.020373821258544922e+01
1.078893852233886719e+01
4.497415065765380859e+00
4.768840312957763672e+00
1.107833576202392578e+01
1.283898067474365234e+01
1.195572280883789062e+01
1.394235897064208984e+01
1.094985961914062500e+01
1.291933727264404297e+01
1.296160984039306641e+01
1.132891750335693359e+01
1.038183403015136719e+01
1.163481712341308594e+01
1.036466407775878906e+01
8.398022651672363281e+00
3.948168516159057617e+00
1.172808647155761719e+01
9.254011154174804688e+00
3.724425077438354492e+00
9.569286346435546875e+00
1.379142856597900391e+01
1.170487785339355469e+01
9.775104522705078125e+00
1.064728069305419922e+01
1.066908359527587891e+01
1.301293087005615234e+01
9.537977218627929688e+00
1.075491523742675781e+01
9.840668678283691406e+00
1.067467403411865234e+01
8.840252876281738281e+00
9.276130676269531250e+00
1.241058254241943359e+01
1.063977622985839844e+01
5.682963371276855469e+00
6.315420150756835938e+00
1.227040958404541016e+01
1.098000812530517578e+01
1.054045295715332031e+01
1.239464282989501953e+01
1.101564407348632812e+01
1.057235145568847656e+01
9.967130661010742188e+00
1.297232341766357422e+01
1.007437705993652344e+01
1.197995567321777344e+01
9.903891563415527344e+00
1.346627235412597656e+01
1.273110103607177734e+01
1.416783905029296875e+01
9.137150764465332031e+00
1.490250778198242188e+01
8.373172760009765625e+00
4.253989219665527344e+00
7.379733562469482422e+00
1.141320896148681641e+01
9.114208221435546875e+00
3.607885837554931641e+00
1.245305252075195312e+01
7.548599243164062500e+00
1.053613376617431641e+01
9.868811607360839844e+00
1.182971572875976562e+01
1.231447505950927734e+01
1.140587234497070312e+01
8.810601234436035156e+00
1.320502567291259766e+01
1.247247791290283203e+01
5.279881954193115234e+00
1.146699905395507812e+01
8.906481742858886719e+00
1.516687679290771484e+01
1.201225852966308594e+01
1.183810329437255859e+01
1.305505752563476562e+01
1.046658706665039062e+01
9.022966384887695312e+00
1.156070613861083984e+01
1.136868858337402344e+01
1.202315330505371094e+01
1.402344608306884766e+01
7.757425785064697266e+00
1.172583103179931641e+01
1.396681118011474609e+01
1.058978939056396484e+01
6.372417926788330078e+00
1.263958740234375000e+01
1.220299434661865234e+01
1.124347019195556641e+01
1.573621749877929688e+01
1.076972103118896484e+01
1.075025463104248047e+01
1.030526733398437500e+01
1.569960880279541016e+01
9.816596984863281250e+00
1.323714637756347656e+01
3.858161687850952148e+00
9.892065048217773438e+00
1.100192070007324219e+01
1.391372585296630859e+01
1.096631240844726562e+01
1.130136203765869141e+01
4.821195125579833984e+00
1.077718925476074219e+01
1.319984912872314453e+01
1.532493019104003906e+01
1.335219001770019531e+01
4.199412345886230469e+00
1.064190006256103516e+01
9.449206352233886719e+00
7.375606060028076172e+00
1.452534294128417969e+01
1.235583400726318359e+01
1.214138126373291016e+01
1.332188510894775391e+01
9.263545036315917969e+00
1.003167057037353516e+01
1.422725582122802734e+01
5.055375099182128906e+00
8.257035255432128906e+00
8.729196548461914062e+00
1.080173969268798828e+01
1.193248748779296875e+01
1.019610881805419922e+01
9.744188308715820312e+00
1.138864803314208984e+01
4.818687438964843750e+00
1.096127700805664062e+01
8.352676391601562500e+00
1.201745414733886719e+01
1.110058593750000000e+01
1.452718257904052734e+01
8.025009155273437500e+00
3.838164091110229492e+00
1.152046680450439453e+01
6.464810371398925781e+00
1.471243476867675781e+01
8.763539314270019531e+00
1.266748046875000000e+01
1.254687500000000000e+01
1.097524547576904297e+01
8.831665039062500000e+00
1.212506389617919922e+01
1.340176868438720703e+01
1.132982158660888672e+01
1.302611923217773438e+01
1.123361778259277344e+01
8.792140007019042969e+00
9.707249641418457031e+00
9.481594085693359375e+00
7.928395271301269531e+00
1.078654956817626953e+01
1.273700332641601562e+01
1.217147254943847656e+01
1.002804565429687500e+01
1.028290367126464844e+01
5.471975326538085938e+00
9.317303657531738281e+00
1.316425228118896484e+01
1.027783775329589844e+01
4.314181804656982422e+00
1.221735191345214844e+01
1.071475315093994141e+01
1.003957366943359375e+01
9.571096420288085938e+00
9.848450660705566406e+00
8.989241600036621094e+00
1.061006355285644531e+01
9.826054573059082031e+00
1.133604431152343750e+01
7.768492221832275391e+00
1.321796703338623047e+01
9.578741073608398438e+00
6.930893421173095703e+00
1.368463706970214844e+01
1.262228775024414062e+01
1.073676490783691406e+01
3.437406539916992188e+00
1.147680377960205078e+01
1.203840827941894531e+01
1.434491634368896484e+01
1.126424980163574219e+01
1.406430912017822266e+01
4.056313037872314453e+00
1.207172775268554688e+01
9.736173629760742188e+00
1.164460086822509766e+01
1.050993537902832031e+01
1.166787815093994141e+01
9.388579368591308594e+00
5.602048397064208984e+00
1.193416309356689453e+01
1.431370639801025391e+01
1.336276721954345703e+01
1.395741748809814453e+01
6.694452285766601562e+00
1.070437335968017578e+01
1.026402759552001953e+01
1.299899768829345703e+01
1.243808555603027344e+01
1.336606693267822266e+01
6.195408344268798828e+00
1.141498565673828125e+01
