6.609973907470703125e+00
8.689782142639160156e+00
1.192486286163330078e+01
1.022508049011230469e+01
1.246084213256835938e+01
1.269353103637695312e+01
1.325464439392089844e+01
8.968773841857910156e+00
1.257250595092773438e+01
1.135259723663330078e+01
1.264342784881591797e+01
9.742151260375976562e+00
1.091906166076660156e+01
1.001629161834716797e+01
1.219198226928710938e+01
1.044270992279052734e+01
1.223145771026611328e+01
1.300526714324951172e+01
7.645401954650878906e+00
5.324225425720214844e+00
9.184444427490234375e+00
1.049789810180664062e+01
8.689517021179199219e+00
9.343708038330078125e+00
1.219687271118164062e+01
9.617049217224121094e+00
1.101034069061279297e+01
1.075289058685302734e+01
1.037319183349609375e+01
9.337036132812500000e+00
1.188417053222656250e+01
8.963549613952636719e+00
4.574284076690673828e+00
1.335974788665771484e+01
8.991790771484375000e+00
1.144587326049804688e+01
9.264700889587402344e+00
1.393215751647949219e+01
1.318367290496826172e+01
4.698844432830810547e+00
1.484518623352050781e+01
1.116209602355957031e+01
1.590973377227783203e+01
1.195670509338378906e+01
1.216391277313232422e+01
1.291232681274414062e+01
9.416992187500000000e+00
1.171867275238037109e+01
1.058932209014892578e+01
1.360548591613769531e+01
1.228259277343750000e+01
1.281882953643798828e+01
1.003676700592041016e+01
9.429580688476562500e+00
1.291279315948486328e+01
1.154193210601806641e+01
8.393248558044433594e+00
1.353322124481201172e+01
1.006642436981201172e+01
9.499690055847167969e+00
1.177341842651367188e+01
9.411522865295410156e+00
1.218295288085937500e+01
8.732191085815429688e+00
1.173598861694335938e+01
1.086053371429443359e+01
1.211414623260498047e+01
1.251380920410156250e+01
1.199717807769775391e+01
1.233117103576660156e+01
9.883022308349609375e+00
7.812067985534667969e+00
1.188879680633544922e+01
1.217865753173828125e+01
1.038228702545166016e+01
1.148001194000244141e+01
9.247776985168457031e+00
1.222549629211425781e+01
6.901198863983154297e+00
9.627648353576660156e+00
1.309985351562500000e+01
1.280358982086181641e+01
5.768855094909667969e+00
5.793180465698242188e+00
1.247541904449462891e+01
1.266834449768066406e+01
1.095840740203857422e+01
1.174361228942871094e+01
1.111359214782714844e+01
1.217853069305419922e+01
1.187660026550292969e+01
1.170440769195556641e+01
1.034453010559082031e+01
1.241840362548828125e+01
1.178671073913574219e+01
1.006403827667236328e+01
8.134422302246093750e+00
1.246842193603515625e+01
1.310436820983886719e+01
1.341062259674072266e+01
1.075431060791015625e+01
8.959932327270507812e+00
1.103975486755371094e+01
1.167418766021728516e+01
1.096851730346679688e+01
1.018091487884521484e+01
1.037644004821777344e+01
1.048257255554199219e+01
1.733854484558105469e+01
1.035925292968750000e+01
3.700415134429931641e+00
1.177821731567382812e+01
1.068581676483154297e+01
1.209709453582763672e+01
8.948417663574218750e+00
1.150040626525878906e+01
1.428816509246826172e+01
1.083581829071044922e+01
1.095194911956787109e+01
1.098319911956787109e+01
1.318917560577392578e+01
1.188697338104248047e+01
4.798936367034912109e+00
1.100529956817626953e+01
1.047072029113769531e+01
9.401828765869140625e+00
1.236502361297607422e+01
1.010872364044189453e+01
1.297586154937744141e+01
9.065604209899902344e+00
7.736637592315673828e+00
1.164014816284179688e+01
1.376085567474365234e+01
1.102139759063720703e+01
8.047131538391113281e+00
1.124713230133056641e+01
4.250112056732177734e+00
9.855472564697265625e+00
8.339327812194824219e+00
9.931940078735351562e+00
1.102820682525634766e+01
1.170704555511474609e+01
5.443142890930175781e+00
1.173398590087890625e+01
1.360291671752929688e+01
1.035978412628173828e+01
1.396494960784912109e+01
1.144393348693847656e+01
1.200656509399414062e+01
1.281665611267089844e+01
1.321935176849365234e+01
1.067569446563720703e+01
1.175764274597167969e+01
1.216758251190185547e+01
1.359086227416992188e+01
8.861960411071777344e+00
1.348691082000732422e+01
1.169809436798095703e+01
1.364534187316894531e+01
5.563765048980712891e+00
1.261558246612548828e+01
1.125645732879638672e+01
1.209504508972167969e+01
1.063856410980224609e+01
1.161300945281982422e+01
1.200741577148437500e+01
1.449345111846923828e+01
1.151516819000244141e+01
3.625345468521118164e+00
5.477306842803955078e+00
1.235973453521728516e+01
1.174642562866210938e+01
1.076342296600341797e+01
9.880775451660156250e+00
8.349461555480957031e+00
9.397414207458496094e+00
1.585257720947265625e+01
1.288302993774414062e+01
1.027653408050537109e+01
1.308308601379394531e+01
1.323591899871826172e+01
1.269104480743408203e+01
1.072138786315917969e+01
8.715225219726562500e+00
1.536224365234375000e+01
8.811334609985351562e+00
1.094102191925048828e+01
6.301642894744873047e+00
1.080141830444335938e+01
1.100472927093505859e+01
9.580160140991210938e+00
1.038604927062988281e+01
8.838105201721191406e+00
9.336615562438964844e+00
9.242381095886230469e+00
1.114776897430419922e+01
5.504714488983154297e+00
1.021786308288574219e+01
6.926981925964355469e+00
4.564173698425292969e+00
1.061244869232177734e+01
1.269768810272216797e+01
9.672187805175781250e+00
1.499043560028076172e+01
5.405861854553222656e+00
1.172080421447753906e+01
1.069210433959960938e+01
8.248008728027343750e+00
1.112840270996093750e+01
1.015855884552001953e+01
1.116404438018798828e+01
8.271896362304687500e+00
8.562134742736816406e+00
1.110258579254150391e+01
1.420577239990234375e+01
9.677547454833984375e+00
1.027240562438964844e+01
4.841865062713623047e+00
1.380682849884033203e+01
1.147769355773925781e+01
6.351324081420898438e+00
1.248956680297851562e+01
9.720799446105957031e+00
9.720324516296386719e+00
3.274225711822509766e+00
8.782856941223144531e+00
1.250629329681396484e+01
9.446905136108398438e+00
1.376303958892822266e+01
9.533699989318847656e+00
7.935766696929931641e+00
1.243421745300292969e+01
9.068773269653320312e+00
8.803301811218261719e+00
1.267410945892333984e+01
1.100560474395751953e+01
1.067833900451660156e+01
7.749784946441650391e+00
1.048503398895263672e+01
1.156956386566162109e+01
1.134012889862060547e+01
1.302378177642822266e+01
4.238161563873291016e+00
8.534645080566406250e+00
9.989118576049804688e+00
1.179029178619384766e+01
8.668068885803222656e+00
1.147211265563964844e+01
1.218661308288574219e+01
1.140891742706298828e+01
