4.990269660949707031e+00
1.207509231567382812e+01
8.218769073486328125e+00
9.078088760375976562e+00
9.170213699340820312e+00
9.125441551208496094e+00
8.460077285766601562e+00
1.419231605529785156e+01
9.589639663696289062e+00
9.436454772949218750e+00
1.137804031372070312e+01
8.788559913635253906e+00
9.412651062011718750e+00
1.237387657165527344e+01
1.226149177551269531e+01
9.443424224853515625e+00
1.059091663360595703e+01
1.035017204284667969e+01
4.475367069244384766e+00
9.658428192138671875e+00
1.057482337951660156e+01
9.840230941772460938e+00
8.388205528259277344e+00
4.555695056915283203e+00
8.009088516235351562e+00
1.088107490539550781e+01
9.188646316528320312e+00
1.247268486022949219e+01
1.211858177185058594e+01
1.020950317382812500e+01
8.906157493591308594e+00
5.923428058624267578e+00
9.899775505065917969e+00
8.884139060974121094e+00
1.262287616729736328e+01
8.834795951843261719e+00
1.245136928558349609e+01
6.460750579833984375e+00
1.387522983551025391e+01
9.837288856506347656e+00
1.078369235992431641e+01
8.703363418579101562e+00
9.385064125061035156e+00
1.064475345611572266e+01
8.570209503173828125e+00
1.099482440948486328e+01
5.602723598480224609e+00
1.266168308258056641e+01
1.089300632476806641e+01
9.303729057312011719e+00
1.086077976226806641e+01
8.640506744384765625e+00
1.011233139038085938e+01
9.257357597351074219e+00
7.715569972991943359e+00
1.134996986389160156e+01
4.082208156585693359e+00
1.167617988586425781e+01
1.186058139801025391e+01
1.151622295379638672e+01
1.129377746582031250e+01
8.652786254882812500e+00
8.945569038391113281e+00
1.087384223937988281e+01
8.252105712890625000e+00
1.033822250366210938e+01
1.271296596527099609e+01
1.022767448425292969e+01
1.119990730285644531e+01
1.370241928100585938e+01
4.523280620574951172e+00
1.029351043701171875e+01
1.043993186950683594e+01
1.136431884765625000e+01
1.168020057678222656e+01
1.035859012603759766e+01
1.258908081054687500e+01
4.657159328460693359e+00
9.658571243286132812e+00
9.298240661621093750e+00
1.052203273773193359e+01
1.180331993103027344e+01
4.344928264617919922e+00
1.253996944427490234e+01
1.221430587768554688e+01
1.103235626220703125e+01
7.702699661254882812e+00
1.116833209991455078e+01
9.670843124389648438e+00
8.870553970336914062e+00
1.219764232635498047e+01
9.160852432250976562e+00
8.788969039916992188e+00
8.957068443298339844e+00
1.016603946685791016e+01
9.257966041564941406e+00
1.081933212280273438e+01
1.130517196655273438e+01
1.122309684753417969e+01
4.076175689697265625e+00
1.190630054473876953e+01
9.697683334350585938e+00
9.546100616455078125e+00
9.128818511962890625e+00
4.488420009613037109e+00
1.121912479400634766e+01
1.079865264892578125e+01
9.783501625061035156e+00
7.127901554107666016e+00
1.041762924194335938e+01
9.404497146606445312e+00
1.040001869201660156e+01
9.316914558410644531e+00
9.128778457641601562e+00
4.055000305175781250e+00
1.079508972167968750e+01
9.510369300842285156e+00
1.018540954589843750e+01
1.006572246551513672e+01
9.926743507385253906e+00
1.015132236480712891e+01
8.689240455627441406e+00
4.501599311828613281e+00
1.022059535980224609e+01
8.967323303222656250e+00
1.222076606750488281e+01
8.503129005432128906e+00
8.322729110717773438e+00
1.227041530609130859e+01
9.303729057312011719e+00
1.080846691131591797e+01
1.017510318756103516e+01
5.854354858398437500e+00
1.131626319885253906e+01
1.113071632385253906e+01
8.944519996643066406e+00
9.727406501770019531e+00
8.772253036499023438e+00
7.918100833892822266e+00
1.058097648620605469e+01
8.115387916564941406e+00
9.921482086181640625e+00
8.040412902832031250e+00
8.583592414855957031e+00
9.069804191589355469e+00
9.376383781433105469e+00
1.153559398651123047e+01
1.185290336608886719e+01
9.828759193420410156e+00
1.166795539855957031e+01
8.680174827575683594e+00
9.857472419738769531e+00
5.060592651367187500e+00
1.106862068176269531e+01
1.092291641235351562e+01
9.452712059020996094e+00
9.424814224243164062e+00
1.018250751495361328e+01
8.234163284301757812e+00
1.088881683349609375e+01
8.189774513244628906e+00
1.007327938079833984e+01
6.216600418090820312e+00
1.314964103698730469e+01
1.019526386260986328e+01
9.459750175476074219e+00
1.134602737426757812e+01
9.052302360534667969e+00
1.112120914459228516e+01
8.107262611389160156e+00
1.178782749176025391e+01
1.113700294494628906e+01
1.148242282867431641e+01
9.187075614929199219e+00
1.149613666534423828e+01
8.107509613037109375e+00
1.287898540496826172e+01
1.002833461761474609e+01
1.180747985839843750e+01
9.061210632324218750e+00
1.314366340637207031e+01
1.131698894500732422e+01
6.756911754608154297e+00
1.057122230529785156e+01
1.333023643493652344e+01
9.343342781066894531e+00
1.287103939056396484e+01
9.428697586059570312e+00
1.026779079437255859e+01
1.202412033081054688e+01
1.110497951507568359e+01
1.005417728424072266e+01
8.808349609375000000e+00
8.917971611022949219e+00
1.042130661010742188e+01
1.048130989074707031e+01
9.736907005310058594e+00
1.029453849792480469e+01
1.037174797058105469e+01
1.114312267303466797e+01
1.138176250457763672e+01
9.948800086975097656e+00
1.093046092987060547e+01
9.488115310668945312e+00
5.530741214752197266e+00
1.405202102661132812e+01
8.851045608520507812e+00
1.345322322845458984e+01
4.101975917816162109e+00
1.044708824157714844e+01
9.656131744384765625e+00
1.073909664154052734e+01
1.003291416168212891e+01
8.801795959472656250e+00
1.160103702545166016e+01
5.279433727264404297e+00
9.677659988403320312e+00
1.023830127716064453e+01
1.039710426330566406e+01
1.013204574584960938e+01
1.177888584136962891e+01
1.233837413787841797e+01
9.292823791503906250e+00
8.794434547424316406e+00
1.318969440460205078e+01
9.576213836669921875e+00
1.199761867523193359e+01
7.466597080230712891e+00
1.067531108856201172e+01
4.307624816894531250e+00
1.333100986480712891e+01
8.715885162353515625e+00
1.172880077362060547e+01
1.325200366973876953e+01
5.024825572967529297e+00
1.231800651550292969e+01
1.025683593750000000e+01
1.017992687225341797e+01
1.142341613769531250e+01
1.029871177673339844e+01
9.659917831420898438e+00
1.180437564849853516e+01
9.295126914978027344e+00
1.037978458404541016e+01
6.913799762725830078e+00
1.109170722961425781e+01
1.017085933685302734e+01
1.088126468658447266e+01
1.092693805694580078e+01
1.183888530731201172e+01
