8.774465560913085938e+00
1.268625450134277344e+01
9.304909706115722656e+00
3.687659502029418945e+00
1.087668323516845703e+01
4.196151733398437500e+00
1.316895675659179688e+01
1.039235210418701172e+01
1.031691551208496094e+01
9.896159172058105469e+00
3.416305303573608398e+00
7.418869972229003906e+00
8.902890205383300781e+00
1.378964519500732422e+01
1.200107383728027344e+01
4.702476024627685547e+00
1.371657180786132812e+01
1.000106430053710938e+01
1.015399742126464844e+01
9.833911895751953125e+00
8.107357978820800781e+00
8.058296203613281250e+00
1.024168395996093750e+01
9.915620803833007812e+00
8.849603652954101562e+00
7.728252410888671875e+00
8.241278648376464844e+00
1.147259807586669922e+01
8.617598533630371094e+00
9.194328308105468750e+00
1.061842346191406250e+01
9.250790596008300781e+00
7.650123119354248047e+00
3.565066099166870117e+00
8.767498016357421875e+00
4.079389095306396484e+00
8.390746116638183594e+00
1.149878597259521484e+01
1.099196052551269531e+01
1.048571777343750000e+01
1.147196102142333984e+01
9.482901573181152344e+00
9.751417160034179688e+00
7.264442920684814453e+00
9.968911170959472656e+00
7.702994823455810547e+00
1.015083789825439453e+01
1.162628364562988281e+01
6.068997383117675781e+00
9.813774108886718750e+00
9.241466522216796875e+00
3.654885292053222656e+00
1.170829868316650391e+01
1.062907695770263672e+01
1.037854862213134766e+01
8.247405052185058594e+00
1.048735713958740234e+01
8.749841690063476562e+00
9.759756088256835938e+00
7.974646091461181641e+00
5.093633174896240234e+00
7.866967678070068359e+00
6.173919200897216797e+00
1.251433849334716797e+01
1.063911724090576172e+01
7.534177780151367188e+00
1.101883792877197266e+01
4.091479778289794922e+00
6.333900451660156250e+00
7.802313327789306641e+00
9.804025650024414062e+00
1.165366649627685547e+01
9.986789703369140625e+00
1.306557941436767578e+01
8.268579483032226562e+00
1.060779285430908203e+01
1.067659282684326172e+01
1.130885791778564453e+01
1.119802284240722656e+01
1.191567897796630859e+01
8.626816749572753906e+00
1.198385429382324219e+01
8.726198196411132812e+00
5.965534210205078125e+00
9.569408416748046875e+00
1.085145568847656250e+01
1.133335971832275391e+01
9.274180412292480469e+00
1.314064025878906250e+01
9.023224830627441406e+00
1.062739276885986328e+01
1.239947414398193359e+01
1.006519317626953125e+01
7.884015083312988281e+00
1.266969680786132812e+01
7.419781684875488281e+00
8.242879867553710938e+00
1.134489154815673828e+01
1.014385700225830078e+01
6.890057086944580078e+00
1.048042106628417969e+01
1.007002353668212891e+01
1.461112308502197266e+01
9.637263298034667969e+00
1.207054233551025391e+01
1.228577327728271484e+01
1.158998584747314453e+01
1.179232311248779297e+01
1.195890998840332031e+01
8.964036941528320312e+00
4.683896541595458984e+00
1.124804592132568359e+01
5.890013217926025391e+00
8.273357391357421875e+00
1.211543655395507812e+01
8.258097648620605469e+00
1.017841911315917969e+01
1.243138790130615234e+01
1.084158515930175781e+01
1.090047359466552734e+01
4.811290264129638672e+00
9.193301200866699219e+00
9.590344429016113281e+00
8.361288070678710938e+00
1.032839870452880859e+01
1.138237571716308594e+01
1.103081130981445312e+01
1.147325038909912109e+01
1.261284065246582031e+01
5.124198436737060547e+00
1.085200405120849609e+01
1.339269638061523438e+01
9.450023651123046875e+00
1.005939197540283203e+01
1.472165012359619141e+01
1.285580158233642578e+01
5.448361873626708984e+00
1.105994415283203125e+01
7.691546916961669922e+00
1.007649898529052734e+01
7.908659458160400391e+00
8.793282508850097656e+00
9.482245445251464844e+00
9.295852661132812500e+00
1.448664951324462891e+01
8.684574127197265625e+00
1.046285343170166016e+01
1.109284496307373047e+01
9.911572456359863281e+00
5.740217208862304688e+00
1.198396205902099609e+01
1.167875289916992188e+01
9.319799423217773438e+00
1.087557888031005859e+01
1.433157253265380859e+01
1.290181636810302734e+01
9.674804687500000000e+00
1.147963047027587891e+01
1.351172924041748047e+01
9.281577110290527344e+00
1.020182609558105469e+01
9.477252960205078125e+00
1.018418025970458984e+01
1.257033538818359375e+01
1.428798294067382812e+01
1.025987815856933594e+01
7.371393203735351562e+00
1.019812774658203125e+01
9.934605598449707031e+00
4.623062133789062500e+00
1.120588874816894531e+01
1.214918136596679688e+01
9.841818809509277344e+00
1.141351890563964844e+01
1.154624366760253906e+01
1.436404991149902344e+01
1.614361953735351562e+01
1.204800510406494141e+01
8.278656959533691406e+00
1.056829452514648438e+01
1.308108615875244141e+01
1.134402275085449219e+01
1.082055091857910156e+01
1.028891658782958984e+01
1.048501873016357422e+01
8.171231269836425781e+00
9.453293800354003906e+00
3.547743320465087891e+00
4.204579830169677734e+00
1.014674663543701172e+01
3.849031209945678711e+00
1.104480838775634766e+01
1.052769660949707031e+01
1.025801563262939453e+01
1.089704227447509766e+01
7.131840229034423828e+00
1.087281417846679688e+01
5.912102222442626953e+00
7.274859905242919922e+00
1.178162765502929688e+01
8.197125434875488281e+00
1.103505992889404297e+01
1.224191951751708984e+01
8.696189880371093750e+00
1.080778980255126953e+01
9.463742256164550781e+00
4.927331924438476562e+00
1.149855327606201172e+01
1.113713645935058594e+01
8.506134986877441406e+00
8.944715499877929688e+00
1.026480007171630859e+01
1.280967807769775391e+01
8.713796615600585938e+00
1.161001300811767578e+01
1.020786380767822266e+01
1.239683055877685547e+01
1.085577201843261719e+01
1.115970993041992188e+01
1.072799873352050781e+01
1.100672435760498047e+01
1.229910755157470703e+01
1.058584690093994141e+01
1.069899654388427734e+01
8.771139144897460938e+00
1.178955841064453125e+01
1.037783432006835938e+01
1.307086372375488281e+01
1.216800212860107422e+01
7.123516082763671875e+00
1.061013793945312500e+01
1.106132125854492188e+01
1.158194541931152344e+01
9.680827140808105469e+00
1.305540561676025391e+01
1.119169998168945312e+01
9.706011772155761719e+00
1.033143711090087891e+01
9.019567489624023438e+00
1.069655990600585938e+01
9.618989944458007812e+00
1.342196846008300781e+01
1.231029033660888672e+01
1.076601028442382812e+01
9.421328544616699219e+00
1.081701755523681641e+01
9.257925987243652344e+00
4.898402214050292969e+00
1.060060214996337891e+01
6.371770858764648438e+00
