1.018562412261962891e+01
1.264417552947998047e+01
1.261997604370117188e+01
1.001654911041259766e+01
9.038915634155273438e+00
1.070277881622314453e+01
1.313297462463378906e+01
1.182061767578125000e+01
1.105444240570068359e+01
1.087968635559082031e+01
1.111291217803955078e+01
1.190074348449707031e+01
1.008422565460205078e+01
1.212067031860351562e+01
1.193623924255371094e+01
1.026070976257324219e+01
9.577652931213378906e+00
1.278898811340332031e+01
1.029432582855224609e+01
1.450225639343261719e+01
1.154258251190185547e+01
1.148940658569335938e+01
1.261506652832031250e+01
1.287766551971435547e+01
1.165699195861816406e+01
7.724128723144531250e+00
4.338616371154785156e+00
1.258339214324951172e+01
1.099240207672119141e+01
1.365716075897216797e+01
7.514069557189941406e+00
8.097734451293945312e+00
9.091948509216308594e+00
1.117764282226562500e+01
1.340129947662353516e+01
4.666304588317871094e+00
9.695808410644531250e+00
1.111443901062011719e+01
3.992180109024047852e+00
8.910902023315429688e+00
8.477928161621093750e+00
1.102529144287109375e+01
1.355749034881591797e+01
1.514693450927734375e+01
4.684539794921875000e+00
9.110974311828613281e+00
7.623791694641113281e+00
9.730927467346191406e+00
6.093411445617675781e+00
1.044174003601074219e+01
1.035024356842041016e+01
1.129653835296630859e+01
1.285978889465332031e+01
1.285278701782226562e+01
8.805779457092285156e+00
9.274591445922851562e+00
1.225637435913085938e+01
1.559612369537353516e+01
1.377682971954345703e+01
9.594212532043457031e+00
1.128418159484863281e+01
1.425352096557617188e+01
3.927994728088378906e+00
1.324780845642089844e+01
9.192564964294433594e+00
3.481566905975341797e+00
1.222292709350585938e+01
8.430621147155761719e+00
9.014778137207031250e+00
1.089886569976806641e+01
9.814573287963867188e+00
1.169824123382568359e+01
1.252676010131835938e+01
7.257127285003662109e+00
1.610474205017089844e+01
1.260419750213623047e+01
7.853186130523681641e+00
1.144296741485595703e+01
3.899632930755615234e+00
1.134253692626953125e+01
1.365831470489501953e+01
4.180494785308837891e+00
1.204528427124023438e+01
4.952188014984130859e+00
9.023200988769531250e+00
1.374077796936035156e+01
9.645923614501953125e+00
1.248402023315429688e+01
1.508876705169677734e+01
1.125818920135498047e+01
8.869291305541992188e+00
1.023717784881591797e+01
9.584856033325195312e+00
1.076739692687988281e+01
4.283652782440185547e+00
1.322275257110595703e+01
8.251278877258300781e+00
4.553317546844482422e+00
3.451969385147094727e+00
1.265905475616455078e+01
4.001553058624267578e+00
9.256695747375488281e+00
1.022951698303222656e+01
1.229535579681396484e+01
7.269035816192626953e+00
9.050259590148925781e+00
1.118243217468261719e+01
1.144773578643798828e+01
7.947521686553955078e+00
7.726696968078613281e+00
1.090251064300537109e+01
1.336454105377197266e+01
8.577932357788085938e+00
1.019166660308837891e+01
1.117939567565917969e+01
1.186218166351318359e+01
1.235189723968505859e+01
8.685084342956542969e+00
5.533943653106689453e+00
1.089685630798339844e+01
9.695472717285156250e+00
1.113581562042236328e+01
7.934526443481445312e+00
1.026488399505615234e+01
9.493206977844238281e+00
7.443112850189208984e+00
9.583440780639648438e+00
9.380185127258300781e+00
1.231798839569091797e+01
7.214105129241943359e+00
1.036263751983642578e+01
1.158985328674316406e+01
1.177913665771484375e+01
1.090622615814208984e+01
1.267798614501953125e+01
1.092960834503173828e+01
1.254415798187255859e+01
1.070723247528076172e+01
3.659779548645019531e+00
1.190575695037841797e+01
9.217971801757812500e+00
1.135232353210449219e+01
4.689894199371337891e+00
1.352209186553955078e+01
1.135309791564941406e+01
9.133100509643554688e+00
3.406784772872924805e+00
1.067445755004882812e+01
1.137474250793457031e+01
5.996754169464111328e+00
1.401374816894531250e+01
1.117224502563476562e+01
7.495158672332763672e+00
1.076288223266601562e+01
9.990131378173828125e+00
1.207427787780761719e+01
8.849815368652343750e+00
1.040073299407958984e+01
6.943241119384765625e+00
1.194374084472656250e+01
1.394808387756347656e+01
1.199514198303222656e+01
1.000065231323242188e+01
1.130468177795410156e+01
5.327898502349853516e+00
1.068813514709472656e+01
3.399500131607055664e+00
1.054432487487792969e+01
1.341908740997314453e+01
1.264051532745361328e+01
1.122212600708007812e+01
9.335251808166503906e+00
1.229137229919433594e+01
1.320481109619140625e+01
1.142908477783203125e+01
8.453308105468750000e+00
3.167549848556518555e+00
9.287724494934082031e+00
4.414780616760253906e+00
9.997283935546875000e+00
1.195508480072021484e+01
5.199526786804199219e+00
1.151367473602294922e+01
1.124322700500488281e+01
1.034894466400146484e+01
9.767732620239257812e+00
1.354823875427246094e+01
5.837064743041992188e+00
1.090462684631347656e+01
1.147111034393310547e+01
1.203364467620849609e+01
1.017898750305175781e+01
1.436773395538330078e+01
1.121317100524902344e+01
1.179225063323974609e+01
1.241314697265625000e+01
9.635778427124023438e+00
9.125034332275390625e+00
8.293698310852050781e+00
1.007842826843261719e+01
9.536272048950195312e+00
8.582119941711425781e+00
4.665974617004394531e+00
1.274520397186279297e+01
9.665307044982910156e+00
7.809720993041992188e+00
4.263046741485595703e+00
1.160592269897460938e+01
1.330279731750488281e+01
1.002721977233886719e+01
1.227868175506591797e+01
9.435443878173828125e+00
1.338720417022705078e+01
1.000587272644042969e+01
1.350435352325439453e+01
1.294958400726318359e+01
9.612106323242187500e+00
8.785861015319824219e+00
1.120590782165527344e+01
1.203121471405029297e+01
1.095377254486083984e+01
8.286280632019042969e+00
5.284243583679199219e+00
1.045134162902832031e+01
1.166551303863525391e+01
8.906824111938476562e+00
1.306819629669189453e+01
9.308389663696289062e+00
8.794986724853515625e+00
9.748682022094726562e+00
1.361445999145507812e+01
1.105305099487304688e+01
8.088598251342773438e+00
9.391150474548339844e+00
6.948235988616943359e+00
1.049251365661621094e+01
9.766407012939453125e+00
9.197412490844726562e+00
1.112222385406494141e+01
1.257706737518310547e+01
1.210146999359130859e+01
1.268218135833740234e+01
1.221760654449462891e+01
8.591164588928222656e+00
1.353660392761230469e+01
8.407608985900878906e+00
9.584269523620605469e+00
1.095678138732910156e+01
1.141391372680664062e+01
9.499130249023437500e+00
